 92753 	 113401
118052 	 113401
 93163 	  94908
 93163 	  94927
 93163 	 117891
 39079 	 117976
 91563 	 106567
 91563 	 117891
130665 	 106567
130665 	 117891
  2986 	  52768
  5543 	  97838
105200 	  62372
 66388 	  95573
 66388 	  80370
110571 	  94927
114621 	 100617
114621 	 117891
114621 	 110641
114621 	  97838
109693 	  95573
 88333 	  15511
 18307 	 106205
 96738 	 110641
  8980 	  96511
  8980 	 117891
  8980 	 117976
129131 	 106567
129131 	 117891
126626 	   9595
126626 	  95182
114379 	 102380
 51213 	  91563
 65408 	  78533
 65408 	  15511
 29716 	  80370
101280 	 106567
101280 	 130665
101280 	   2986
101280 	  91848
101280 	 126626
110268 	 119680
110268 	  95573
110268 	 109693
110268 	 110268
 85402 	  94908
 85402 	  94927
 85402 	 130665
 85402 	   2986
101160 	   5543
127649 	 106567
127649 	  94908
127649 	 117891
127649 	 130665
127649 	 103813
 92865 	  90147
 82503 	 110268
 82503 	 101160
114535 	 119680
114535 	 106302
129859 	 130665
102078 	  95603
 94264 	  94908
 94264 	 110641
113290 	 106567
113290 	 117891
113290 	   2986
113290 	  91848
113290 	 103813
113290 	  90147
113290 	   5646
113290 	  94332
113290 	 102503
122840 	  96511
122840 	 119680
122840 	  97838
122840 	 106205
122840 	  95442
122840 	 102503
108185 	 109693
 99477 	 130665
 99477 	 106205
 99477 	 126626
 99477 	  96113
 99477 	 102503
117951 	 106567
117951 	  94908
117951 	  94927
117951 	 117891
117951 	 110641
117951 	 100909
129134 	  94908
129134 	 117891
129134 	  88333
129134 	 129131
 72459 	 100909
101510 	  29716
 44074 	 117891
127451 	 117976
127451 	 131017
 85890 	  80370
 31770 	 106567
 31770 	 126626
 31770 	 103813
119111 	 109693
119325 	 109693
119325 	 110268
119325 	 101160
119325 	  95603
119325 	 105970
 70646 	 103813
 70646 	 129644
101544 	 113401
101544 	 117976
101544 	 101160
118363 	  39337
118363 	 122840
100782 	 101160
 53106 	 129859
 81306 	 106567
 81306 	  94927
 81306 	 117891
 81306 	 106302
 81306 	 127533
 81306 	 101280
101892 	   2986
101892 	  95603
101892 	 131017
 85972 	 119680
 85972 	 109693
 85972 	  70752
 85972 	 105970
 85972 	 101892
115173 	 101160
104295 	  96511
104295 	  96113
124419 	 113401
124419 	 119680
124419 	 100225
124419 	  95573
124419 	 109693
124419 	  70752
124419 	 130780
124419 	 110268
124419 	 101160
124419 	  95603
124419 	 122840
124419 	 105970
124419 	 131017
124419 	 101892
128492 	 126216
 91637 	  80370
  2332 	  94927
  2332 	 102503
  2332 	  99477
 68681 	   4793
 68681 	 102278
105733 	 125161
  2911 	  62372
  2911 	  18307
 16479 	 125161
 36327 	  95573
 36327 	  80370
 36327 	 101892
130217 	 109693
128762 	  91926
128762 	 122840
128762 	 105970
128762 	 131017
125839 	  97838
125839 	   2986
125839 	  75030
125839 	 110268
125839 	 101160
125839 	 122840
125839 	  53106
 77153 	 101160
 77153 	 105970
124080 	  67846
  8179 	 117081
  8179 	  58481
  8179 	 105815
  2622 	 126869
 97207 	 113401
 97207 	  96511
 97207 	 110641
 97207 	 130665
 97207 	 106302
 97207 	 106205
 97207 	 127533
 97207 	 110571
 97207 	 126626
 97207 	 101280
 97207 	  95442
 97207 	 102503
 97207 	  99477
 97207 	 101510
 97207 	 118363
 97207 	 129434
 97207 	 128492
 97207 	 130217
  5133 	  62372
  5133 	  18307
  5133 	  29716
 51513 	 117976
 51513 	 105200
103133 	 117951
103133 	 126216
107568 	 106567
 96012 	 100225
 96012 	 110268
 96012 	 127649
 96012 	  96113
 96012 	 105970
 96012 	 119111
 96012 	 101892
 96012 	 116522
111666 	 119680
111666 	 100225
111666 	  95573
111666 	 110268
111666 	 122840
111666 	 122251
111666 	 125161
111666 	 116522
129208 	 119680
129208 	 100225
129208 	  95573
129208 	 103133
 98252 	 114535
 73957 	 106567
 73957 	 117891
 73957 	 130665
 73957 	 126626
 73957 	 103813
 73957 	 131017
 73957 	 129434
 73957 	 122251
 69633 	  95603
 69633 	 101892
 79310 	  94908
 79310 	  94927
 79310 	 102380
 79310 	 130665
 79310 	  99902
 79310 	 126626
 79310 	 101280
 79310 	 127451
 79310 	  67362
 79310 	 129434
 79310 	 124080
 79310 	 129208
 79310 	 128974
101365 	  81306
  3208 	   9967
 10274 	   3208
 79768 	 119680
 79768 	 129131
 79768 	  96113
 79768 	 128974
 99159 	   4793
 99159 	 125161
 65192 	   2986
 65192 	 109693
 65192 	  94332
122945 	 117951
119617 	 106567
119617 	  94927
119617 	 129644
119617 	 129434
119617 	 128492
119617 	 111666
107458 	 109693
 99455 	  99902
 99455 	 103813
 99455 	 101160
 99455 	 101510
 99455 	 101544
 99455 	 122251
 99455 	 125161
 99455 	  99159
 99455 	  99455
 96900 	 125161
114259 	 102380
114259 	 117976
114259 	 109693
114259 	  85890
114259 	 116522
119112 	 117976
119112 	 122251
 37464 	  81305
 37464 	  91848
 37464 	 101280
 37464 	 119111
 37464 	 130217
 37464 	 125990
115606 	  94908
115606 	  94927
115606 	  59539
115606 	 117891
115606 	 130665
115606 	  97838
115606 	 106302
115606 	 110571
115606 	 109693
115606 	  99902
115606 	 126626
115606 	 101280
115606 	 101160
115606 	 102503
115606 	 100909
115606 	 128492
115606 	 128762
115606 	  99455
120998 	  15511
120998 	  16479
120998 	  76449
 15972 	  96511
 15972 	  95573
 15972 	 109693
 15972 	  70752
 15972 	 131017
 15972 	 101892
 15972 	 116522
 15972 	 101365
110588 	  97838
 92527 	 101160
108174 	 122840
108174 	 122945
  2251 	 122840
  2251 	   8179
 52224 	 101160
 52224 	 111407
 52224 	 131017
 52224 	 128974
 52224 	 101365
 52224 	 120998
103677 	 100225
103677 	  95573
103677 	 106205
103677 	 109693
103677 	  70752
103677 	 110268
103677 	 101160
103677 	 111407
103677 	 131017
103677 	 101892
103677 	 118768
103677 	 122945
 62649 	   5646
 62649 	 122840
 90137 	 130780
 82318 	  10217
 58632 	  81306
 58632 	  65887
 58632 	  85142
 83275 	 109693
 52786 	   4793
 16404 	 109693
 16404 	 122840
105413 	   8980
105413 	 122840
105413 	 105970
105413 	 131017
 37931 	  80370
 37931 	 101673
111297 	 130387
111297 	 117976
111297 	 119680
111297 	  97838
111297 	 126721
111297 	 101510
111297 	 102383
127221 	 105970
106697 	  62372
106697 	  18307
106697 	  29716
106697 	  15972
 34379 	  94927
 34379 	  96113
 34379 	  99477
 34379 	 101892
 34379 	 116522
 34379 	  98252
 95781 	  96511
 95781 	 117976
 95781 	  96113
 95781 	 122840
 95781 	  98252
124177 	  91848
 65782 	   5103
116898 	 129208
 51767 	   2986
 51767 	 122840
 51767 	  67362
 51767 	  67846
 74885 	 126626
105156 	 130665
105156 	 102503
105156 	 124080
105156 	 120998
119717 	 109693
119717 	  91926
119717 	 122840
 95409 	 110268
 95409 	 101365
124225 	 100909
 99213 	  96113
 99213 	 116522
 98469 	 100617
 98469 	  94927
 98469 	 130665
 98469 	 103813
 98469 	  96113
 98469 	 102503
 98469 	  99477
 98469 	 119325
 98469 	 119311
 98469 	 125990
 98469 	  99213
121308 	 100225
121308 	  95573
121308 	  96738
121308 	 131018
121308 	  95603
121308 	  96113
121308 	 101892
121308 	  96012
121308 	 118768
121308 	 128974
121308 	 127221
121308 	 124177
121308 	 116898
121308 	 119685
 77148 	  94927
 77148 	 130665
 77148 	 106205
 77148 	 110571
 77148 	 130780
 77148 	 126626
 77148 	  95442
 77148 	  99477
 77148 	 116522
 77148 	 128974
 77148 	  99455
 77148 	 117884
 77148 	 124477
 77148 	 124177
 77148 	  95409
 77148 	  98469
 77148 	 128471
  3715 	 116522
115258 	 127533
115258 	  94332
115258 	  67362
115258 	 130217
 87759 	  70752
 87759 	 101160
102995 	 122840
102995 	  97207
102995 	  91880
102995 	  93866
120346 	  96738
120346 	  99159
120346 	 101673
118432 	 122840
118432 	  82318
   514 	  72992
   514 	  93866
 82463 	 117976
 82463 	 130780
 82463 	 105815
107890 	 130665
 95790 	   5543
 95350 	  96738
 95350 	 110268
 95350 	 101160
 95350 	 101673
101486 	 100909
109399 	 117976
109399 	 101160
 86335 	   9967
 86335 	 122251
 61797 	 100909
 61797 	 116522
 61797 	  96223
 94015 	  91563
 94015 	  31490
 94015 	 119325
 94015 	 119311
 94005 	  97838
 94005 	 122840
 94005 	 101510
 94005 	 118432
 65978 	 122840
 65978 	 101892
 65978 	 125161
 65978 	 116522
 65978 	 120998
 65978 	 127221
129747 	 100617
129747 	 130665
129747 	  95573
129747 	 106205
129747 	  95442
129747 	 100782
129747 	 101648
109086 	  62372
109086 	  18307
109086 	  29716
109086 	  15972
 76438 	 109693
 76438 	   8980
 76438 	 123976
122891 	  15511
122891 	  16479
122891 	  76449
122891 	  74286
122891 	  76438
 79171 	  96511
 79171 	 101160
 79171 	  96113
 79171 	 105970
 79171 	 128974
124881 	 106567
124881 	 102380
124881 	 127533
124881 	 101280
105523 	 106567
105523 	 106302
105523 	 103813
105523 	 102078
105523 	 100909
105523 	 128492
105523 	 111666
105523 	 129208
105523 	 110588
105523 	 122600
105523 	 117884
105523 	 101648
105523 	 106697
129421 	 101892
129421 	 116522
129421 	 118768
129421 	 126974
113610 	 110268
113610 	 101673
 98991 	 109693
 98991 	 129421
 61753 	 108127
 93696 	  63310
 93696 	   3208
 93696 	  65978
119884 	 109693
119884 	 130983
119884 	 122840
119884 	 105970
119884 	 101365
119884 	 101673
119884 	 120998
119884 	 129421
110974 	 119680
110974 	 109693
110974 	  93866
110974 	 120998
110974 	  96223
110974 	 123976
100744 	 100617
100744 	 130665
100744 	 106205
100744 	 126626
100744 	 103813
100744 	 119325
100744 	 100782
100744 	 119311
100744 	 124080
100744 	 119617
100744 	  93866
100744 	 101648
100744 	 113610
122171 	 118052
122171 	  95603
122171 	 102078
122171 	 120998
115883 	   8980
115883 	 126216
103973 	   3208
 67672 	 109693
 52250 	  67362
 52250 	 129434
 52250 	 124225
116540 	 102078
116540 	 105970
116540 	 115173
116540 	  91880
116540 	  93866
116540 	 115220
116540 	  28201
116540 	 118432
116540 	  86335
116540 	 123976
116540 	 117950
116540 	 124881
  7303 	 101160
  7303 	 105815
  7303 	 101365
  7303 	  93866
  7303 	  94602
  7303 	 127221
  7303 	 100142
  7303 	 115465
  7303 	 129421
  7303 	 100744
126651 	 130665
126651 	 110571
126651 	 102503
126651 	 126248
 82242 	 119680
 82242 	 109693
 82242 	 101160
 82242 	  91926
 82242 	 122840
 82242 	 105970
 82242 	 107458
 82242 	  96223
113681 	    514
113681 	  94005
 75661 	  97838
 75661 	   2986
 75661 	  95442
 75661 	 122840
 75661 	  67362
 75661 	  73957
 62878 	  94927
 62878 	 122251
 62878 	 101673
 62878 	  93866
 62878 	 129421
100172 	  99477
100172 	  98991
 77586 	 119680
 77586 	 101160
 77586 	 101365
 77586 	  95781
 77586 	 119685
 77586 	  96223
 77586 	 123045
 50309 	 115173
 50309 	 124419
 50309 	 103133
 50309 	  99159
 50309 	 101673
 50309 	  82318
 50309 	 106697
 50309 	 124177
 80885 	  81305
 80885 	 205919
 80885 	  10274
 66886 	  96113
 66886 	 131017
 66886 	 101365
 66886 	  99159
 66886 	 122945
 66886 	 119685
 66886 	 128471
103733 	  62372
103733 	  18307
103733 	  29716
103733 	  15972
103733 	  79171
 74664 	 103813
 74664 	  96113
 74664 	  99477
 74664 	 116522
 74664 	 128471
106244 	 100909
100737 	 100617
100737 	  96113
100737 	  99477
100737 	 101510
100737 	 100782
100737 	 101648
100737 	  99213
100737 	  96223
100737 	  95513
100737 	 122891
100737 	 123022
100737 	 103733
108765 	 106567
108765 	  96511
108765 	 117891
108765 	 119680
108765 	  96113
108765 	 128492
108765 	 111666
108765 	 122600
108765 	 128471
108765 	  96223
108765 	 110974
119270 	 113401
119270 	 119680
119270 	 127242
119270 	 109693
119270 	 107934
119270 	 101892
119270 	 122251
119270 	 119311
119270 	 118768
119270 	 128974
119270 	  99213
119270 	 101809
119270 	 117950
119270 	 100172
119270 	 100737
126646 	 117891
126646 	 100225
126646 	 130780
126646 	 105815
126646 	 114673
126646 	 101365
108254 	 100617
108254 	 119680
108254 	  99902
108254 	  96113
108254 	 126216
108254 	 122891
103038 	 119680
103038 	 122840
103038 	 105970
103038 	 101365
103038 	 107458
126048 	  59539
126048 	 126869
126048 	 125161
126048 	 109370
126048 	 129208
126048 	 126651
126048 	 108160
  7854 	  94332
  7854 	 108765
126574 	  91848
126574 	 122840
126574 	  67846
 66058 	 113401
 66058 	  96511
 66058 	 100225
 66058 	  95573
 66058 	  96738
 66058 	 131018
 66058 	 101160
 66058 	 102078
 66058 	 119111
 66058 	 101544
 66058 	 101892
 66058 	 118768
 66058 	 128974
 66058 	 122945
 66058 	 127221
 66058 	  95781
 66058 	 116898
 66058 	 119685
 66058 	  96223
 66058 	 126974
 66058 	 106244
 94837 	 118052
 94837 	  95573
 94837 	 118768
 94837 	 101365
 94837 	 120998
 94837 	  96223
126274 	 101160
126274 	 116522
126274 	 101365
124069 	 129859
119890 	  62372
119890 	  18307
119890 	  29716
119890 	  15972
119890 	  79171
 41611 	 106567
 41611 	  94908
 41611 	  94927
 41611 	 102380
 41611 	 117891
 41611 	 129859
 41611 	 129644
 41611 	 129434
 41611 	 128492
 41611 	 111666
 41611 	 110588
 41611 	 123045
 60615 	 109693
 60615 	 101160
 60615 	  91926
103084 	 131017
103084 	 127707
 68575 	  94908
 68575 	 117891
 68575 	 130665
 68575 	 106302
 68575 	  99902
 68575 	 102503
 68575 	 129434
 68575 	 111666
 68575 	  98252
 68575 	   2524
 68575 	 103677
 68575 	 122600
 68575 	 101648
 68575 	 126646
 68575 	 126274
117924 	  62372
117924 	  18307
117924 	  29716
117924 	  15972
117924 	  79171
 62617 	 106205
 62617 	  96113
 62617 	 109370
 62617 	 126574
126992 	 106567
126992 	  94908
126992 	 117891
126992 	 119680
126992 	  99902
126992 	 103813
126992 	 129434
126992 	 128492
126992 	 111666
126992 	  98252
126992 	 110588
126992 	 103677
126992 	 122600
126992 	 128471
126992 	 118234
126992 	 115883
126992 	 127707
126992 	 126274
 96495 	  59539
105872 	 101160
105872 	 131017
105872 	 125990
105872 	   2524
105872 	 119270
101248 	  96511
101248 	  97838
101248 	  96113
101248 	 101510
101248 	  99213
101248 	 123045
101248 	  91740
101248 	 126574
124765 	  94927
124765 	  96511
124765 	 117884
124765 	 126646
 95929 	 117951
 95929 	 126216
 97187 	  67846
 76123 	 131017
 76123 	  93866
 76123 	 120998
 76123 	 128707
 66016 	  95603
 66016 	 117951
 66016 	 101365
 66016 	 119717
 66016 	 119685
 66016 	  95790
 66016 	  92509
 66016 	 117924
131601 	 119680
131601 	 100225
131601 	 106302
131601 	 106205
131601 	 127533
131601 	 109693
131601 	  70752
131601 	 101280
131601 	  95442
131601 	 102078
131601 	 102503
131601 	 119325
131601 	 100782
131601 	 130217
131601 	 119311
131601 	  96012
131601 	 101648
131601 	  98469
131601 	 101809
131601 	  95513
131601 	 129747
131601 	 122891
131601 	 103733
131601 	 100737
131601 	 102704
111569 	 131017
111569 	 117213
101342 	 122840
101342 	  83275
 68241 	 113401
 68241 	 117891
 68241 	 100909
 68241 	 131017
 68241 	 122251
 68241 	 116522
 68241 	 119717
 68241 	 128471
 68241 	 128707
 68241 	  95929
 68241 	 111569
 86570 	 116522
 86570 	  96223
 86570 	 126646
 86570 	 111569
 97422 	   8980
 97422 	 122840
 97422 	 105970
 97422 	 131017
113690 	 117976
113690 	 125161
113690 	 117924
 94367 	 100617
 94367 	  94908
 94367 	 117891
 94367 	 119680
 94367 	  97838
 94367 	 127533
 94367 	 110571
 94367 	 110268
 94367 	 103813
 94367 	 127649
 94367 	  95442
 94367 	 122840
 94367 	 128492
 94367 	 102383
 94367 	 125990
 94367 	  99159
 94367 	 102481
 94367 	 120998
 94367 	 110588
 94367 	 103677
 94367 	 122600
 94367 	 117884
 94367 	 128471
 94367 	 126248
 94367 	 129747
 94367 	 122891
 94367 	 110974
 94367 	 123022
 94367 	 115883
 94367 	 123045
 94367 	 108765
108883 	 106567
108883 	  94908
108883 	  94927
108883 	 117891
108883 	  97838
108883 	 102278
108883 	  31490
108883 	 129644
108883 	 129434
108883 	 128492
108883 	  98252
108883 	 118768
108883 	 110588
108883 	 103677
108883 	 101648
108883 	 124225
108883 	 122891
108883 	  98991
108883 	 103733
108883 	 126274
108883 	  66016
128822 	 106567
128822 	   5543
128822 	 126216
128822 	 111569
128975 	 113401
128975 	 110268
128975 	 101160
128975 	 102078
128975 	 116522
128975 	 118768
128975 	 120998
128975 	  96223
128975 	 108883
123702 	 106567
123702 	 119680
123702 	 117951
123702 	 129644
123702 	 111666
123702 	 122600
123702 	 119717
123702 	  96223
123702 	 129747
123702 	 117950
123702 	 113610
123702 	 126646
123702 	 126048
123702 	 127707
123702 	 124069
102759 	 106205
102759 	 131018
102759 	 102503
102759 	  99477
102759 	 127855
102759 	 127451
102759 	 129960
102759 	 124080
102759 	 101463
102759 	  96012
102759 	 125990
102759 	  98252
102759 	  99455
102759 	 117884
102759 	  99213
102759 	  98469
102759 	 128471
102759 	 101809
102759 	 110898
102759 	 123022
102759 	 113681
102759 	 128300
102759 	 103733
102759 	 100737
102759 	  97187
102759 	 102704
102759 	  97422
102759 	 123702
102759 	 102759
126225 	 117951
113068 	 103813
113068 	  96113
113068 	 116522
113068 	 128471
113068 	 127707
 95748 	  15511
 95748 	   2332
 95748 	  68681
 95748 	  76449
 95748 	  74286
 95748 	  76438
 95748 	  74664
 95748 	  41611
 95748 	  62617
 90406 	 119680
 90406 	 109693
 90406 	 101160
 90406 	 101365
 90406 	 127221
 90406 	  95781
 90406 	 119685
 90406 	  96223
 90406 	 123045
 90406 	 108883
 90406 	 126225
125108 	 110641
125108 	  80370
125108 	  91848
125108 	 126626
125108 	  94332
125108 	 102078
125108 	 100909
125108 	 130218
125108 	 119111
125108 	 101544
125108 	  67846
125108 	 125161
125108 	  91880
125108 	 118768
125108 	 101673
125108 	 120998
125108 	 110588
125108 	   2251
125108 	 115220
125108 	 117884
125108 	 106697
125108 	 128471
125108 	 102995
125108 	  86335
125108 	  61797
125108 	 123976
125108 	 117950
125108 	 110898
125108 	 115883
125108 	 128300
125108 	 101850
125108 	  91740
125108 	 103038
125108 	 126574
125108 	 124765
125108 	 111569
125108 	  68241
125108 	 124365
125108 	  94367
125108 	 108883
125108 	 128822
125108 	 117793
117490 	  80370
117490 	 101673
117490 	   2524
117490 	  93866
117490 	 120998
117490 	 119685
117490 	  69513
117490 	  95350
117490 	 129421
117490 	 118234
117490 	 111569
117344 	 123976
117344 	 117950
117344 	 118234
117344 	 108765
117344 	 117924
117344 	 111569
 69636 	  96113
 69636 	  91740
 69636 	 117490
113639 	  82463
113639 	  58883
 52076 	  10217
 34899 	  88141
 34899 	   1531
 94032 	 119680
 94032 	 129131
 94032 	  96113
 94032 	 128974
 94032 	 101673
 94032 	  91740
 94032 	 103733
 94032 	 126574
 94032 	 108883
 98993 	   5543
 98993 	 109693
 98993 	 100909
 98993 	  92509
 98993 	 127707
 98993 	 111569
 98993 	 117490
 50841 	 126721
 50841 	  31490
 50841 	 127855
 50841 	 127451
 50841 	 129960
 50841 	  62268
 50841 	 103973
 50841 	 130419
 50841 	  68575
 91849 	 117891
 91849 	 126216
 91849 	 129434
 91849 	 128492
 91849 	  93866
 91849 	 127707
 91849 	 130419
 91849 	 117490
117925 	 111297
117925 	  94367
107802 	 130387
107802 	 126869
107802 	 126040
107802 	 129208
107802 	 100172
103602 	  70752
103602 	 108127
125120 	 123045
125120 	  91740
101626 	  99548
 31821 	 128707
 98813 	 117490
 98813 	 117344
121983 	 113401
121983 	 100225
121983 	 116522
121983 	 120998
121983 	 119685
 92153 	 119270
 92477 	   4793
 92477 	 205919
 92477 	  95182
 92477 	  65887
 92477 	  10274
 92477 	  70314
 92477 	  80885
 66612 	  96223
 66612 	 126225
 97373 	  97838
 97373 	 122840
 97373 	 101510
 97373 	 100782
 97373 	 128762
 97373 	 122891
 97373 	 123045
 97373 	  91740
 97373 	 117924
 97373 	  68241
 97373 	 117490
 97373 	  97464
124281 	   8980
124281 	  96113
124281 	 120998
124281 	 108883
 96106 	 108765
 64212 	  70788
 64212 	  66612
116362 	 126216
116362 	  91849
105591 	  94927
105591 	  96511
105591 	 117891
105591 	  97838
105591 	 106302
105591 	  99902
105591 	  95442
105591 	  96113
105591 	 122840
105591 	 100909
105591 	 129434
105591 	 128492
105591 	 125990
105591 	 110588
105591 	 122600
105591 	  96223
105591 	 129747
105591 	 122891
105591 	 110974
105591 	 123045
105591 	 126274
105591 	 117490
105591 	 117344
105591 	  96106
128928 	 130387
128928 	 126040
128928 	 124999
128928 	 127649
128928 	 130218
128928 	 105815
128928 	 109370
128928 	 119717
128928 	 126574
128928 	 128975
128928 	 129161
128928 	  98813
128079 	 131017
128079 	 129960
128079 	 128492
128079 	  98252
128079 	  99455
128079 	 122600
128079 	 123022
 88019 	 122251
 88019 	 119617
 88019 	  93866
 88019 	 101648
 88019 	 117490
118243 	 101160
112063 	  96511
112063 	 117976
112063 	  95573
112063 	 106302
112063 	 130780
112063 	 102383
112063 	 122251
112063 	 116522
112063 	 128974
112063 	 120998
112063 	 122600
112063 	 127221
112063 	  95781
112063 	 119685
112063 	 126248
112063 	  86335
112063 	  61797
112063 	 108765
112063 	  66016
112063 	 111569
112063 	 126225
112063 	 117344
112063 	 128928
100687 	 101673
100687 	  94602
100687 	 100142
100687 	 129421
100687 	  91740
100687 	  99548
130833 	 105455
130833 	  93696
123347 	 122840
123347 	 117490
105144 	  94927
105144 	 129859
105144 	  98991
130531 	  10217
 69502 	  94908
 69502 	 117891
 69502 	 100909
 69502 	 129644
 69502 	 129434
 69502 	 110588
 69502 	 103677
 69502 	 122600
 69502 	 124225
 92655 	 119680
 92655 	 102278
 92655 	  99477
 92655 	  66221
 92655 	 117213
 92655 	 101248
 92655 	  76053
 92655 	 117344
 66646 	 101160
 66646 	 131017
 66646 	 116522
 66646 	 119717
 66646 	  99548
 66646 	 128822
 66646 	 128928
 66646 	 128079
  3476 	 117950
113084 	 119680
113084 	 109693
113084 	  91926
113084 	  96113
113084 	 126216
113084 	 116522
113084 	 123045
113084 	 117490
 98306 	 101160
 98306 	  95442
 98306 	 102078
 98306 	 101544
 98306 	 125990
 98306 	 122945
 98306 	 102481
 98306 	 118432
 98306 	 115465
 98306 	 129747
 98306 	 117924
 98306 	 117925
122256 	  62372
122256 	  18307
122256 	  15972
122256 	  79171
122256 	  76053
 87194 	  96511
 87194 	 100225
 87194 	  95573
 87194 	  97838
 87194 	 106302
 87194 	 106205
 87194 	 109693
 87194 	  96738
 87194 	 101160
 87194 	  95603
 87194 	  96113
 87194 	 101510
 87194 	 118363
 87194 	 102383
 87194 	 128974
 87194 	 101365
 87194 	 124477
 87194 	  95781
 87194 	  95409
 87194 	  99213
 87194 	 119685
 87194 	  95513
 87194 	 113681
 87194 	 119270
 87194 	  96495
 87194 	  95929
 87194 	 113690
 87194 	 108883
 87194 	 126225
 87194 	 117490
 87194 	 129520
 87194 	 117925
 87194 	 125231
 87194 	  97373
