127102 	 106567
127102 	 113401
127102 	  94908
127102 	  94927
127102 	 127102
 59539 	  59539
118052 	  88141
118052 	  59539
 96511 	  59539
102380 	  88141
117891 	  94927
117891 	 102380
117891 	 117891
 39337 	  59539
117976 	  59539
 90154 	  94908
 90154 	  96511
 90154 	 130387
 90154 	 117891
 50275 	  59539
 93163 	  88141
 93163 	  59539
 93163 	  50275
119680 	  59539
 92014 	 106567
 92014 	 117891
 39079 	  59539
128397 	 106567
128397 	  94927
128397 	 118052
128397 	  96511
128397 	 117891
128397 	 119680
 91563 	 117976
100225 	  59539
100225 	  39337
130665 	 117976
205919 	  39337
127242 	   4793
 78533 	  59539
 78533 	  95573
126869 	  59539
126869 	  91563
 95182 	 100617
 95182 	  92014
 95182 	  97838
 52768 	  94908
 52768 	  94927
 52768 	 127102
 52768 	 117891
 52768 	 117976
 52768 	 130665
 52768 	 127242
 52768 	  97838
  2986 	 100617
  2986 	  94927
  2986 	 130387
  2986 	 117891
  2986 	 119680
  2986 	  39079
  2986 	  91563
  2986 	 126869
  2986 	  97838
  5543 	 106567
  5543 	 102380
  5543 	 119680
 80370 	  59539
 80370 	   5543
126040 	  94908
126040 	  94927
126040 	 118052
126040 	  96511
126040 	 102380
126040 	 117891
126040 	 117976
126040 	 119680
126040 	  95573
126040 	 127242
126040 	   5543
 62372 	   9595
 62372 	 106567
 76155 	  88141
 76155 	   2986
 75030 	  59539
 75030 	  50275
 75030 	  91563
 75030 	   2986
 75030 	   5543
 75030 	  62372
106302 	  59539
106302 	 117976
106302 	   2986
105200 	 118052
105200 	  93163
105200 	  39079
105200 	  91563
105200 	 100225
105200 	  95573
105200 	   2986
105200 	  76155
 66388 	  59539
127533 	  59539
127533 	   2986
127533 	   5543
110571 	 100617
110571 	 117976
110571 	 110641
114621 	  50275
114621 	  78533
114621 	  62372
114621 	  15511
114621 	 110571
109693 	  39337
109693 	  50275
109693 	   2986
109693 	   5543
109693 	  62372
 99902 	 117891
 99902 	  97838
122022 	  59539
122022 	  50275
122022 	  91563
122022 	   2986
 88333 	  94927
 88333 	  96511
 88333 	 102380
 88333 	 117976
 88333 	 119680
 88333 	 114621
 88333 	  99902
 18307 	  88141
 18307 	  59539
 18307 	  91563
 18307 	  80076
 18307 	  78533
 18307 	  75030
 18307 	 114621
 96738 	  59539
 96738 	 117976
 96738 	  15511
 70752 	 106567
 70752 	  59539
 70752 	 102380
 70752 	 117891
 70752 	   5543
 70752 	 114621
  8980 	  94927
  8980 	  15511
  8980 	 127533
130780 	  39337
130780 	 130780
107934 	  59539
129131 	  59539
131018 	  59539
126200 	  50275
126200 	 119680
126200 	  75030
126200 	  15511
126200 	 109693
105455 	  91563
105455 	   2986
105455 	   8980
126626 	  88141
  9967 	  15511
124999 	 126869
124999 	 109693
124999 	  91848
 28241 	  59539
130983 	  92753
130983 	  91848
 82246 	   5543
 93171 	  59539
 93171 	 117891
 93171 	 126869
114379 	  59539
131151 	 106567
131151 	 117976
131151 	 110641
131151 	 119680
131151 	  78533
131151 	  62372
131151 	  18307
131151 	  70752
 51213 	  50275
 51213 	   5543
 51213 	 105455
126721 	  78533
126721 	  62372
126721 	  18307
126721 	  51213
 65408 	  94927
 65408 	 118052
 65408 	  96511
 65408 	 102380
 65408 	 117976
 65408 	 119680
 65408 	 127242
 65408 	 106302
 65408 	 114621
 65408 	  96738
 65408 	   9967
 65408 	  51213
 65408 	 102278
 29716 	 130780
 29716 	  51213
101280 	  59539
101280 	  78533
101280 	  15511
110268 	  59539
110268 	  39079
110268 	  91563
110268 	   2986
110268 	  80370
110268 	  70752
110268 	 130780
110268 	 114379
110268 	  51213
103813 	  62372
103813 	  18307
 85402 	  81305
 85402 	 119680
 85402 	  15511
101160 	  59539
101160 	 117976
101160 	  62372
101160 	  29716
127649 	 117976
127649 	   2986
127649 	  15511
 95603 	  88141
 95603 	 118052
 95603 	  29716
 95603 	 110268
 95603 	 101160
 63310 	   9595
 10217 	   9595
 10217 	  94927
 10217 	 117891
 10217 	  81305
 10217 	 126626
 90147 	   2986
 66308 	 106567
 66308 	 100617
 66308 	 102380
 66308 	 117891
 66308 	 119680
 66308 	 130665
 66308 	  80076
 66308 	 126869
 66308 	  97838
 66308 	 106302
 66308 	 126626
 66308 	 131151
 66308 	 103813
 66308 	 101160
 91926 	  59539
 91926 	   5543
 95442 	  59539
117081 	 106567
117081 	  59539
 92865 	  88141
 92865 	 101160
 82503 	 100617
 82503 	  94927
 82503 	 130387
 82503 	 102380
 82503 	 117891
 82503 	 110641
 82503 	 126626
 82503 	  65408
 82503 	   5646
 94332 	  88141
 94332 	  91563
 94332 	  18307
 94332 	  96738
 94332 	   8980
 94332 	  29716
 94332 	 101160
 94332 	  95603
 94332 	  91926
 31490 	 101160
 69026 	  94908
 69026 	  94927
 69026 	 117891
 69026 	 119680
 69026 	 127533
 69026 	 109693
 69026 	  91848
 69026 	 101280
 69026 	 103813
 69026 	 101160
114535 	 106567
114535 	 113401
114535 	 118052
114535 	 130387
114535 	 102380
114535 	 117891
114535 	  39337
114535 	 117976
114535 	  92014
114535 	  91563
114535 	 126869
114535 	   2986
114535 	 126040
114535 	  75030
114535 	  15511
114535 	 127533
114535 	 114621
114535 	  99902
114535 	 129131
114535 	 105455
114535 	 113027
114535 	 131151
114535 	 126721
114535 	 101280
114535 	 110268
114535 	 103813
114535 	 127649
114535 	  66308
114535 	  92865
114535 	  31490
 96113 	 105200
129859 	  59539
129859 	  91563
129859 	  62372
129859 	  18307
129859 	  51213
129859 	  29716
129859 	  63310
129859 	  96113
102078 	  59539
102078 	  39337
102078 	  52768
102078 	   2986
102078 	   5543
102078 	 109693
102078 	  29716
102078 	  91926
102078 	  94332
102503 	  91848
102503 	  82246
 51289 	  59539
 51289 	  91563
 94264 	 106567
 94264 	 130387
 94264 	 119680
 94264 	 106302
 94264 	  15511
 94264 	 127533
 94264 	 103813
111407 	  59539
111407 	  15511
111407 	  96113
113290 	   4793
113290 	 117976
113290 	  81305
113290 	 119680
113290 	 106302
113290 	   8980
113290 	  85402
113290 	  63310
113290 	  91926
113290 	  31490
113290 	 114535
113290 	  96113
122840 	  59539
122840 	  91563
122840 	  75030
122840 	  15511
122840 	  31490
100909 	  91848
100909 	 101160
 65863 	 102380
 65863 	 131151
 53672 	 119680
 53672 	  80076
 53672 	   2986
 53672 	  80370
 53672 	  75030
 53672 	  15511
 53672 	 114535
108185 	  92753
108185 	  50275
108185 	  39079
108185 	  91563
108185 	   2986
108185 	  18307
108185 	   8980
108185 	 130780
108185 	 113027
108185 	 114379
108185 	 131151
108185 	  90147
108185 	  91926
108185 	  92865
108185 	  94332
108185 	 114535
108185 	 111407
 99477 	  88141
 99477 	  91563
 99477 	  78533
 99477 	   9967
 99477 	  29716
 99477 	  63310
 99477 	  31490
117951 	 100617
117951 	 117976
117951 	  15511
117951 	  99902
117951 	 101280
117951 	 102503
 75641 	 117976
129134 	  94927
129134 	 119680
129134 	  97838
129134 	   2986
129134 	 127533
129134 	 101280
129134 	 117951
 72459 	  91563
 72459 	  62372
101510 	 118052
101510 	   5543
101510 	  51213
101510 	 102278
101510 	 117951
 44074 	  59539
127855 	  94264
127855 	 111407
116115 	  59539
116115 	   2986
116115 	  62372
116115 	 110268
116115 	  94332
116115 	 122840
127451 	  59539
127451 	   2986
127451 	  51213
127451 	  91926
127451 	  96113
130218 	  59539
130218 	  96113
130218 	 122840
130218 	  44074
  4363 	  88141
  4363 	  62372
  4363 	  76155
  4363 	  18307
  4363 	  29716
  4363 	 113290
  4363 	 122840
 85890 	  94908
 85890 	  39337
 85890 	 110641
 85890 	  97838
 85890 	  76155
 85890 	  75030
 85890 	 106205
 85890 	 127533
 85890 	  99902
 85890 	  88333
 85890 	   8980
 85890 	 129131
 85890 	 113027
 85890 	  28241
 85890 	 110268
 85890 	 103813
 85890 	  51289
 85890 	 111407
 85890 	 122840
 85890 	 100909
 85890 	 101510
 31770 	  59539
 31770 	  15511
 31770 	  51213
 31770 	  29716
119111 	  59539
119111 	   2986
119111 	  44074
119325 	  91563
119325 	   5543
119325 	  80370
119325 	 114621
119325 	  96113
129644 	  88141
129644 	   2986
 93950 	 106567
 93950 	  91848
 93950 	 101280
 93950 	 103813
 93950 	  67362
 58481 	 119680
 58481 	 109693
 58481 	 108185
 58481 	  67362
 70646 	  59539
 70646 	  15511
 70646 	  51213
 70646 	  63310
 70646 	  94332
101544 	  59539
101544 	  50275
101544 	   2986
101544 	   5543
101544 	  62372
101544 	 109693
101544 	  18307
101544 	  51213
101544 	  29716
101544 	  94332
101544 	  96113
101544 	  44074
101544 	  67362
118363 	  59539
118363 	   2986
118363 	   5543
118363 	  82246
118363 	  95603
118363 	  91926
118363 	 114535
118363 	 111407
118363 	  65863
118363 	  67362
 67846 	  59539
 67846 	   2986
 67846 	   5543
100782 	  94927
100782 	 119680
100782 	  78533
100782 	  63310
100782 	  91926
100782 	 114535
100782 	  99477
100782 	  44074
100782 	  85890
 53106 	  94927
 53106 	 117891
 53106 	 117976
 53106 	 103813
 53106 	  99477
105815 	  59539
105815 	  96113
129960 	  94332
129960 	 122840
101892 	 106567
101892 	 113401
101892 	  94927
101892 	 118052
101892 	  96511
101892 	 130387
101892 	 102380
101892 	 117891
101892 	 110641
101892 	  91563
101892 	 100225
101892 	 130665
101892 	 126869
101892 	  97838
101892 	 126040
101892 	 106302
101892 	  88333
101892 	   8980
101892 	 126200
101892 	 105455
101892 	 126626
101892 	  28241
101892 	 114379
101892 	 131151
101892 	 102278
101892 	 101280
101892 	 110268
101892 	  95442
101892 	 117081
101892 	 102503
101892 	  94264
101892 	  99477
101892 	 117951
101892 	 101510
101892 	   4363
101892 	 129644
101892 	  93950
101892 	 101544
101892 	 118363
126216 	  59539
126216 	  96113
130986 	  96113
 85972 	  59539
 85972 	   2986
 85972 	   5543
 85972 	  62372
 85972 	 130780
 85972 	  90147
 85972 	  91926
 85972 	  94332
 85972 	 114535
 85972 	 105815
 85972 	 126216
129434 	 106567
129434 	  94927
129434 	 117891
129434 	 119680
129434 	 106302
129434 	 109693
129434 	  91848
129434 	 101280
129434 	 103813
129434 	  31490
129434 	  99477
129434 	 129644
 94785 	  51213
 94785 	  67362
115173 	  59539
115173 	  15511
115173 	  96113
115173 	  67362
104295 	  59539
104295 	  15511
104295 	  29716
104295 	 122840
104295 	  67362
104295 	 126216
124419 	  39337
124419 	  91563
124419 	   2986
124419 	   5543
124419 	  80370
124419 	  90147
124419 	  91926
124419 	  94332
124419 	 114535
124419 	  96113
124419 	 105815
124419 	 126216
124419 	  94785
128492 	  59539
128492 	  51213
128492 	  29716
128492 	  96113
 91637 	  88141
 91637 	  59539
 91637 	   2986
 91637 	   5543
 91637 	  62372
 91637 	  18307
 91637 	  90147
 91637 	  96113
102383 	  59539
102383 	 117951
  2332 	  91563
  2332 	  15511
  2332 	   9967
  2332 	  51213
  2332 	 126721
  2332 	  94332
  2332 	  96113
  2332 	  44074
  2332 	 126216
122251 	  94908
122251 	 119680
122251 	 101160
122251 	 119111
122251 	 101544
122251 	 124419
122251 	   2332
122251 	 122251
 68681 	  94927
 68681 	  59539
 68681 	  96511
 68681 	 114621
 68681 	 122022
 68681 	  51213
 68681 	 103813
 68681 	 113290
 68681 	  99477
 68681 	  44074
 68681 	 100782
 68681 	  53106
 68681 	 129434
 68681 	 128492
 68681 	  68681
125161 	 106567
125161 	 102380
125161 	 117891
125161 	 119680
125161 	 127533
125161 	  91848
125161 	 101280
125161 	 103813
125161 	  99477
125161 	  67362
 52894 	  92753
 52894 	  92014
 52894 	  39079
 52894 	  15511
 52894 	 113027
 52894 	  94264
 52894 	  44074
105733 	 118052
105733 	 117976
105733 	 128397
105733 	 126040
105733 	  62372
105733 	 122022
105733 	  18307
105733 	 130780
105733 	 125052
105733 	 107934
105733 	 126200
105733 	 124999
105733 	 131151
105733 	  51213
105733 	 127649
105733 	   7012
105733 	 113290
105733 	 129134
105733 	 131017
105733 	  44074
105733 	 127451
105733 	 130218
105733 	   4363
105733 	 118363
105733 	 122251
103296 	 110268
  2911 	  88141
  2911 	 109693
  2911 	  51213
  2911 	  29716
  2911 	  90147
  2911 	 117951
 16479 	  39337
 16479 	  78533
 16479 	 110268
 16479 	  90147
 16479 	 122840
 16479 	 117951
 36327 	  59539
 36327 	   9967
 36327 	  96113
 36327 	 111407
 36327 	 105970
 36327 	 131017
 36327 	  94785
 36327 	  68681
 36327 	  52894
130217 	  59539
130217 	   2986
130217 	  44074
119311 	  59539
119311 	  62372
128762 	   2986
128762 	   5543
128762 	  96113
125839 	  94908
125839 	  94927
125839 	  96511
125839 	 117891
125839 	 119680
125839 	 127533
125839 	  91848
125839 	 126626
125839 	 103813
125839 	   5646
125839 	 108185
125839 	  99477
125839 	 128492
125839 	 130217
 43129 	 106567
 43129 	 113401
 43129 	 118052
 43129 	 117891
 43129 	  93163
 43129 	 119680
 43129 	 127242
 43129 	  97838
 43129 	 126040
 43129 	 106302
 43129 	 106205
 43129 	  15511
 43129 	 110571
 43129 	  99902
 43129 	  88333
 43129 	 129131
 43129 	 105455
 43129 	 113027
 43129 	  93171
 43129 	 126721
 43129 	 101280
 43129 	 103813
 43129 	  95442
 43129 	  94264
 43129 	 111407
 43129 	  99477
 43129 	 117951
 43129 	 127855
 43129 	 119325
 43129 	 101544
 43129 	 100782
 43129 	 129960
 43129 	 130986
 43129 	 115173
 43129 	 124419
 43129 	 128492
 43129 	  91637
 43129 	 130217
 43129 	 119311
 43129 	 128762
 43129 	 125839
 77153 	  59539
 77153 	   2986
 77153 	  62372
 77153 	  67362
124080 	  94927
124080 	 127533
124080 	 101280
124080 	 103813
124080 	  67362
124080 	 130217
  8179 	  59539
  8179 	  39079
  8179 	 103296
109370 	  88141
109370 	  62372
109370 	  18307
109370 	 105455
109370 	  29716
109370 	  96113
  2622 	 106567
  2622 	   2986
  2622 	  15511
  2622 	 122840
  2622 	  99477
  2622 	 109370
 97207 	 130387
 97207 	 117976
 97207 	 119680
 97207 	  75030
 97207 	  91848
 97207 	 126721
 97207 	 108185
 97207 	 130218
 97207 	 122251
 97207 	  36327
116522 	  94908
116522 	  94927
116522 	  96511
116522 	 119680
116522 	 130665
116522 	  78533
116522 	 106302
116522 	 106205
116522 	  15511
116522 	 110571
116522 	  99902
116522 	 126626
116522 	  51213
116522 	  29716
116522 	 127649
116522 	  95442
116522 	  31490
116522 	 102503
116522 	  94264
116522 	  44074
116522 	 129434
116522 	  91637
116522 	 102383
116522 	 125839
116522 	 124080
  5133 	 109693
  5133 	  96738
  5133 	  70752
  5133 	 102278
  5133 	 108185
  5133 	 117951
  5133 	 105970
  5133 	  53106
  5133 	   5133
 51513 	 117891
 51513 	 102078
 51513 	 122251
 51513 	  72992
 51513 	  65887
 51513 	   8179
 91880 	  59539
 91880 	  51213
 91880 	  67362
 91880 	   5103
103133 	  59539
103133 	   2986
103133 	  62372
103133 	  96113
103133 	  68681
103133 	   5103
103133 	   5133
101463 	  94927
101463 	  88141
101463 	  59539
101463 	 117891
101463 	  78533
101463 	  97838
101463 	   2986
101463 	  15511
101463 	  96738
101463 	 103813
101463 	  31490
101463 	  96113
101463 	  99477
101463 	 126216
101463 	 105733
101463 	   5103
101463 	  76449
108127 	  15511
108127 	  96113
120065 	  62372
120065 	  18307
120065 	 125161
 95336 	  94908
 95336 	  94927
 95336 	 102380
 95336 	 126869
 95336 	 106205
 95336 	 126626
 95336 	 100782
 95336 	 129434
 95336 	 128492
114673 	 113401
114673 	 118052
114673 	 108185
114673 	 131017
114673 	  97207
114673 	 114673
107568 	  59539
107568 	  94332
107568 	 126216
 96012 	  59539
 96012 	  39079
 96012 	  91563
 96012 	  80370
 96012 	  76155
 96012 	 130780
 96012 	  51213
 96012 	  91926
 96012 	  92250
 96012 	 111407
 96012 	  58481
 96012 	  94785
 96012 	  52894
 96012 	   5103
111666 	  59539
111666 	  80370
111666 	  15511
111666 	   9967
111666 	  51213
111666 	 114535
111666 	 131017
111666 	  68681
111666 	  43129
111666 	   5103
111666 	   8179
125990 	  59539
125990 	   5543
125990 	  62372
125990 	 103296
129208 	  91563
129208 	   5543
129208 	  80370
129208 	  62372
129208 	 114621
129208 	   8980
129208 	  29716
129208 	  94332
129208 	 114535
129208 	  96113
129208 	 111407
129208 	   5133
129208 	 108127
 98252 	  59539
 98252 	  29716
 98252 	  85402
 98252 	  96113
 98252 	  44074
 98252 	  85890
 98252 	  68681
 98252 	   5103
 73957 	  59539
 73957 	  91563
 73957 	  62372
 73957 	  18307
 73957 	  51213
 73957 	  29716
 73957 	  63310
 73957 	  96113
 73957 	  68681
 73957 	   5103
118768 	 101160
118768 	 122840
118768 	  67846
118768 	  53106
118768 	 130217
118768 	  91880
118768 	 129208
 69633 	  88141
 69633 	  59539
 69633 	  80370
 69633 	  15511
 69633 	 126721
 69633 	  85402
 69633 	  91926
 69633 	 114535
 69633 	  96113
 69633 	 111407
 69633 	 105970
 69633 	 131017
 69633 	  67362
 69633 	  58481
 69633 	  70646
 69633 	 126216
 69633 	   5103
 69633 	 108127
 69633 	 114673
128974 	 128492
 79310 	 117976
 79310 	 119680
 79310 	  91848
 79310 	  99477
 79310 	 117951
 79310 	 118768
101365 	   9595
101365 	  88141
101365 	 102380
101365 	  81305
101365 	  78533
101365 	  97838
101365 	  75030
101365 	  91848
101365 	 102278
101365 	  29716
101365 	 101280
101365 	 110268
101365 	  95442
101365 	 122840
101365 	  44074
101365 	  67846
101365 	 122251
101365 	  76449
101365 	 125990
101365 	  73957
101365 	  69633
  3208 	  94332
  3208 	   3208
 10274 	  94332
 79768 	  59539
 79768 	 126869
 79768 	  51213
 79768 	 126216
 79768 	  68681
 79768 	  72992
 79768 	   5103
 79768 	   3208
 99159 	  88141
 99159 	 114621
 99159 	 131151
 99159 	  94332
 99159 	 122840
 99159 	 130218
 65192 	  59539
 65192 	  51213
 65192 	  96113
 65192 	  67362
 65192 	 126216
 65192 	  68681
 65192 	   5103
122945 	  94332
107458 	  59539
107458 	  91563
107458 	  52768
107458 	   2986
107458 	   5543
107458 	  94332
107458 	  96113
107458 	 126216
107458 	   5103
 99455 	  96511
 99455 	   4793
 99455 	 127242
 99455 	  62372
 99455 	 106205
 99455 	  15511
 99455 	 114621
 99455 	  18307
 99455 	  96738
 99455 	 129131
 99455 	 131018
 99455 	  51213
 99455 	 126721
 99455 	  29716
 99455 	 110268
 99455 	 122840
 99455 	 117951
 99455 	 105970
 99455 	 129644
 99455 	 101892
 99455 	 128492
 99455 	 102383
 99455 	  68681
 99455 	  72992
 99455 	 128762
 99455 	   2622
 99455 	  97207
 99455 	 116522
 99455 	  76449
 99455 	 101463
101673 	  59539
101673 	  96113
101673 	 105970
101673 	 103296
101673 	   5103
 96900 	 117891
 96900 	  95573
 96900 	  78533
 96900 	  51213
 96900 	  29716
 96900 	  95603
 96900 	  96113
 96900 	 129644
 96900 	 126216
 96900 	  76449
 96900 	  98252
 96900 	   3208
114259 	  59539
114259 	   2986
114259 	  15511
114259 	  94332
114259 	  96113
114259 	  67362
114259 	 126216
114259 	 103296
114259 	 114673
102481 	  59539
102481 	 114621
102481 	  94332
102481 	  96113
102481 	  44074
102481 	 105733
119112 	  88141
119112 	  78533
119112 	  62372
119112 	  18307
119112 	  51213
119112 	  29716
119112 	  63310
119112 	  44074
119112 	  68681
119112 	 105733
119112 	   5103
119112 	  76449
119112 	   3208
119112 	  66221
  2524 	  91848
 37464 	 106567
 37464 	  94927
 37464 	  99477
 37464 	 128492
 37464 	  72992
 37464 	  16479
 37464 	  69633
 37464 	 128974
 37464 	 101673
 37464 	  37464
 93866 	 106567
 93866 	 113401
 93866 	  94908
 93866 	 127102
 93866 	 118052
 93866 	  96511
 93866 	 130387
 93866 	 117891
 93866 	  39337
 93866 	 119680
 93866 	 100225
 93866 	  95573
 93866 	 127242
 93866 	 126869
 93866 	   2986
 93866 	  80370
 93866 	 106302
 93866 	 128844
 93866 	 127533
 93866 	 109693
 93866 	  96738
 93866 	   8980
 93866 	 129131
 93866 	 131018
 93866 	 105455
 93866 	 113027
 93866 	 130983
 93866 	 114379
 93866 	 131151
 93866 	 126721
 93866 	 102278
 93866 	 101280
 93866 	 110268
 93866 	 103813
 93866 	 101160
 93866 	 127649
 93866 	  91926
 93866 	   7012
 93866 	  94264
 93866 	 122840
 93866 	  99477
 93866 	  44074
 93866 	 127855
 93866 	   4363
 93866 	 119325
 93866 	  58481
 93866 	  70646
 93866 	 101544
 93866 	  67846
 93866 	 130986
 93866 	 104295
 93866 	 124419
 93866 	 122251
 93866 	  52894
 93866 	 130217
 93866 	 119311
 93866 	 128762
 93866 	 124080
 93866 	   8179
 93866 	  76449
 93866 	 103133
 93866 	 101463
 93866 	  96012
 93866 	 111666
 93866 	 125990
 93866 	  73957
 93866 	 101365
 93866 	  99159
 93866 	 107458
 93866 	 114259
 93866 	 119112
 93866 	   2524
  2996 	  52768
  2996 	   2986
  2996 	   5543
  2996 	 105455
  2996 	  29716
  2996 	  91926
  2996 	  96113
  2996 	 126216
  2996 	   5133
  2996 	 108273
115606 	 119680
115606 	 126869
115606 	  15511
115606 	  51213
115606 	 102278
115606 	  31490
115606 	 129859
115606 	 127451
115606 	 122251
115606 	 125161
115606 	 103296
115606 	 130217
115606 	 109370
115606 	 129208
115606 	 128974
115606 	 101673
115606 	 114259
120998 	  94927
120998 	  96511
120998 	 102380
120998 	 117976
120998 	 119680
120998 	  99902
120998 	  51213
120998 	 102278
120998 	  85402
120998 	 127649
120998 	 102078
120998 	 102503
120998 	  99477
120998 	  85890
120998 	 124419
120998 	 103296
120998 	 128762
120998 	   2622
120998 	  95336
120998 	  98252
120998 	 118768
120998 	 101673
120998 	   2524
 15972 	  59539
 15972 	  80370
 15972 	  76155
 15972 	  15511
 15972 	 114621
 15972 	  51213
 15972 	 114535
 15972 	  96113
 15972 	 105970
 15972 	  67362
 15972 	  94785
 15972 	  52894
 15972 	  43129
 15972 	   5103
 15972 	 108273
110588 	 106567
110588 	 113401
110588 	  94927
110588 	 102380
110588 	 117891
110588 	   2986
110588 	  15511
110588 	 103813
110588 	  99477
110588 	 129644
110588 	 126216
110588 	  98252
110588 	 108273
 92527 	  59539
 92527 	  15511
 92527 	  67362
 92527 	 108273
101749 	 106567
101749 	 117891
101749 	 127533
101749 	 109693
101749 	 103813
101749 	 128492
101749 	 109370
108174 	  88141
108174 	 119680
108174 	  95573
108174 	  52768
108174 	   2986
108174 	   5543
108174 	 114379
108174 	  91926
108174 	 100909
108174 	   2332
108174 	 105733
108174 	 103296
108174 	  76449
108174 	 108127
108174 	   3208
108174 	  93866
108174 	 120998
  2251 	   2986
  2251 	  18307
  2251 	   3208
  2251 	 108273
 75566 	  88141
 75566 	  29716
 75566 	 125161
 75566 	 108273
 52224 	  59539
 52224 	   2986
 52224 	  62372
 52224 	 105455
 52224 	 114535
 52224 	  96113
 52224 	  67362
 52224 	   5133
 52224 	 108273
103677 	  59539
103677 	  91563
103677 	  52768
103677 	   5543
103677 	 113027
103677 	 114379
103677 	  51213
103677 	  91926
103677 	 114535
103677 	  67362
103677 	 126216
103677 	   5103
103677 	   5133
103677 	  93866
103677 	 108273
103677 	 108174
122600 	  59539
122600 	  50275
122600 	  91563
122600 	  97838
122600 	  80370
122600 	 109693
122600 	  70752
122600 	  31490
122600 	 122840
122600 	  65863
122600 	  44074
122600 	  70646
122600 	 126216
122600 	   8179
122600 	 101365
122600 	 108273
  1531 	  18307
 62649 	   9595
 62649 	  94927
 62649 	 117891
 62649 	  81305
 62649 	 126626
 62649 	  99477
 62649 	  85890
 62649 	 129434
 62649 	 128492
 62649 	  98252
 90137 	 100617
 90137 	  59539
 90137 	 117891
 90137 	  39079
 90137 	  80370
 90137 	  15511
 90137 	 109693
 90137 	 114379
 90137 	 110268
 90137 	  91926
 90137 	  95442
 90137 	  96113
 90137 	 122840
 90137 	  44074
 90137 	  58481
 90137 	 101892
 90137 	 126216
 90137 	 128492
 90137 	 103296
 90137 	 116522
 90137 	 101365
 90137 	  66221
 90137 	   2524
 90137 	 108273
 90137 	 120998
 94602 	   2986
 94602 	 114535
 64266 	  29716
 64266 	 108273
 58632 	  59539
 58632 	 119680
 58632 	   2986
 58632 	  15511
 58632 	  85890
 58632 	  67362
 58632 	 108273
 58632 	   2251
 58632 	 122600
 83275 	  50275
 83275 	  52768
 83275 	   2986
 83275 	  96113
 83275 	 126216
 83275 	 108127
 62268 	  59539
 62268 	  67362
 62268 	 126216
 62268 	 108273
115220 	 103813
115220 	 111666
107489 	 117976
107489 	  91563
107489 	  91848
107489 	  29716
107489 	 126216
107489 	   5103
107489 	   5133
107489 	   3208
107489 	  66221
107489 	 108273
 58416 	 102380
 58416 	 102278
 58416 	  44074
 58416 	 105733
 52786 	  94332
 16404 	  59539
 16404 	  52768
 16404 	   2986
 16404 	   5543
 16404 	 126216
 16404 	   5103
 16404 	 101673
105413 	   2986
105413 	   5543
105413 	 126216
105413 	   5103
105413 	   5133
124477 	  64266
 81262 	   2986
 81262 	 109693
 37931 	  59539
 37931 	   2986
 37931 	   5543
 37931 	  62372
 37931 	  18307
 37931 	 105455
 37931 	  29716
 37931 	  90147
 37931 	  67362
 37931 	 126216
 37931 	 125161
 37931 	   5103
 37931 	   5133
 37931 	  85142
 37931 	  15972
 37931 	  90137
101648 	  93163
101648 	  92014
101648 	  39079
101648 	  97838
101648 	   5543
101648 	 106205
101648 	 126626
101648 	 131151
101648 	  51213
101648 	 126721
101648 	 103813
101648 	  95603
101648 	  95442
101648 	  96113
101648 	  99477
101648 	 117951
101648 	  53106
101648 	 126216
101648 	 122251
101648 	  68681
101648 	   5103
101648 	   5133
101648 	 118768
101648 	   2524
101648 	 108273
101648 	   2251
101648 	  75566
111297 	  59539
111297 	   2986
111297 	  15511
111297 	  67362
127221 	  59539
127221 	  67362
127221 	 126216
127221 	   5103
106697 	   4793
106697 	 109693
106697 	  96738
106697 	  70752
106697 	 102278
106697 	 110268
106697 	 108185
106697 	 117951
106697 	 105970
106697 	  53106
106697 	   5133
106697 	   3208
106697 	 101673
106697 	 114259
106697 	   2524
106697 	 108273
106697 	   2251
106697 	 127221
 74286 	 127102
 74286 	 118052
 74286 	 117891
 74286 	  52768
 74286 	  15511
 74286 	 113027
 74286 	 130983
 74286 	 126721
 74286 	  99477
 74286 	 127855
 74286 	 119325
 74286 	 128492
 74286 	 119311
 74286 	 101463
 74286 	 120065
 74286 	 110588
 74286 	  62268
 74286 	 124477
 27623 	  82318
 34379 	  59539
 34379 	  50275
 34379 	   2986
 34379 	  91926
 34379 	 122840
 34379 	 126216
 34379 	 108273
 95781 	  59539
 95781 	  62372
 95781 	  51213
 95781 	  67362
 95781 	  68681
 95781 	 108273
124177 	   4793
124177 	 119680
124177 	  69026
124177 	  81306
 65782 	  78533
 65782 	  15511
 65782 	 103813
 65782 	 122840
 65782 	  44074
 65782 	  76449
 65782 	 108273
 65782 	  74286
116898 	 106567
116898 	  94908
116898 	  94927
116898 	 117891
116898 	 127533
116898 	  91848
116898 	 101280
116898 	 103813
116898 	 129644
116898 	  67846
116898 	 129434
116898 	 130217
116898 	 109370
116898 	 111666
116898 	 125990
116898 	  98252
116898 	 110588
116898 	 103677
100142 	  59539
100142 	  91563
100142 	   5543
100142 	  62372
100142 	 109693
100142 	  29716
100142 	  95603
100142 	  91926
100142 	  96113
100142 	 122840
100142 	 126216
 51767 	 106567
 51767 	  59539
 51767 	  96511
 51767 	  15511
 51767 	   9967
 51767 	 111666
 51767 	  66221
 51767 	 108273
 51767 	   2251
 51767 	  94602
 74885 	 106567
 74885 	  59539
 74885 	 117891
 74885 	   5543
 74885 	  96113
 74885 	  99477
 74885 	 129644
 74885 	 126216
 74885 	   5133
 74885 	  94602
105156 	 126869
105156 	 126040
105156 	  15511
105156 	  31490
105156 	  94785
105156 	 108273
105156 	   1531
105156 	  51767
119717 	  91563
119717 	  52768
119717 	   2986
119717 	   5543
119717 	 126216
119717 	   5103
119717 	   5133
 95409 	   2986
 95409 	  51213
 95409 	  91926
 95409 	 111407
 95409 	 131017
 95409 	  67362
 95409 	  94785
 95409 	   5103
 95409 	 108273
 95409 	 100142
124225 	  18307
124225 	  29716
124225 	 126216
124225 	   5133
124225 	 101673
124225 	 108273
 99213 	  59539
 99213 	 126216
 99213 	   5103
 99213 	 108273
 98469 	  59539
 98469 	  50275
 98469 	  75030
 98469 	  15511
 98469 	 109693
 98469 	  85890
 98469 	   2622
 98469 	 101673
 98469 	 111297
119685 	  15511
119685 	 102278
119685 	  29716
119685 	 113290
119685 	   2251
121308 	  59539
121308 	  50275
121308 	  39079
121308 	  91563
121308 	  78533
121308 	   2986
121308 	  80370
121308 	 130780
121308 	 113027
121308 	 114379
121308 	 110268
121308 	  90147
121308 	  91926
121308 	 111407
121308 	  67362
121308 	  93950
121308 	  58481
121308 	  53106
121308 	 105815
121308 	 126216
121308 	 130986
121308 	  94785
121308 	   2332
121308 	  52894
121308 	  43129
121308 	   5103
121308 	   8179
121308 	   5133
121308 	  76449
121308 	  91880
121308 	 114673
121308 	 101673
121308 	  93866
121308 	 108273
121308 	  92527
121308 	 108174
121308 	  90137
121308 	 111297
121308 	  74286
121308 	  28201
128471 	  75030
 77148 	 127102
 77148 	  50275
 77148 	  91563
 77148 	  80076
 77148 	   2986
 77148 	  80370
 77148 	 128844
 77148 	  15511
 77148 	 130983
 77148 	  85402
 77148 	  94264
 77148 	 111407
 77148 	  85890
 77148 	  94785
 77148 	  68681
 77148 	   5103
 77148 	  76449
 77148 	 101365
 77148 	 115606
 77148 	 120998
 77148 	   2251
 77148 	  74286
 96223 	  39337
 70314 	 106567
 70314 	 100617
 70314 	 113401
 70314 	  94908
 70314 	 127102
 70314 	 118052
 70314 	  96511
 70314 	 130387
 70314 	 102380
 70314 	 117891
 70314 	 119680
 70314 	 130665
 70314 	  78533
 70314 	  97838
 70314 	   5543
 70314 	  75030
 70314 	 106302
 70314 	 128844
 70314 	 106205
 70314 	 127533
 70314 	 110571
 70314 	  99902
 70314 	  88333
 70314 	  96738
 70314 	  70752
 70314 	   8980
 70314 	  91848
 70314 	 129131
 70314 	 105455
 70314 	 126626
 70314 	 113027
 70314 	 130983
 70314 	  93171
 70314 	 114379
 70314 	 126721
 70314 	 101280
 70314 	 110268
 70314 	 103813
 70314 	  66308
 70314 	  95442
 70314 	   5646
 70314 	 102503
 70314 	  94264
 70314 	 113290
 70314 	 100909
 70314 	 117951
 70314 	 101510
 70314 	 127855
 70314 	 130218
 70314 	   4363
 70314 	 119325
 70314 	  93950
 70314 	 118363
 70314 	 100782
 70314 	 129960
 70314 	 129434
 70314 	  91637
 70314 	 102383
 70314 	 122251
 70314 	 125161
 70314 	 130217
 70314 	 119311
 70314 	 125839
 70314 	   2622
 70314 	  91880
 70314 	 103133
 70314 	 101463
 70314 	 108127
 70314 	 111666
 70314 	 128974
 70314 	  99159
 70314 	  66221
 70314 	  99455
 70314 	  96900
 70314 	   2524
 70314 	 108273
 70314 	 115606
 70314 	 110588
 70314 	   2251
 70314 	 103677
 70314 	 122600
 70314 	  58632
 70314 	  62268
 70314 	  58416
 70314 	 117884
 70314 	 124477
 70314 	 101648
 70314 	 106697
 70314 	 116898
 70314 	 105156
 70314 	  95409
 70314 	  98469
 70314 	 128471
 70314 	  96223
  3715 	  91563
  3715 	   2986
  3715 	  94332
  3715 	  67362
  3715 	 126216
  3715 	   5103
  3715 	   5133
  3715 	 108273
  3715 	   3715
115258 	 106567
115258 	  88141
115258 	  85402
115258 	  85890
115258 	  68681
115258 	 108273
 87759 	   2986
 87759 	   5543
 87759 	  62372
 87759 	  51213
 87759 	  29716
 87759 	  67362
 87759 	 126216
 87759 	   5103
 87759 	   3715
126248 	  59539
126248 	  67362
126248 	 126216
126248 	   5103
126248 	 108273
126248 	  27623
126248 	   3715
102995 	  59539
102995 	  95573
102995 	  78533
102995 	  51213
102995 	  96113
102995 	 105970
102995 	  68681
102995 	 103296
102995 	  76449
102995 	 120998
102995 	  74286
120346 	  59539
120346 	  91563
120346 	  78533
120346 	  62372
120346 	  51213
120346 	  63310
120346 	 126216
120346 	   2332
120346 	   5103
120346 	   5133
120346 	  76449
120346 	  15972
120346 	  74286
118432 	 106567
118432 	  94927
118432 	 127533
118432 	  91848
118432 	 101280
118432 	 103813
118432 	 129434
118432 	 128492
118432 	 130217
118432 	 125990
118432 	 110588
  2267 	  97838
  2267 	 125839
  2267 	 110588
  2267 	 124477
  2267 	  95409
   514 	 110268
   514 	  10217
   514 	  90147
   514 	 122840
   514 	  91880
   514 	   3208
   514 	  90137
 82463 	 126216
 82463 	 103296
 82463 	 116522
 82463 	 120998
115465 	 106567
115465 	 100617
115465 	  96113
115465 	  67362
115465 	  98252
115465 	 110588
115465 	  82318
115465 	   3715
107890 	 106567
107890 	  80076
107890 	 126869
107890 	  99477
107890 	   2524
107890 	 108273
107890 	   1531
 95790 	  59539
 95790 	  29716
 95790 	  69026
 95790 	  81306
 95790 	 126216
 95790 	 103296
 95790 	 101673
 95790 	 108273
 95790 	 128471
 95350 	  59539
 95350 	  62372
 95350 	  18307
 95350 	 122840
 95350 	 126216
 95350 	 103296
 95350 	 114673
 95350 	  15972
 95350 	 111297
101486 	  59539
101486 	   5543
101486 	  62372
101486 	  96113
101486 	 122840
101486 	 126216
101486 	   5103
101486 	   5133
101486 	   3715
101809 	  64266
 48728 	 106567
 48728 	 100617
 48728 	  94908
 48728 	 117891
 48728 	 110641
 48728 	  92014
 48728 	 106205
 48728 	 110571
 48728 	 107934
 48728 	 127649
 48728 	  95442
 48728 	  94264
 48728 	  99477
 48728 	 129644
 48728 	 118363
 48728 	 105815
 48728 	 115173
 48728 	 124419
 48728 	 125839
 48728 	 116522
 48728 	 103133
 48728 	 108127
 48728 	 111666
 48728 	 128974
 48728 	 101365
 48728 	 115606
 48728 	 110588
 48728 	 124477
 48728 	 106697
 48728 	  95409
 48728 	  99213
 48728 	  98469
 48728 	 128471
 48728 	 102995
 48728 	 115465
 48728 	 101486
 48728 	 101809
109399 	  88141
109399 	 100225
109399 	  95573
109399 	 109693
109399 	 110268
109399 	  95603
109399 	  90147
109399 	  91880
109399 	 101365
109399 	   3208
109399 	  93866
109399 	  90137
109399 	 127221
109399 	  95350
 86335 	  95573
 86335 	 110268
 86335 	  90147
 86335 	 117951
 86335 	 101892
 86335 	  91880
 86335 	 101365
 86335 	  93866
 86335 	  90137
 86335 	  95350
 61797 	  59539
 61797 	  91563
 61797 	  96113
 61797 	 111407
 61797 	 126216
 61797 	   5103
 61797 	 101673
 61797 	  93866
 61797 	 109399
 95513 	 106567
 95513 	  59539
 95513 	 117891
 95513 	 119680
 95513 	  62372
 95513 	  15511
 95513 	  96113
 95513 	  99477
 95513 	  44074
 95513 	 129644
 95513 	 126216
 95513 	   5103
 95513 	 107568
 95513 	   2251
 95513 	 111297
 95513 	 128471
 95513 	  96223
 94015 	 100617
 94015 	  94927
 94015 	  96511
 94015 	 117976
 94015 	 119680
 94015 	 130665
 94015 	  62372
 94015 	  15511
 94015 	  18307
 94015 	 126626
 94015 	  29716
 94015 	 101510
 94015 	  44074
 94015 	 128492
 94015 	 122251
 94015 	 103296
 94015 	  66221
 94015 	  15972
 94015 	  75566
 94015 	 101648
 94015 	  96223
 94015 	  95513
117213 	 106567
117213 	  94927
117213 	 102380
117213 	 119680
117213 	 127533
117213 	 109693
117213 	  91848
117213 	 102278
117213 	 101280
117213 	 103813
117213 	 108185
117213 	 129434
117213 	 128492
117213 	 130217
117213 	 111666
117213 	 119717
117213 	 124225
117213 	 128471
 94005 	 117976
 94005 	   2986
 94005 	  15511
 94005 	  67362
 94005 	 125161
 94005 	 101673
 94005 	 108273
 94005 	   2251
 94005 	  94602
 94005 	 111297
 94005 	  86335
123976 	  59539
123976 	   2986
123976 	  91848
123976 	  94332
123976 	  99477
123976 	  76449
123976 	 108273
123976 	  74286
123976 	   3715
 18023 	  88141
 18023 	  39337
 18023 	 114379
 18023 	  94332
 18023 	 114535
 18023 	  65782
 18023 	   3715
 65978 	  80370
 65978 	  15511
 65978 	 130780
 65978 	  51213
 65978 	 114535
 65978 	  96113
 65978 	 111407
 65978 	 131017
 65978 	  67362
 65978 	  58481
 65978 	 126216
 65978 	  94785
 65978 	  52894
 65978 	   5103
 65978 	   3208
 65978 	 108273
 65978 	 108174
 65978 	 100142
 65978 	   3715
 65978 	   2267
129747 	  94927
129747 	  88141
129747 	  15511
129747 	  51213
129747 	  63310
129747 	  92865
129747 	  85890
129747 	 126216
129747 	 103296
129747 	 116522
129747 	  15972
129747 	 100142
117950 	 108185
109086 	   4793
109086 	 109693
109086 	  96738
109086 	  70752
109086 	 102278
109086 	 100909
109086 	 108185
109086 	 117951
109086 	 105970
109086 	  53106
109086 	   3208
109086 	 101673
109086 	 114259
109086 	   2524
109086 	 108273
109086 	   2251
109086 	  52786
109086 	 127221
109086 	 116898
109086 	 128471
109086 	  96223
109086 	 120346
109086 	 118432
 76438 	  88141
 76438 	  39337
 76438 	   2986
 76438 	   5543
 76438 	 116522
 76438 	   3715
 76438 	 109399
122891 	  94908
122891 	  94927
122891 	 118052
122891 	 102380
122891 	 117891
122891 	 117976
122891 	 119680
122891 	  97838
122891 	 106302
122891 	 127533
122891 	 114621
122891 	  51213
122891 	 110268
122891 	  85402
122891 	 101160
122891 	  31490
122891 	 102078
122891 	 101510
122891 	  44074
122891 	  85890
122891 	 129434
122891 	 124419
122891 	  91637
122891 	 103296
122891 	 128762
122891 	   2622
122891 	  95336
122891 	  98252
122891 	 118768
122891 	 122945
122891 	 101673
122891 	   2524
122891 	  62649
122891 	 101648
122891 	 118432
122891 	 117213
122891 	 117950
122891 	 122891
 79171 	  59539
 79171 	  67362
 79171 	 126216
 79171 	   5103
 79171 	 109399
124881 	  59539
124881 	 117976
124881 	  96113
124881 	 122840
124881 	 103296
124881 	 109399
126974 	  91563
126974 	  96738
126974 	   4363
126974 	 126216
126974 	   3208
126974 	   2524
126974 	 115606
126974 	 121308
126974 	  94015
105523 	  59539
105523 	 117976
105523 	  62372
105523 	  15511
105523 	  29716
105523 	 125161
105523 	  76449
105523 	 101673
105523 	   2251
105523 	 111297
105523 	  74286
105523 	  76438
129421 	  59539
129421 	  91563
129421 	   2986
129421 	   5543
129421 	 109693
129421 	  29716
129421 	  94332
129421 	  67362
129421 	   5103
129421 	   5133
129421 	  92527
129421 	 111297
129421 	   3715
129421 	 109399
113610 	  59539
113610 	   2986
113610 	  62372
113610 	  18307
113610 	  94332
113610 	 126216
113610 	 103296
113610 	 116522
113610 	  15972
113610 	 111297
113610 	  79171
103091 	 101280
 67993 	  62372
 67993 	  18307
 67993 	 114379
 67993 	  29716
 67993 	  91926
 67993 	  53672
 67993 	 126216
 67993 	 101365
 67993 	   3208
 67993 	 120998
 67993 	  15972
 67993 	  79171
 98991 	  59539
 98991 	   2986
 98991 	  96113
 98991 	  67362
 98991 	 126216
 98991 	   5103
110898 	  18307
110898 	  15972
110898 	  79171
 61753 	  91563
 61753 	 109693
 61753 	   8980
 61753 	  91926
 61753 	 126216
 61753 	 105733
 61753 	  79310
 61753 	 108174
 61753 	  27623
 61753 	 109399
 93696 	  88141
 93696 	  15511
 93696 	  85402
 93696 	  85890
 93696 	  68681
 93696 	 103296
 93696 	  95336
 93696 	 108273
 58883 	  92014
 58883 	 109693
 58883 	 126721
 58883 	  62268
 58883 	 117213
119884 	  59539
119884 	  50275
119884 	   2986
119884 	   5543
119884 	  67362
119884 	 126216
119884 	   5133
119884 	  79310
119884 	 108273
119884 	  27623
119884 	 100142
119884 	   3715
119884 	 109399
119884 	 117213
119884 	  79171
110974 	  88141
110974 	  59539
110974 	  50275
110974 	  39079
110974 	  91563
110974 	   5543
110974 	  62372
110974 	 114621
110974 	  18307
110974 	   9967
110974 	 113027
110974 	  51213
110974 	  91926
110974 	 114535
110974 	  96113
110974 	  67362
110974 	 126216
110974 	 125161
110974 	  52894
110974 	  43129
110974 	   5103
110974 	  85142
110974 	 108273
110974 	  92527
110974 	  27623
110974 	 105156
110974 	   3715
110974 	 115465
110974 	  79171
123022 	 106567
123022 	  94908
123022 	  96511
123022 	 117891
123022 	  91848
123022 	 101280
123022 	  31490
123022 	 128492
123022 	 122251
123022 	 109370
123022 	 125990
123022 	 103677
123022 	 119717
123022 	 120346
123022 	 129747
123022 	 110974
100744 	  88141
100744 	 117891
100744 	  62372
100744 	  15511
100744 	  51213
100744 	 128492
100744 	 103296
100744 	  72992
100744 	  15972
100744 	 128471
100744 	  61797
100744 	  79171
100744 	 100744
118234 	 106567
118234 	 100617
118234 	  96511
118234 	 117891
118234 	 110641
118234 	 100225
118234 	 127242
118234 	  97838
118234 	 106302
118234 	  15511
118234 	  99902
118234 	  88333
118234 	  91848
118234 	 126626
118234 	 103813
118234 	  31490
118234 	 100909
118234 	  99477
118234 	 119111
118234 	 129644
118234 	  93950
118234 	  67846
118234 	 100782
118234 	  53106
118234 	 129434
118234 	 128492
118234 	 102383
118234 	 125839
118234 	  76449
118234 	 103133
118234 	 111666
118234 	 118768
118234 	  99159
118234 	 102481
118234 	 115606
118234 	 110588
118234 	 122600
118234 	  58632
118234 	 117884
118234 	 124477
118234 	  74286
118234 	  51767
118234 	  95409
118234 	 119685
118234 	 128471
118234 	  96223
118234 	  94015
118234 	  76438
118234 	 122891
118234 	 113610
118234 	 103091
118234 	  93696
118234 	 110974
118234 	 123022
122171 	  50275
122171 	   5543
122171 	  80370
122171 	  51213
122171 	 101160
122171 	  91926
122171 	  94785
122171 	   5103
122171 	 101673
122171 	 108273
122171 	  27623
122171 	 109399
122171 	 122171
115883 	   2986
115883 	   5103
115883 	 119884
103973 	 110268
103973 	 101160
103973 	  90147
103973 	  94332
103973 	  93866
103973 	  90137
 67672 	  96511
 67672 	 117891
 67672 	   2986
 67672 	 106302
 67672 	 126721
 67672 	 100909
 67672 	 108185
 67672 	 127855
 67672 	  67362
 67672 	 129960
 67672 	 126216
 67672 	 128492
 67672 	  91637
 67672 	 125990
 67672 	  75566
 67672 	  62268
 67672 	  27623
 67672 	  51767
 67672 	  98469
 67672 	 119685
 67672 	 128471
 67672 	  96223
 67672 	 129747
 67672 	 110974
 67672 	 123022
 67672 	 115883
 67672 	 103973
111227 	  39337
111227 	  50275
111227 	 114621
111227 	  95603
111227 	  94332
111227 	 100909
111227 	  94785
111227 	  91880
111227 	 101673
111227 	 120998
111227 	   1531
111227 	 119685
111227 	  96223
111227 	   3715
111227 	  95790
111227 	 117213
111227 	 117950
111227 	 119884
 52250 	 128471
121157 	  39337
 81503 	  94332
 81503 	 118768
 81503 	   3208
 81503 	 101673
 81503 	   3715
116540 	  59539
116540 	  39079
116540 	 100225
116540 	  95573
116540 	  76155
116540 	  70752
116540 	   8980
116540 	 114379
116540 	  95603
116540 	  90147
116540 	  91926
116540 	 114535
116540 	  96113
116540 	 111407
116540 	 131017
116540 	  94785
116540 	  52894
116540 	 103296
116540 	  43129
116540 	   8179
116540 	  97207
116540 	 116522
116540 	 108127
116540 	   3208
116540 	 108273
116540 	  92527
116540 	  90137
116540 	 107489
116540 	 116898
116540 	 100142
116540 	   3715
116540 	   2267
116540 	  94005
116540 	 129421
116540 	 100744
123045 	 127533
123045 	 109693
123045 	  88333
123045 	  91848
123045 	 101280
123045 	 103813
123045 	  67846
123045 	 130217
123045 	 110588
123045 	 129747
123045 	 123045
  2268 	  94785
  7303 	 127102
  7303 	  59539
  7303 	  95573
  7303 	  80370
  7303 	 128844
  7303 	 130983
  7303 	  51213
  7303 	  92865
  7303 	  96113
  7303 	  94785
  7303 	 103296
  7303 	 114673
  7303 	  34379
  7303 	   2267
  7303 	  95790
126651 	 106567
126651 	 117891
126651 	 128397
126651 	  80076
126651 	 106205
126651 	 103813
126651 	 129859
126651 	 128492
126651 	 129208
126651 	 110588
126651 	   2251
126651 	 124225
126651 	 101486
126651 	 123045
126651 	 126651
 92509 	 100617
 92509 	 130387
 92509 	 117891
 92509 	 127533
 92509 	 109693
 92509 	 126721
 92509 	 101280
 92509 	  99477
 92509 	 128492
 92509 	 130217
 92509 	 125990
 92509 	 110588
 92509 	 122600
 92509 	 109399
 82242 	  59539
 82242 	   2986
 82242 	 114621
 82242 	  94332
 82242 	  67362
 82242 	 126216
 82242 	 125161
 82242 	   5103
 82242 	 114673
 82242 	  85142
 82242 	 101673
 82242 	   1531
 82242 	   3715
 82242 	    514
113681 	  82318
113681 	   3715
 75661 	 106567
 75661 	  94927
 75661 	 117891
 75661 	 119680
 75661 	 127533
 75661 	 109693
 75661 	  91848
 75661 	 101280
 75661 	 103813
 75661 	  99477
 75661 	 129644
 75661 	 129434
 75661 	 128492
 75661 	 111666
 75661 	 125990
 75661 	  98252
 75661 	 108273
 75661 	 110588
 75661 	   2251
 75661 	  96223
 75661 	 129747
 66563 	  92014
 66563 	   8980
 66563 	 126721
 66563 	 129960
 66563 	  91637
 66563 	  18023
 62878 	  59539
 62878 	   4793
 62878 	  62372
 62878 	  51213
 62878 	  96113
 62878 	 122840
 62878 	 126216
 62878 	 116522
 62878 	 107568
 62878 	 101365
 62878 	 108273
 62878 	  15972
 62878 	  95790
 62878 	 109399
 62878 	 100744
100172 	  59539
100172 	  62372
100172 	  15511
100172 	  51213
100172 	  29716
100172 	  44074
100172 	 125161
100172 	 105733
100172 	 103296
100172 	 108273
100172 	  15972
100172 	  79171
100172 	 123045
108160 	  94927
108160 	  59539
108160 	 117891
108160 	 117976
108160 	  78533
108160 	   2986
108160 	  62372
108160 	  15511
108160 	  18307
108160 	  29716
108160 	 103296
108160 	  76449
108160 	  98252
108160 	  74286
108160 	  76438
108160 	  79171
108160 	  98991
108160 	 100172
 77586 	  59539
 77586 	   2986
 77586 	  67362
 77586 	 126216
 77586 	  68681
 77586 	   5103
 77586 	   5133
 77586 	 114673
 77586 	 101673
 77586 	   3715
 77586 	 122171
128300 	  59539
128300 	  62372
128300 	  18307
128300 	  51213
128300 	  29716
128300 	  96113
128300 	 103296
128300 	   5103
128300 	 108273
128300 	  15972
128300 	  79171
101850 	 109693
101850 	 108174
101850 	  48486
101850 	  27623
101850 	 119685
101850 	  96223
101850 	 117213
101850 	 111227
101850 	  62878
 50309 	  59539
 50309 	  39337
 50309 	 100225
 50309 	  80370
 50309 	 105970
 50309 	  58481
 50309 	 101892
 50309 	  94785
 50309 	 125161
 50309 	 103296
 50309 	 101365
 50309 	 100142
 50309 	   2267
 50309 	 123976
 50309 	 100744
 50309 	  82242
 50309 	  66563
 91740 	  58883
 59944 	  39337
 59944 	  94332
 80885 	   9595
 80885 	  91848
 80885 	 101160
 80885 	  94332
 80885 	  85890
 80885 	  67846
 80885 	 122251
 80885 	 125161
 80885 	  99159
 80885 	   2524
 80885 	  65782
 80885 	  95350
 80885 	 101486
 80885 	  58883
 80885 	 123045
 66886 	  91563
 66886 	   2986
 66886 	   5543
 66886 	  62372
 66886 	  18307
 66886 	   8980
 66886 	  51213
 66886 	  29716
 66886 	  91926
 66886 	 114535
 66886 	 111407
 66886 	  65863
 66886 	  94785
 66886 	  43129
 66886 	  85142
 66886 	 108273
 66886 	  15972
 66886 	   3715
 66886 	   2267
 66886 	  79171
 66886 	 122171
 66886 	   2268
 66886 	  92509
 66886 	  66563
103733 	   4793
103733 	 109693
103733 	  96738
103733 	  70752
103733 	 102278
103733 	 110268
103733 	 108185
103733 	 117951
103733 	 105970
103733 	  53106
103733 	   5133
103733 	   3208
103733 	 101673
103733 	 114259
103733 	   2524
103733 	 108273
103733 	   2251
103733 	 127221
103733 	 116898
103733 	 128471
103733 	  96223
103733 	 120346
103733 	 118432
103733 	 129421
103733 	 122171
103733 	  77586
 74664 	  59539
 74664 	  50275
 74664 	   2986
 74664 	 122840
 74664 	  67362
 74664 	 126216
 74664 	   5103
 74664 	   5133
 74664 	 101673
 74664 	 108273
106244 	  59539
106244 	   5543
106244 	  62372
106244 	  96113
106244 	 122840
106244 	 126216
106244 	   5103
106244 	   5133
106244 	   3715
106244 	 109399
106244 	  79171
100737 	 130387
100737 	  80076
100737 	   2986
100737 	  15511
100737 	  66388
100737 	 109370
100737 	 101673
100737 	 108273
100737 	  94602
100737 	  52250
100737 	 126651
108765 	  59539
108765 	 117976
108765 	  78533
108765 	  15511
108765 	  29716
108765 	   5103
108765 	   5133
108765 	  76449
108765 	 107568
108765 	  74286
108765 	  76438
108765 	 126651
108765 	  74664
119270 	 127102
119270 	  39337
119270 	  92014
119270 	  91563
119270 	   2986
119270 	   5543
119270 	  62372
119270 	  76155
119270 	 128844
119270 	 122022
119270 	  88333
119270 	  96738
119270 	 125052
119270 	 130983
119270 	 131151
119270 	 126721
119270 	  95603
119270 	  90147
119270 	  92865
119270 	  94332
119270 	 117951
119270 	 127855
119270 	  58481
119270 	  53106
119270 	 105815
119270 	 126216
119270 	 130986
119270 	  97207
119270 	   5133
119270 	  91880
119270 	 114673
119270 	  96012
119270 	  73957
119270 	 114259
119270 	   2524
119270 	  90137
119270 	  94602
119270 	 107489
119270 	 116898
119270 	  28201
119270 	  69513
119270 	 115465
119270 	 107890
119270 	  95790
119270 	  94015
119270 	 117213
119270 	  79171
119270 	 122171
119270 	  92509
119270 	 108160
119270 	  77586
126646 	  96113
126646 	  85890
126646 	 103296
126646 	 120998
108254 	  59539
108254 	  50275
108254 	   2986
108254 	  15511
108254 	  51213
108254 	  67362
108254 	 107568
108254 	   3715
103038 	   5543
103038 	 126216
103038 	   5103
103038 	   5133
103038 	 101673
103038 	   3715
103038 	 109399
103038 	 122171
103038 	 111227
126048 	  94908
126048 	 117891
126048 	 117976
126048 	  78533
126048 	  15511
126048 	  18307
126048 	  63310
126048 	  99477
126048 	  44074
126048 	 126216
126048 	 129434
126048 	 102383
126048 	  76449
126048 	 107568
126048 	  66221
126048 	 101673
126048 	 108273
126048 	 101648
126048 	  74286
126048 	  76438
126048 	 123045
126048 	  74664
126048 	 126646
 86131 	 106567
 86131 	 119680
 86131 	 109693
 86131 	  88333
 86131 	  91848
 86131 	 101280
 86131 	 103813
 86131 	  99477
 86131 	  67846
 86131 	 129434
 86131 	 130217
 86131 	 111666
 86131 	 125990
 86131 	 110588
 86131 	 128471
 86131 	 129747
 86131 	 123045
  7854 	  59539
  7854 	  39337
  7854 	   2986
  7854 	  80370
  7854 	 130780
  7854 	  51213
  7854 	  91926
  7854 	 114535
  7854 	  65863
  7854 	  70646
  7854 	  94785
  7854 	  52894
  7854 	  43129
  7854 	   8179
  7854 	 101673
  7854 	  37464
  7854 	   2267
  7854 	  94005
  7854 	 122171
  7854 	   2268
  7854 	  92509
  7854 	  66563
  7854 	   7854
126574 	  94927
126574 	  96511
126574 	 117891
126574 	 126869
126574 	  96113
126574 	 129434
126574 	 128492
126574 	 122600
126574 	  91740
126574 	 126574
 66058 	  88141
 66058 	  50275
 66058 	  93163
 66058 	  92014
 66058 	  39079
 66058 	 128397
 66058 	  91563
 66058 	   2986
 66058 	   8980
 66058 	 126200
 66058 	 113027
 66058 	 114379
 66058 	 131151
 66058 	 110268
 66058 	  90147
 66058 	  91926
 66058 	  94264
 66058 	 111407
 66058 	 122840
 66058 	  58481
 66058 	  53106
 66058 	 126216
 66058 	  94785
 66058 	  52894
 66058 	  43129
 66058 	   5103
 66058 	   8179
 66058 	 116522
 66058 	   5133
 66058 	  91880
 66058 	 101673
 66058 	 114259
 66058 	  93866
 66058 	 108273
 66058 	 120998
 66058 	  92527
 66058 	 108174
 66058 	  90137
 66058 	  94602
 66058 	 111297
 66058 	  28201
 66058 	  69513
 66058 	 107890
 66058 	  94015
 66058 	 117213
 66058 	  94005
 66058 	 117950
 66058 	 129421
 66058 	 118234
 66058 	 122171
 66058 	 111227
 66058 	 121157
 66058 	 108160
 66058 	   7854
 66058 	  66058
127707 	  50275
127707 	   5103
127707 	  27623
127707 	 119685
127707 	 109399
127707 	  62878
 94837 	  39337
 94837 	  91563
 94837 	   5543
 94837 	  62372
 94837 	 117951
 94837 	 105970
 94837 	   5133
 94837 	 101673
 94837 	  15972
 94837 	   3715
 94837 	 107890
 94837 	 117950
 94837 	  79171
 94837 	  82242
126274 	  59539
126274 	  91563
126274 	   5543
126274 	  18307
126274 	  51213
126274 	  29716
126274 	 122840
126274 	  67362
126274 	 126216
126274 	   5103
126274 	   5133
126274 	  91880
126274 	  15972
126274 	   3715
126274 	 109399
126274 	 122171
124069 	 106567
124069 	 117976
124069 	 103813
124069 	  99477
124069 	 126651
124069 	 126646
119890 	  59539
119890 	 109693
119890 	  96738
119890 	  70752
119890 	 130780
119890 	 102278
119890 	 100909
119890 	 117951
119890 	 105970
119890 	 101673
119890 	 114259
119890 	   2524
119890 	 108273
119890 	   2251
119890 	 127221
119890 	 116898
119890 	 128471
119890 	  96223
119890 	 118432
119890 	 129421
119890 	 122171
119890 	  77586
119890 	 119270
119890 	  99548
 41611 	  59539
 41611 	 117976
 41611 	  62372
 41611 	  18307
 41611 	  51213
 41611 	 103813
 41611 	  96113
 41611 	 103296
 41611 	 107568
 41611 	 108273
 41611 	  79171
127382 	  18307
127382 	  15972
127382 	  79171
 60615 	  59539
 60615 	  96113
 60615 	  67362
 60615 	   5103
 60615 	 101673
 60615 	 108273
 60615 	 109399
103084 	  88141
103084 	  59539
103084 	  50275
103084 	  97838
103084 	   8980
103084 	  28241
103084 	  99477
103084 	 129644
103084 	  53106
103084 	   5103
103084 	 107568
103084 	 101365
103084 	  66221
103084 	  99455
103084 	 108273
103084 	  92527
103084 	 119717
103084 	  96223
103084 	 101486
103084 	 119884
103084 	 111227
103084 	  62878
103084 	 126646
130419 	   2986
130419 	  99477
130419 	 108273
130419 	 127707
 68575 	  59539
 68575 	  15511
 68575 	  51213
 68575 	  85402
 68575 	  96113
 68575 	  44074
 68575 	  85890
 68575 	  68681
 68575 	 103296
 68575 	   3208
 68575 	 108273
 68575 	 120998
 68575 	  79171
 68575 	  52250
117924 	  59539
117924 	 109693
117924 	  96738
117924 	  70752
117924 	 130780
117924 	 102278
117924 	 110268
117924 	 108185
117924 	 117951
117924 	 105970
117924 	   5133
117924 	 101673
117924 	 114259
117924 	   2524
117924 	 108273
117924 	   2251
117924 	 127221
117924 	 116898
117924 	 128471
117924 	  96223
117924 	 120346
117924 	 118432
117924 	 129421
117924 	 122171
117924 	  77586
117924 	 119270
117924 	  99548
 62617 	  94927
 62617 	 117976
 62617 	 103296
 62617 	 101673
 62617 	 108273
 62617 	   2251
 62617 	  96223
 62617 	 126646
128707 	  59539
128707 	 103296
126992 	  59539
126992 	 117976
126992 	  78533
126992 	  15511
126992 	  18307
126992 	  29716
126992 	  67846
126992 	 126216
126992 	  16479
126992 	  76449
126992 	 108273
126992 	   1531
126992 	 111297
126992 	  74286
126992 	   3715
126992 	  76438
126992 	  79171
126992 	 122171
126992 	  74664
126992 	  41611
126992 	  62617
 96495 	  29716
 96495 	  99477
 96495 	 103296
 96495 	   5133
 96495 	 101673
 96495 	 108273
 96495 	   3715
105872 	  59539
105872 	  39079
105872 	  91563
105872 	   2986
105872 	   5543
105872 	  80370
105872 	  62372
105872 	 109693
105872 	  18307
105872 	 105455
105872 	  51213
105872 	  29716
105872 	 110268
105872 	  94332
105872 	  96113
105872 	 122840
105872 	  44074
105872 	 126216
105872 	  94785
105872 	 103296
105872 	   5103
105872 	 116522
105872 	  91880
105872 	   3208
105872 	  93866
105872 	 108273
105872 	 120998
105872 	  15972
105872 	 111297
105872 	 100142
105872 	 121308
105872 	   3715
105872 	  94015
105872 	  79171
105872 	 100744
105872 	 122171
105872 	  66563
105872 	  70788
105872 	  66058
101248 	  59539
101248 	  15511
101248 	  51213
101248 	  67846
101248 	   5103
101248 	   5133
101248 	 114673
101248 	 108273
101248 	   3715
124765 	  59539
124765 	 114621
124765 	  96113
124765 	   5103
124765 	  76449
124765 	 108273
124765 	  74286
124765 	  76438
124765 	  74664
124765 	  41611
124765 	  62617
 95929 	  59539
 95929 	   2986
 95929 	  62372
 95929 	  96113
 95929 	  68681
 95929 	   5103
 95929 	   5133
 95929 	 101673
 95929 	 108273
 95929 	  62878
 97187 	 127533
 97187 	  91848
 97187 	 126626
 97187 	 101280
 97187 	 103813
 97187 	  96113
 97187 	 130217
 97187 	 128974
 97187 	 108273
 97187 	 110588
 97187 	 123045
 90122 	 106567
 90122 	  59539
 90122 	 116115
 76123 	  59539
 76123 	   5543
 76123 	 114621
 76123 	 109693
 76123 	  51213
 76123 	 122840
 76123 	 105970
 76123 	 116522
 76123 	  85142
 76123 	 119717
 76123 	 119685
 76123 	 117213
 76123 	  92509
 66016 	  39337
 66016 	   2986
 66016 	   5543
 66016 	  29716
 66016 	  91926
 66016 	  94332
 66016 	 126216
 66016 	   5133
 66016 	  15972
 66016 	   3715
 66016 	  79171
102704 	 123022
131601 	   2986
131601 	   5543
131601 	 126040
131601 	  75030
131601 	 124999
131601 	  51213
131601 	 126721
131601 	  31490
131601 	  94264
131601 	 101510
131601 	 118363
131601 	  91637
131601 	 102383
131601 	  36327
131601 	 107568
131601 	 129208
131601 	  73957
131601 	 119112
131601 	 108273
131601 	 111297
131601 	  74286
131601 	  51767
131601 	 115465
131601 	  76438
131601 	  93696
131601 	 111227
131601 	  50309
131601 	  41611
131601 	  62617
131601 	 101248
111569 	  59539
111569 	  91563
111569 	   2986
111569 	  96113
111569 	   5103
111569 	 116522
111569 	   5133
111569 	 108273
111569 	 111297
111569 	  27623
111569 	  62878
101342 	  39337
101342 	  52768
101342 	   5543
101342 	  80370
101342 	  91926
101342 	  65863
101342 	  94785
101342 	 103296
101342 	  85142
101342 	 101365
101342 	   2267
101342 	    514
101342 	  66563
101342 	  70788
101342 	   7854
 68241 	  59539
 68241 	  50275
 68241 	  62372
 68241 	  15511
 68241 	  18307
 68241 	  67362
 68241 	 126216
 68241 	 103296
 68241 	 114673
 68241 	  15972
 68241 	 109399
 68241 	  79171
124365 	  64266
 86570 	  59539
 86570 	 126216
 86570 	   5133
 86570 	 108273
 86570 	   3715
 97422 	   2986
 97422 	   5543
 97422 	 126216
 97422 	   5103
 97422 	   5133
 97422 	  27623
 97422 	   3715
 97422 	    514
 97422 	 109399
 97422 	 122171
113690 	  59539
113690 	  62372
113690 	  18307
113690 	  51213
113690 	  29716
113690 	 126216
113690 	 103296
113690 	 101673
113690 	  15972
113690 	   3715
113690 	  70788
 94367 	  59539
 94367 	  52768
 94367 	   2986
 94367 	  62372
 94367 	  15511
 94367 	  29716
 94367 	  66308
 94367 	  94264
 94367 	  67362
 94367 	  68681
 94367 	   5103
 94367 	 107568
 94367 	  73957
 94367 	  85142
 94367 	 119617
 94367 	   3715
 94367 	  86335
 94367 	  52250
108883 	 117976
108883 	 119680
108883 	  78533
108883 	  62372
108883 	  15511
108883 	  18307
108883 	  51213
108883 	  29716
108883 	 122251
108883 	 125161
108883 	 103296
108883 	  76449
108883 	 101673
108883 	 108273
108883 	  15972
108883 	  74286
108883 	  96223
108883 	  76438
108883 	  79171
108883 	  74664
108883 	 127707
108883 	  41611
108883 	  62617
128822 	  59539
128822 	   2986
128822 	  62372
128822 	  96113
128822 	 103296
128822 	   5133
128822 	 108273
128822 	 109399
128975 	  59539
128975 	  50275
128975 	   2986
128975 	  62372
128975 	  18307
128975 	  94332
128975 	 131017
128975 	  67362
128975 	 126216
128975 	 125161
128975 	   5103
128975 	   5133
128975 	 114673
128975 	 101673
128975 	  15972
128975 	   3715
128975 	    514
128975 	  79171
128975 	 122171
123702 	  59539
123702 	 117976
123702 	  62372
123702 	 126216
123702 	   5103
123702 	 101673
123702 	 108273
123702 	   2251
123702 	 109399
102759 	 117976
102759 	  97838
102759 	  15511
102759 	  31490
102759 	 101510
102759 	 130218
102759 	 100782
102759 	 101673
102759 	  94602
102759 	 101648
102759 	  94015
102759 	 122891
102759 	  93696
102759 	 103973
102759 	 126651
102759 	  66016
126225 	  15511
126225 	 126216
126225 	   3715
126225 	 126646
113068 	  59539
113068 	   2986
113068 	  29716
113068 	 126216
113068 	   5133
113068 	 101673
113068 	 108273
113068 	 122171
 95748 	  94927
 95748 	 102380
 95748 	 127242
 95748 	 126869
 95748 	   5543
 95748 	 114621
 95748 	 109693
 95748 	  99902
 95748 	  96738
 95748 	 129131
 95748 	 105455
 95748 	 131151
 95748 	  51213
 95748 	 110268
 95748 	 101160
 95748 	  95603
 95748 	  95442
 95748 	  31490
 95748 	 113290
 95748 	 100909
 95748 	 108185
 95748 	  99477
 95748 	 117951
 95748 	   5103
 95748 	   2622
 95748 	 108127
 95748 	  73957
 95748 	  99159
 95748 	  66221
 95748 	 122945
 95748 	  96900
 95748 	 115606
 95748 	  62268
 95748 	 111297
 95748 	  95781
 95748 	 116898
 95748 	  51767
 95748 	  28201
 95748 	 119685
 95748 	  95350
 95748 	  95513
 95748 	  94015
 95748 	 117213
 95748 	 122171
 95748 	 115883
 95748 	 123045
 95748 	  77586
 95748 	 108765
 95748 	 119270
 95748 	 126646
 95748 	  99548
 95748 	 126274
 95748 	 127382
 95748 	 130419
 95748 	 101248
 95748 	 111569
 95748 	 124365
 95748 	 108883
 95748 	 128822
 90406 	  59539
 90406 	   2986
 90406 	  67362
 90406 	 126216
 90406 	  68681
 90406 	   5103
 90406 	   5133
 90406 	 114673
 90406 	 101673
 90406 	   3715
 90406 	 122171
117793 	 108273
125108 	 119680
125108 	 100225
125108 	 126869
125108 	  62372
125108 	  88333
125108 	  51213
125108 	 126721
125108 	 127649
125108 	  95603
125108 	  63310
125108 	  91926
125108 	  31490
125108 	 114535
125108 	  96113
125108 	 117951
125108 	 129960
125108 	  85972
125108 	  68681
125108 	  72992
125108 	  65887
125108 	  97207
125108 	  85142
125108 	 128974
125108 	   3208
125108 	  96900
125108 	 108273
125108 	   1531
125108 	  94602
125108 	 111297
125108 	  95781
125108 	 116898
125108 	  51767
125108 	  99213
125108 	  98469
125108 	 115465
125108 	  95790
125108 	 101809
125108 	  95513
125108 	  65978
125108 	  79171
125108 	 126974
125108 	 106244
125108 	 100737
125108 	 108765
125108 	 130419
125108 	  51984
125108 	  97422
125108 	  76053
117490 	  88141
117490 	  59539
117490 	 114621
117490 	 114535
117490 	  96113
117490 	  85890
117490 	 126216
117490 	 125161
117490 	   5103
117490 	 116522
117490 	  85142
117490 	   3208
117490 	 108273
117490 	 111297
117490 	   3715
117490 	  79171
117490 	 122171
117490 	  70788
117344 	  59539
117344 	   2986
117344 	   5543
117344 	 126216
117344 	   5103
117344 	   5133
117344 	 101673
117344 	   3715
117344 	 122171
117344 	 126225
 97464 	   3208
 69636 	  15511
 69636 	  51213
 69636 	  67362
 69636 	  68681
 69636 	   5103
 69636 	 108273
 69636 	   3715
113639 	  88141
113639 	  76155
113639 	  51213
113639 	 101160
113639 	  90147
113639 	 122840
113639 	 119111
113639 	 101544
113639 	  53106
113639 	  99159
113639 	 122945
113639 	   2524
113639 	  93866
113639 	  90137
113639 	  65782
113639 	 117950
113639 	 101850
113639 	 117490
 52076 	 101160
 52076 	 129134
 52076 	 125161
 52076 	 122945
 52076 	 101673
 52076 	  93866
 52076 	  95350
 52076 	 117950
 52076 	  70788
 52076 	 117490
 34899 	  59539
 34899 	 119680
 34899 	  39079
 34899 	  62372
 34899 	  18307
 34899 	 102278
 34899 	 117951
 34899 	 127855
 34899 	  53106
 34899 	 126216
 34899 	   5103
 34899 	  73957
 34899 	 118768
 34899 	   2524
 34899 	 108273
 34899 	  15972
 34899 	  58416
 34899 	 111297
 34899 	 116898
 34899 	  28201
 34899 	  96223
 34899 	 118432
 34899 	  94015
 34899 	 117213
 34899 	  18023
 34899 	  79171
 34899 	 122171
 34899 	 108160
 34899 	  77586
 34899 	 119270
 34899 	 130419
 34899 	 101342
 34899 	  95748
 34899 	 117344
 73555 	  59539
 73555 	  96113
 73555 	 126646
 94032 	  59539
 94032 	 126869
 94032 	  51213
 94032 	  63310
 94032 	 126216
 94032 	  68681
 94032 	  72992
 94032 	   5103
 94032 	   3208
 94032 	 108273
 94032 	  94602
 94032 	   3715
 94032 	 122171
 94032 	  70788
 94032 	  76053
 94032 	  52076
 98993 	  59539
 98993 	 117976
 98993 	 114621
 98993 	  18307
 98993 	  51213
 98993 	  29716
 98993 	  96113
 98993 	  67362
 98993 	  68681
 98993 	 103296
 98993 	 101673
 98993 	 109399
 98993 	 126225
129520 	 117891
129520 	 111666
129520 	 115465
129520 	 103733
129520 	 126646
 50841 	  94927
 50841 	  96511
 50841 	 102380
 50841 	 117891
 50841 	 126869
 50841 	 106302
 50841 	  15511
 50841 	 129859
 50841 	 131017
 50841 	  93950
 50841 	 128492
 50841 	 125161
 50841 	 119112
 50841 	 108273
 50841 	   1531
 50841 	  94602
 50841 	 111297
 50841 	  95781
 50841 	 101486
 50841 	 122891
 50841 	 103091
 50841 	  98991
 50841 	 110974
 50841 	 122171
 50841 	 115883
 50841 	 100172
 50841 	 108254
 50841 	 101248
 50841 	  94367
 50841 	  94032
 50841 	 129520
 91849 	  59539
 91849 	  91563
 91849 	   2986
 91849 	  62372
 91849 	  15511
 91849 	  51213
 91849 	  29716
 91849 	  94332
 91849 	  85890
 91849 	 107568
 91849 	 108273
 91849 	  15972
 91849 	  79171
 91849 	 122171
 91849 	 111227
117925 	 113401
117925 	 118052
117925 	 102380
117925 	 117891
117925 	  93163
117925 	 127242
117925 	  78533
117925 	 126869
117925 	  97838
117925 	   5543
117925 	 126040
117925 	 106302
117925 	 106205
117925 	 127533
117925 	  99902
117925 	  96738
117925 	 107934
117925 	 129131
117925 	 126200
117925 	 105455
117925 	 126626
117925 	  93171
117925 	 131151
117925 	 101280
117925 	 110268
117925 	 101160
117925 	 127649
117925 	  95442
117925 	   7012
117925 	   5646
117925 	 102503
117925 	  94264
117925 	  99477
117925 	 117951
117925 	 101510
117925 	 127855
117925 	   4363
117925 	 119325
117925 	 101544
117925 	 118363
117925 	 100782
117925 	 130986
117925 	 128492
117925 	  91637
117925 	 102383
117925 	 122251
117925 	 130217
117925 	 119311
117925 	 128762
117925 	 124080
117925 	   2622
117925 	  76449
117925 	 125990
117925 	 118768
117925 	 128974
117925 	  99159
117925 	  99455
117925 	 102481
117925 	 119112
117925 	 115606
117925 	 110588
117925 	  75566
117925 	  52224
117925 	  58632
117925 	  62268
117925 	  58416
117925 	 117884
117925 	 101648
117925 	  74286
117925 	 124177
117925 	 119717
117925 	 124225
117925 	  99213
117925 	  98469
117925 	 128471
117925 	  69513
117925 	 126248
117925 	 102995
117925 	 120346
117925 	 115465
117925 	  95350
117925 	 101486
117925 	 101809
117925 	  95513
117925 	  65978
117925 	 129747
117925 	  76438
117925 	 126974
117925 	 105523
117925 	 113610
117925 	  98991
117925 	 110898
117925 	 123022
117925 	 126651
117925 	 100172
117925 	 108160
117925 	 128300
117925 	 101850
117925 	  74664
117925 	 100737
117925 	 126574
117925 	 127707
117925 	 124069
117925 	 127382
117925 	 130419
117925 	  62617
117925 	 126992
117925 	  51984
117925 	 101248
117925 	 124365
117925 	  97422
117925 	 128975
117925 	 123702
117925 	 102759
117925 	  76053
117925 	 117793
117925 	 117490
117925 	 117344
117925 	  97464
117925 	  73555
117925 	  98993
117925 	 129520
117925 	 117925
107802 	  94908
107802 	  96511
107802 	  92014
107802 	  97838
107802 	   5543
107802 	 106205
107802 	   8980
107802 	 125052
107802 	 129131
107802 	 126721
107802 	 102278
107802 	 101160
107802 	  95442
107802 	  31490
107802 	 102078
107802 	 102503
107802 	 127855
107802 	 127451
107802 	 130218
107802 	 119111
107802 	 118363
107802 	 100782
107802 	 129960
107802 	 130986
107802 	  91637
107802 	 102383
107802 	 122251
107802 	 128762
107802 	 125839
107802 	 109370
107802 	 101463
107802 	  96012
107802 	 125990
107802 	 118768
107802 	  99455
107802 	 102481
107802 	 115606
107802 	 103677
107802 	 122600
107802 	   1531
107802 	  94602
107802 	  58632
107802 	  62268
107802 	 124477
107802 	 101648
107802 	 111297
107802 	 119717
107802 	  95409
107802 	 126248
107802 	 115465
107802 	  95790
107802 	  18023
107802 	 129747
107802 	 129421
107802 	 103091
107802 	  98991
107802 	 103973
107802 	 123045
107802 	 113681
107802 	 103733
107802 	  99548
107802 	 126574
107802 	 119890
107802 	  51984
107802 	 101248
107802 	  97187
107802 	 113690
107802 	  94367
107802 	  91849
107802 	 117925
103602 	  88141
103602 	  95603
103602 	   2332
103602 	   5103
103602 	  79310
103602 	  74286
103602 	 121308
103602 	 109086
103602 	  76438
103602 	 105523
103602 	 119884
103602 	  74664
103602 	 126646
103602 	  41611
103602 	  62617
103602 	 111569
103602 	  73555
 93364 	  96511
 93364 	 106205
 93364 	 119325
 93364 	 128492
 93364 	  96012
 93364 	   2524
 93364 	 122600
 93364 	 124477
 93364 	 113681
 93364 	 100172
 93364 	 130419
 93364 	 101342
 93364 	 113690
 93364 	 128975
119808 	   2986
119808 	 103813
119808 	  96113
119808 	 126216
119808 	 107568
125120 	  51213
125120 	  96113
125120 	  67362
125120 	   5103
125120 	  27623
101626 	  59539
101626 	  39337
101626 	   2986
101626 	   5543
101626 	 114621
101626 	  51213
101626 	  29716
101626 	 122840
101626 	 100909
101626 	 126216
101626 	 103296
101626 	  37464
129161 	 126646
 31821 	  95790
 31821 	 123045
 31821 	  34899
 98813 	  88141
 98813 	  59539
 98813 	  15511
 98813 	  29716
 98813 	  96113
 98813 	  85890
 98813 	  68681
 98813 	 128974
 98813 	 108273
 98813 	  70788
 98813 	  76053
 61674 	 106567
 61674 	 117891
 61674 	   2986
 61674 	  15511
 61674 	 105733
 61674 	 111666
 61674 	 127707
121983 	  59539
121983 	  91563
121983 	   5103
121983 	   5133
121983 	 101673
121983 	  27623
121983 	   3715
121983 	    514
121983 	 122171
121983 	 119808
125231 	   2986
125231 	  96113
125231 	 109399
125231 	 111227
125231 	  62878
 92153 	 100225
 92153 	  95573
 92153 	  62372
 92153 	 114621
 92153 	  18307
 92153 	 130780
 92153 	  51213
 92153 	  29716
 92153 	  95603
 92153 	 101892
 92153 	  91880
 92153 	  99159
 92153 	  93866
 92153 	  15972
 92153 	  95790
 92153 	 123976
 92153 	 118234
 92153 	 108765
 92153 	 103038
 92153 	  99548
 92153 	 127382
 92153 	 128822
 92153 	 126225
 92153 	 117490
 92153 	  98993
 95496 	 119680
 95496 	 126869
 95496 	  52768
 95496 	   2986
 95496 	  28241
 95496 	  94785
 95496 	 101673
 95496 	  48486
 95496 	 128471
 95496 	 128300
 95496 	 127707
 95496 	 117793
 95496 	  34899
 92477 	  91848
 92477 	  94332
 92477 	 125161
 92477 	  82463
 92477 	  95350
 92477 	  61797
 92477 	  65978
 92477 	 116540
 92477 	  68241
 92477 	  52076
 66612 	  59539
 66612 	  51213
 66612 	  96113
 66612 	 126216
 66612 	   5133
 66612 	 101673
 66612 	 108273
 66612 	 107802
 66612 	 103602
 97373 	   2986
 97373 	  15511
 97373 	  51213
 97373 	  31490
 97373 	  67362
 97373 	 125161
 97373 	   3715
 97373 	  76438
 97373 	  93696
 97373 	  41611
124281 	  59539
124281 	  50275
124281 	   2986
124281 	  29716
124281 	 126216
124281 	   5103
124281 	   5133
124281 	 101673
124281 	 108273
124281 	  27623
124281 	   3715
124281 	 122171
124281 	  82242
124281 	 107802
 96106 	  59539
 96106 	  96113
111453 	   2986
111453 	  96113
111453 	 128974
111453 	 119884
 82662 	   5543
 82662 	  67846
 82662 	 119717
 82662 	  98991
 82662 	 118234
 82662 	 126574
 82662 	 117924
 82662 	 101248
 89982 	 113401
 89982 	  88141
 89982 	  93163
 89982 	  96738
 89982 	 108185
 89982 	 126216
 89982 	  91637
 89982 	   5103
 89982 	 108127
 89982 	  96900
 89982 	   2251
 89982 	   1531
 89982 	   3715
 89982 	  94015
 89982 	 117213
 89982 	  18023
 89982 	 122171
 89982 	 111227
 89982 	  76053
 89982 	  95496
 42495 	 106567
 42495 	  59539
 42495 	 117976
 42495 	 103813
 42495 	  99477
 42495 	 126216
 42495 	 105733
 42495 	 107568
 42495 	 111666
 42495 	  98252
 42495 	 109399
 42495 	  62878
 42495 	 127707
116362 	 117976
116362 	 119884
116362 	  62878
116362 	 103602
105591 	   2986
105591 	  15511
105591 	  66388
105591 	  67362
105591 	 126216
105591 	 122251
105591 	 125161
105591 	 101673
105591 	 108273
105591 	  94602
105591 	  86335
105591 	  95496
128928 	 106567
128928 	  94908
128928 	 127102
128928 	  96511
128928 	 102380
128928 	 117891
128928 	 117976
128928 	 119680
128928 	 130665
128928 	  95573
128928 	  97838
128928 	 128844
128928 	 106205
128928 	 127533
128928 	  96738
128928 	 107934
128928 	 129131
128928 	 131018
128928 	 126626
128928 	 130983
128928 	 114379
128928 	 126721
128928 	 101280
128928 	 103813
128928 	  31490
128928 	 102503
128928 	 122840
128928 	 117951
128928 	 127855
128928 	 119325
128928 	 101544
128928 	 129960
128928 	 128492
128928 	  91637
128928 	 102383
128928 	  36327
128928 	 119311
128928 	 128762
128928 	 124080
128928 	  97207
128928 	 103133
128928 	 101463
128928 	  96012
128928 	 111666
128928 	  99159
128928 	 110588
128928 	 103677
128928 	 117884
128928 	 124477
128928 	 124225
128928 	  99213
128928 	 128471
128928 	 115258
128928 	 126248
128928 	 118432
128928 	 115465
128928 	  95790
128928 	 101486
128928 	 123976
128928 	 122891
128928 	 113610
128928 	 110898
128928 	 110974
128928 	 123045
128928 	 100172
128928 	 128300
128928 	 126646
128928 	  94837
128928 	 124069
128928 	 130419
128928 	  96495
128928 	 101248
128928 	 124765
128928 	  97187
128928 	 102704
128928 	 101342
128928 	 124365
128928 	  97422
128928 	 113690
128928 	  94367
128928 	 123702
128928 	 102759
128928 	 117793
128928 	 117490
128928 	 117344
128928 	  98993
128928 	 125231
128928 	 124281
128928 	 111453
128928 	 105591
128079 	  59539
128079 	  62372
128079 	  15511
128079 	  51213
128079 	 122840
128079 	  44074
128079 	  68681
128079 	 107568
128079 	   3208
128079 	  66221
128079 	 111297
128079 	   3715
128079 	  94015
128079 	 117213
128079 	  79171
128079 	  76053
128079 	 117490
128079 	 107802
128079 	 103602
128079 	  95496
 88019 	  91563
 88019 	  62372
 88019 	  15511
 88019 	  18307
 88019 	  51213
 88019 	  85890
 88019 	 126216
 88019 	 103296
 88019 	  15972
 88019 	  79171
 88019 	 122171
 88019 	  52076
 88019 	 107802
 88019 	 103602
118243 	  59539
118243 	  15511
118243 	  51213
118243 	  96113
118243 	  67362
118243 	 108273
118243 	 109399
118243 	 128079
112063 	  15511
112063 	  51213
112063 	  63310
112063 	  96113
112063 	  67362
112063 	  94785
112063 	  68681
112063 	 103296
112063 	   5103
112063 	   8179
112063 	 108273
112063 	 100142
112063 	   2267
112063 	  94005
112063 	 100744
112063 	 111227
112063 	   2268
112063 	  66563
112063 	   7854
112063 	 130419
112063 	  52076
112063 	 107802
112063 	 103602
100687 	  59539
100687 	 117891
100687 	   5543
100687 	  80370
100687 	  18307
100687 	  29716
100687 	 128492
100687 	 103296
100687 	 107568
100687 	  95790
100687 	  86335
100687 	  61797
100687 	  79171
100687 	 111569
100687 	  34899
100687 	 107802
100687 	  95496
130833 	  93950
130833 	 105156
123347 	  88141
123347 	  59539
123347 	  15511
123347 	  85402
123347 	  85890
123347 	  68681
123347 	 128974
123347 	 108273
123347 	 111297
123347 	  91740
123347 	  70788
123347 	 126646
 58385 	  59539
 58385 	  66388
 58385 	 109693
 58385 	  99477
 58385 	 108273
 58385 	   2251
 58385 	 111297
 58385 	   3715
 58385 	 100172
 58385 	  93364
105144 	  59539
105144 	 117976
105144 	  62372
105144 	  18307
105144 	 103813
105144 	  96113
105144 	 122251
105144 	 103296
105144 	 107568
105144 	 108273
105144 	  79171
105144 	 126646
105144 	  76053
105144 	 107802
105144 	  95496
 69502 	  59539
 69502 	  96511
 69502 	   2986
 69502 	 103813
 69502 	  99477
 69502 	 128974
 69502 	 128471
 69502 	   3715
 69502 	 123045
 69502 	 103733
 69502 	 127707
 92655 	  59539
 92655 	  50275
 92655 	  91563
 92655 	   2986
 92655 	   5543
 92655 	  51213
 92655 	  94332
 92655 	  96113
 92655 	  44074
 92655 	  85890
 92655 	 103296
 92655 	   5103
 92655 	 111666
 92655 	   3208
 92655 	 108273
 92655 	  27623
 92655 	   3715
 92655 	 126646
 92655 	 127707
 92655 	 108883
 92655 	  52076
 92655 	  73555
 92655 	 107802
 92655 	  42495
 66646 	   2986
 66646 	   5543
 66646 	  94332
 66646 	 122840
 66646 	  67362
 66646 	 126216
 66646 	 103296
 66646 	  93866
 66646 	  96223
 66646 	   3715
 66646 	  86335
 66646 	 111569
 66646 	  91849
 66646 	 107802
 66646 	 103602
113084 	  59539
113084 	  50275
113084 	   2986
113084 	 114621
113084 	  51213
113084 	  67362
113084 	 125161
113084 	  76449
113084 	 108273
113084 	  74286
113084 	  74664
113084 	  41611
113084 	  62617
113084 	 128079
 98306 	  96738
 98306 	 130780
 98306 	  51213
 98306 	 110268
 98306 	 122840
 98306 	 129134
 98306 	 101892
 98306 	 115173
 98306 	  91880
 98306 	 127221
 98306 	 119717
 98306 	  95350
 98306 	 126974
 98306 	 116540
 98306 	   7303
 98306 	 128300
 98306 	  99548
 98306 	 128707
 98306 	 117793
 98306 	  92477
 98306 	 124281
122256 	  59539
122256 	  96738
122256 	 117951
122256 	 108127
122256 	   2251
122256 	 118432
122256 	  93364
 87194 	  59539
 87194 	  78533
 87194 	   5543
 87194 	  15511
 87194 	  18307
 87194 	  29716
 87194 	  31490
 87194 	  67362
 87194 	  58481
 87194 	 126216
 87194 	   2332
 87194 	  68681
 87194 	 125161
 87194 	  16479
 87194 	   5133
 87194 	  76449
 87194 	  93866
 87194 	 108273
 87194 	 120998
 87194 	  15972
 87194 	  74286
 87194 	   3715
 87194 	  86335
 87194 	  61797
 87194 	  76438
 87194 	 111227
 87194 	  74664
 87194 	  41611
 87194 	  62617
 87194 	  73555
 87194 	 107802
 87194 	 128079
