 94908 	 106567 	 0.49 	 0.26
127102 	  92753 	 0.42 	 0.25
 96511 	  94908 	 0.45 	 0.26
 39337 	 127102 	 0.45 	 0.20
 93163 	  39337 	 0.46 	 0.26
 39079 	  39337 	 0.46 	 0.26
126869 	 118052 	 0.48 	 0.20
 82555 	  92753 	 0.43 	 0.26
  5543 	  59539 	 0.43 	 0.26
  5543 	 128397 	 0.42 	 0.25
 80370 	  82555 	 0.49 	 0.26
 76155 	 110641 	 0.47 	 0.26
128844 	  92753 	 0.42 	 0.25
128844 	 102380 	 0.43 	 0.28
128844 	  39337 	 0.45 	 0.20
128844 	  80370 	 0.46 	 0.25
105200 	 127102 	 0.44 	 0.20
105200 	 128844 	 0.44 	 0.20
109693 	 127102 	 0.41 	 0.25
109693 	 128844 	 0.41 	 0.25
122022 	 102380 	 0.43 	 0.23
122022 	  82555 	 0.46 	 0.26
 88333 	  94908 	 0.44 	 0.26
 70752 	  94908 	 0.40 	 0.26
 70752 	 130387 	 0.47 	 0.25
 70752 	 105200 	 0.44 	 0.26
  8980 	 127102 	 0.40 	 0.25
  8980 	  92014 	 0.43 	 0.25
  8980 	 126040 	 0.46 	 0.25
  8980 	 128844 	 0.40 	 0.25
130780 	 102380 	 0.45 	 0.23
129131 	  97838 	 0.49 	 0.21
131018 	 105200 	 0.42 	 0.26
126200 	  39079 	 0.48 	 0.25
105455 	 127102 	 0.44 	 0.20
105455 	 128844 	 0.44 	 0.20
105455 	  88333 	 0.40 	 0.25
105455 	   8980 	 0.40 	 0.25
126626 	  76155 	 0.42 	 0.26
  9967 	   4793 	 0.45 	 0.27
113027 	  52768 	 0.46 	 0.26
 28241 	  70752 	 0.41 	 0.26
 28241 	   8980 	 0.43 	 0.26
130983 	  92753 	 0.42 	 0.25
130983 	 102380 	 0.43 	 0.28
130983 	  39337 	 0.45 	 0.20
130983 	  80370 	 0.46 	 0.25
130983 	 105200 	 0.44 	 0.20
130983 	 109693 	 0.41 	 0.25
130983 	   8980 	 0.40 	 0.25
130983 	 105455 	 0.44 	 0.20
114379 	  39337 	 0.47 	 0.26
131151 	  91563 	 0.45 	 0.25
126721 	  88333 	 0.40 	 0.21
126721 	   8980 	 0.44 	 0.21
101280 	 126626 	 0.47 	 0.26
110268 	 100617 	 0.40 	 0.21
110268 	  97838 	 0.49 	 0.21
110268 	  82555 	 0.47 	 0.26
110268 	  99902 	 0.43 	 0.21
110268 	  28241 	 0.40 	 0.26
103813 	 110641 	 0.48 	 0.26
101160 	  95182 	 0.45 	 0.26
127649 	 105200 	 0.43 	 0.20
127649 	 110268 	 0.48 	 0.25
 10217 	  81305 	 0.43 	 0.21
 10217 	 205919 	 0.45 	 0.21
 91926 	 127102 	 0.43 	 0.25
 91926 	  52768 	 0.45 	 0.26
 91926 	 128844 	 0.43 	 0.25
 91926 	 130983 	 0.43 	 0.25
 91926 	  82246 	 0.40 	 0.21
 95442 	  39337 	 0.40 	 0.20
 95442 	   8980 	 0.42 	 0.25
117081 	  91563 	 0.49 	 0.26
117081 	 109693 	 0.46 	 0.26
117081 	 105455 	 0.41 	 0.20
117081 	 110268 	 0.49 	 0.26
117081 	 101160 	 0.40 	 0.26
 92865 	  39337 	 0.41 	 0.26
 92865 	 114621 	 0.43 	 0.26
  5646 	 107934 	 0.48 	 0.26
 92250 	 130387 	 0.46 	 0.20
 92250 	 110641 	 0.47 	 0.26
 92250 	 128397 	 0.47 	 0.20
 92250 	 106302 	 0.40 	 0.26
 92250 	   8980 	 0.45 	 0.26
 92250 	 126626 	 0.44 	 0.26
 94332 	  91926 	 0.45 	 0.26
114535 	 127102 	 0.46 	 0.20
114535 	  91563 	 0.45 	 0.26
114535 	 128844 	 0.46 	 0.20
114535 	 130983 	 0.46 	 0.20
114535 	 110268 	 0.46 	 0.26
114535 	 127649 	 0.40 	 0.20
 96113 	  96511 	 0.43 	 0.26
102078 	 117891 	 0.42 	 0.26
102078 	 110641 	 0.47 	 0.26
102078 	  88333 	 0.48 	 0.26
102078 	  70752 	 0.44 	 0.26
102078 	   8980 	 0.49 	 0.26
102078 	 126626 	 0.41 	 0.26
 94264 	  39337 	 0.41 	 0.20
111407 	  92753 	 0.41 	 0.26
111407 	  91563 	 0.42 	 0.26
111407 	   5543 	 0.42 	 0.26
111407 	  70752 	 0.46 	 0.26
111407 	   8980 	 0.42 	 0.26
111407 	 110268 	 0.46 	 0.26
111407 	 127649 	 0.42 	 0.20
113290 	 106567 	 0.44 	 0.26
113290 	 117891 	 0.40 	 0.26
113290 	 110641 	 0.45 	 0.26
122840 	  95182 	 0.40 	 0.26
100909 	 127242 	 0.42 	 0.20
100909 	  88333 	 0.41 	 0.26
 65863 	 127102 	 0.43 	 0.20
 65863 	  91563 	 0.41 	 0.26
 65863 	 128844 	 0.43 	 0.20
 65863 	 122022 	 0.48 	 0.26
 65863 	  70752 	 0.40 	 0.26
 65863 	 130983 	 0.43 	 0.20
 65863 	 110268 	 0.46 	 0.26
 53672 	 114379 	 0.40 	 0.26
 53672 	  91926 	 0.40 	 0.26
108185 	  94908 	 0.40 	 0.26
108185 	  76155 	 0.45 	 0.26
108185 	 117081 	 0.44 	 0.26
108185 	 100909 	 0.44 	 0.26
 99477 	  94908 	 0.49 	 0.20
 99477 	  88333 	 0.42 	 0.25
 99477 	 102078 	 0.49 	 0.20
117951 	  96511 	 0.42 	 0.26
117951 	 130387 	 0.43 	 0.20
117951 	  88333 	 0.40 	 0.26
117951 	 127649 	 0.47 	 0.20
117951 	  99477 	 0.44 	 0.20
105970 	  96511 	 0.46 	 0.26
105970 	 130387 	 0.43 	 0.20
105970 	 127242 	 0.44 	 0.20
105970 	   8980 	 0.41 	 0.26
105970 	 127649 	 0.47 	 0.20
129134 	 105200 	 0.40 	 0.26
129134 	 114621 	 0.40 	 0.26
131017 	 126869 	 0.47 	 0.25
131017 	 126040 	 0.43 	 0.25
131017 	 127649 	 0.49 	 0.25
127855 	  39337 	 0.42 	 0.20
127855 	  39079 	 0.49 	 0.25
127855 	  82555 	 0.47 	 0.20
127855 	  80370 	 0.40 	 0.25
127855 	 109693 	 0.48 	 0.25
127855 	 105455 	 0.41 	 0.20
127855 	  28241 	 0.46 	 0.20
127855 	  91926 	 0.40 	 0.25
127855 	 114535 	 0.40 	 0.20
127855 	 111407 	 0.48 	 0.20
127855 	  65863 	 0.40 	 0.20
127451 	  96113 	 0.42 	 0.26
  4363 	  39337 	 0.42 	 0.20
  4363 	 105200 	 0.40 	 0.20
  4363 	   8980 	 0.40 	 0.25
  4363 	  91926 	 0.43 	 0.25
  4363 	 114535 	 0.43 	 0.20
  4363 	  65863 	 0.40 	 0.20
 67362 	 105455 	 0.40 	 0.20
119111 	 117891 	 0.44 	 0.26
119111 	 110641 	 0.49 	 0.26
119111 	 130665 	 0.42 	 0.26
119111 	  70752 	 0.44 	 0.26
119111 	   8980 	 0.40 	 0.26
119111 	   5646 	 0.43 	 0.26
119111 	 108185 	 0.43 	 0.26
119325 	 110268 	 0.44 	 0.25
 93950 	  92865 	 0.48 	 0.25
 93950 	  92250 	 0.49 	 0.20
 58481 	  93163 	 0.48 	 0.26
 58481 	 126040 	 0.46 	 0.20
 58481 	  70752 	 0.47 	 0.26
 58481 	   8980 	 0.43 	 0.26
 58481 	 126200 	 0.49 	 0.20
 58481 	  91926 	 0.48 	 0.26
 70646 	 111407 	 0.48 	 0.26
 70646 	   4363 	 0.49 	 0.25
101544 	  94927 	 0.43 	 0.26
101544 	  96511 	 0.46 	 0.26
101544 	 117891 	 0.40 	 0.26
101544 	 110641 	 0.49 	 0.26
101544 	 106205 	 0.47 	 0.20
101544 	  88333 	 0.40 	 0.26
101544 	  70752 	 0.49 	 0.26
118363 	  70752 	 0.42 	 0.25
118363 	  58481 	 0.46 	 0.20
118363 	  70646 	 0.42 	 0.25
 53106 	  95182 	 0.42 	 0.20
 53106 	 108185 	 0.41 	 0.25
105815 	  88333 	 0.44 	 0.26
129960 	 109693 	 0.41 	 0.21
101892 	 110641 	 0.46 	 0.26
126216 	 111407 	 0.43 	 0.26
130986 	  39337 	 0.43 	 0.20
130986 	  91926 	 0.41 	 0.25
 85972 	  97838 	 0.45 	 0.21
129434 	  76155 	 0.43 	 0.26
129434 	 102078 	 0.44 	 0.26
129434 	 119111 	 0.46 	 0.26
129434 	 101544 	 0.42 	 0.26
 94785 	  93163 	 0.44 	 0.26
 94785 	  70752 	 0.40 	 0.26
 94785 	 110268 	 0.49 	 0.26
 94785 	  95442 	 0.41 	 0.20
 94785 	 127855 	 0.40 	 0.20
 94785 	 118363 	 0.43 	 0.20
115173 	  94927 	 0.49 	 0.26
115173 	 117891 	 0.48 	 0.26
104295 	  96511 	 0.49 	 0.26
104295 	 126040 	 0.44 	 0.20
104295 	 102503 	 0.47 	 0.20
104295 	  99477 	 0.44 	 0.20
104295 	 101510 	 0.42 	 0.20
104295 	 118363 	 0.47 	 0.20
128492 	 119111 	 0.42 	 0.26
128492 	 115173 	 0.48 	 0.26
 91637 	  93950 	 0.40 	 0.21
102383 	 122022 	 0.43 	 0.25
102383 	  88333 	 0.43 	 0.25
102383 	  92250 	 0.43 	 0.20
102383 	 102078 	 0.48 	 0.20
102383 	 119111 	 0.41 	 0.20
122251 	  96511 	 0.44 	 0.26
122251 	 117891 	 0.46 	 0.26
122251 	 108185 	 0.40 	 0.26
122251 	 129434 	 0.40 	 0.26
122251 	 128492 	 0.40 	 0.26
 68681 	  75030 	 0.40 	 0.25
105733 	  93950 	 0.40 	 0.20
130217 	 126626 	 0.47 	 0.26
119311 	 110268 	 0.44 	 0.25
128762 	  39337 	 0.40 	 0.20
128762 	  39079 	 0.40 	 0.25
128762 	 109693 	 0.44 	 0.25
128762 	 130780 	 0.46 	 0.25
128762 	 108185 	 0.41 	 0.25
 43129 	 122022 	 0.42 	 0.25
 43129 	 105455 	 0.42 	 0.20
 43129 	  91926 	 0.46 	 0.25
 43129 	 117081 	 0.42 	 0.20
124080 	  70752 	 0.43 	 0.26
124080 	 108185 	 0.40 	 0.26
124080 	  99477 	 0.45 	 0.20
  8179 	 127102 	 0.43 	 0.20
  8179 	  91563 	 0.41 	 0.26
  8179 	 128844 	 0.43 	 0.20
  8179 	 130983 	 0.43 	 0.20
  8179 	 110268 	 0.42 	 0.26
  8179 	 127855 	 0.40 	 0.20
  8179 	   4363 	 0.40 	 0.20
109370 	 127242 	 0.49 	 0.25
109370 	 117951 	 0.43 	 0.26
109370 	 127855 	 0.47 	 0.25
109370 	 119111 	 0.43 	 0.26
109370 	 130986 	 0.43 	 0.25
 97207 	 105455 	 0.40 	 0.25
116522 	 125839 	 0.43 	 0.26
  5133 	  91926 	 0.43 	 0.26
 91880 	  67846 	 0.42 	 0.25
 91880 	  53106 	 0.49 	 0.25
103133 	 106567 	 0.48 	 0.26
103133 	  96511 	 0.49 	 0.26
103133 	 130387 	 0.43 	 0.20
103133 	 106205 	 0.49 	 0.20
103133 	  88333 	 0.40 	 0.26
103133 	 102503 	 0.44 	 0.20
103133 	 101510 	 0.42 	 0.20
103133 	 130218 	 0.46 	 0.26
103133 	 118363 	 0.49 	 0.20
101463 	 109693 	 0.43 	 0.25
101463 	 130780 	 0.43 	 0.25
101463 	 111407 	 0.41 	 0.20
101463 	 108185 	 0.45 	 0.25
108127 	 118052 	 0.46 	 0.26
108127 	 105970 	 0.41 	 0.26
108127 	 101544 	 0.40 	 0.26
108127 	 116522 	 0.43 	 0.26
120065 	 106205 	 0.43 	 0.25
120065 	 114621 	 0.40 	 0.26
120065 	  95442 	 0.46 	 0.25
120065 	 118363 	 0.40 	 0.25
120065 	   8179 	 0.42 	 0.26
114673 	 122840 	 0.45 	 0.26
114673 	 126216 	 0.41 	 0.26
125990 	 126626 	 0.44 	 0.26
 98252 	 124419 	 0.46 	 0.25
 73957 	 102380 	 0.45 	 0.23
 73957 	  39337 	 0.40 	 0.26
 73957 	 117081 	 0.46 	 0.26
 73957 	 111407 	 0.49 	 0.26
 73957 	  65863 	 0.44 	 0.26
 73957 	 102383 	 0.47 	 0.25
118768 	 109693 	 0.47 	 0.26
118768 	 102503 	 0.47 	 0.20
118768 	 101510 	 0.49 	 0.20
118768 	 118363 	 0.42 	 0.20
118768 	 124419 	 0.42 	 0.26
 85142 	 122022 	 0.43 	 0.26
 85142 	  91926 	 0.49 	 0.26
128974 	 102380 	 0.47 	 0.23
128974 	  97838 	 0.41 	 0.21
128974 	 106205 	 0.46 	 0.25
128974 	 102278 	 0.40 	 0.25
128974 	 100909 	 0.43 	 0.26
128974 	 127855 	 0.41 	 0.25
128974 	 103133 	 0.46 	 0.26
101365 	 130387 	 0.42 	 0.25
101365 	 127242 	 0.44 	 0.25
101365 	 126869 	 0.40 	 0.25
101365 	  82555 	 0.48 	 0.26
101365 	  52768 	 0.41 	 0.26
101365 	 126040 	 0.43 	 0.25
101365 	  28241 	 0.40 	 0.26
101365 	 127649 	 0.46 	 0.25
101365 	  95442 	 0.47 	 0.25
101365 	  94332 	 0.41 	 0.26
101365 	 111407 	 0.43 	 0.26
101365 	 101510 	 0.42 	 0.25
101365 	 127855 	 0.47 	 0.25
101365 	   4363 	 0.47 	 0.25
101365 	 118363 	 0.49 	 0.25
101365 	 129960 	 0.40 	 0.21
101365 	 102383 	 0.40 	 0.25
101365 	  85142 	 0.41 	 0.26
  3208 	 125161 	 0.41 	 0.22
 10274 	  10217 	 0.41 	 0.21
 99159 	 127242 	 0.46 	 0.25
 99159 	  97838 	 0.48 	 0.21
 99159 	  92250 	 0.48 	 0.26
 99159 	 102078 	 0.49 	 0.26
 99159 	 100909 	 0.47 	 0.26
 99159 	 117951 	 0.48 	 0.26
 99159 	 118363 	 0.41 	 0.25
122945 	 100617 	 0.49 	 0.21
122945 	 102380 	 0.44 	 0.23
122945 	  82555 	 0.42 	 0.26
122945 	  28241 	 0.48 	 0.26
122945 	 114535 	 0.44 	 0.26
122945 	  65863 	 0.44 	 0.26
122945 	 118363 	 0.48 	 0.25
122945 	   8179 	 0.41 	 0.26
107458 	   5543 	 0.42 	 0.26
107458 	 126626 	 0.44 	 0.26
107458 	  93950 	 0.44 	 0.20
 99455 	 118052 	 0.42 	 0.20
 99455 	 110268 	 0.49 	 0.25
 99455 	 100909 	 0.41 	 0.20
 99455 	 103133 	 0.46 	 0.20
101673 	 109693 	 0.42 	 0.26
 96900 	 104295 	 0.42 	 0.26
 96900 	 103133 	 0.42 	 0.26
102481 	 127102 	 0.45 	 0.20
102481 	  96511 	 0.40 	 0.25
102481 	 117891 	 0.46 	 0.25
102481 	  80370 	 0.42 	 0.25
102481 	 128844 	 0.45 	 0.20
102481 	 105455 	 0.42 	 0.20
102481 	 130983 	 0.45 	 0.20
102481 	 100909 	 0.49 	 0.20
102481 	  85972 	 0.44 	 0.25
102481 	 128492 	 0.46 	 0.25
102481 	 128974 	 0.47 	 0.25
102481 	 101365 	 0.49 	 0.25
119112 	  99477 	 0.46 	 0.25
119112 	 101673 	 0.49 	 0.26
  2524 	   8980 	 0.41 	 0.25
  2524 	  58481 	 0.41 	 0.20
  2524 	  91880 	 0.42 	 0.25
  2524 	 101365 	 0.46 	 0.25
  2996 	  91926 	 0.45 	 0.26
  2996 	 101365 	 0.41 	 0.26
115606 	   8980 	 0.41 	 0.25
115606 	 118768 	 0.40 	 0.20
120998 	 128397 	 0.45 	 0.20
120998 	 130780 	 0.42 	 0.26
120998 	 129134 	 0.40 	 0.26
110588 	  94927 	 0.41 	 0.26
110588 	 117891 	 0.42 	 0.26
110588 	 130665 	 0.42 	 0.26
110588 	 129434 	 0.42 	 0.26
110588 	 128492 	 0.42 	 0.26
 92527 	 126200 	 0.49 	 0.20
 92527 	  28241 	 0.42 	 0.20
 92527 	 110268 	 0.44 	 0.25
 92527 	  91926 	 0.41 	 0.25
 92527 	 100909 	 0.41 	 0.20
 92527 	 127855 	 0.45 	 0.20
 92527 	  58481 	 0.45 	 0.20
 92527 	  85972 	 0.40 	 0.25
 92527 	  94785 	 0.47 	 0.20
 92527 	 104295 	 0.44 	 0.20
 92527 	  43129 	 0.44 	 0.20
 92527 	   5103 	 0.40 	 0.20
 92527 	 124080 	 0.45 	 0.20
 92527 	  96012 	 0.48 	 0.25
 92527 	 122945 	 0.45 	 0.25
101749 	  96511 	 0.49 	 0.26
101749 	 126040 	 0.44 	 0.20
101749 	 102503 	 0.47 	 0.20
101749 	  99477 	 0.44 	 0.20
101749 	 101510 	 0.42 	 0.20
101749 	 118363 	 0.47 	 0.20
101749 	  96900 	 0.42 	 0.26
101749 	  92527 	 0.44 	 0.20
108174 	 110641 	 0.42 	 0.26
  2251 	  94908 	 0.46 	 0.26
  2251 	 128762 	 0.45 	 0.25
  2251 	 124080 	 0.44 	 0.26
 75566 	 122022 	 0.45 	 0.25
 75566 	  92250 	 0.46 	 0.20
 75566 	  68681 	 0.41 	 0.25
 52224 	 122022 	 0.43 	 0.25
 52224 	 131018 	 0.45 	 0.25
 52224 	  92865 	 0.44 	 0.25
103677 	 106567 	 0.49 	 0.26
103677 	  96511 	 0.45 	 0.26
103677 	  88333 	 0.44 	 0.26
103677 	  70752 	 0.43 	 0.26
103677 	  99477 	 0.49 	 0.20
103677 	 102383 	 0.42 	 0.20
103677 	   2251 	 0.44 	 0.26
122600 	 105970 	 0.44 	 0.26
122600 	 101544 	 0.40 	 0.26
122600 	 122251 	 0.40 	 0.26
122600 	 102481 	 0.40 	 0.25
 62268 	 122022 	 0.48 	 0.21
 62268 	 110268 	 0.46 	 0.21
 62268 	  92865 	 0.44 	 0.21
115220 	 106567 	 0.48 	 0.26
115220 	  96511 	 0.49 	 0.26
115220 	 126040 	 0.44 	 0.20
115220 	 106205 	 0.47 	 0.20
115220 	  70752 	 0.44 	 0.26
115220 	 102503 	 0.47 	 0.20
115220 	  99477 	 0.46 	 0.20
115220 	 101510 	 0.44 	 0.20
115220 	 118363 	 0.44 	 0.20
115220 	 102383 	 0.48 	 0.20
115220 	 128974 	 0.49 	 0.26
107489 	 122840 	 0.43 	 0.26
107489 	 125839 	 0.40 	 0.26
107489 	  99455 	 0.43 	 0.20
 52786 	 118052 	 0.45 	 0.26
 52786 	  53672 	 0.42 	 0.26
105413 	  91563 	 0.42 	 0.26
105413 	 127242 	 0.45 	 0.20
105413 	 122022 	 0.44 	 0.26
105413 	  70752 	 0.46 	 0.26
105413 	  91926 	 0.41 	 0.26
105413 	 127855 	 0.48 	 0.20
105413 	 130986 	 0.46 	 0.20
105413 	 124419 	 0.49 	 0.26
105413 	  52894 	 0.43 	 0.26
105413 	  43129 	 0.42 	 0.20
105413 	  73957 	 0.40 	 0.26
105413 	 101365 	 0.43 	 0.26
105413 	 122945 	 0.44 	 0.26
105413 	  92527 	 0.46 	 0.20
124477 	 116522 	 0.41 	 0.26
124477 	 118768 	 0.41 	 0.26
 81262 	  10217 	 0.45 	 0.21
 48486 	  92753 	 0.42 	 0.26
 48486 	 127242 	 0.40 	 0.20
 48486 	  80370 	 0.48 	 0.26
 48486 	 110268 	 0.40 	 0.26
 48486 	  91926 	 0.45 	 0.26
 48486 	 124419 	 0.47 	 0.26
 48486 	  43129 	 0.43 	 0.20
 48486 	 108127 	 0.43 	 0.26
 48486 	 101365 	 0.47 	 0.26
 48486 	  52786 	 0.41 	 0.26
 37931 	  91926 	 0.49 	 0.26
 37931 	 101365 	 0.45 	 0.26
101648 	  94785 	 0.40 	 0.20
101648 	 118768 	 0.47 	 0.20
101648 	 114259 	 0.40 	 0.25
127221 	  99159 	 0.49 	 0.26
127221 	 102481 	 0.43 	 0.20
106697 	 117891 	 0.44 	 0.26
106697 	  99477 	 0.44 	 0.20
106697 	 128492 	 0.49 	 0.26
106697 	 119617 	 0.41 	 0.26
106697 	  96900 	 0.46 	 0.26
106697 	  52786 	 0.43 	 0.26
 27623 	  39079 	 0.45 	 0.26
 34379 	 105200 	 0.49 	 0.26
 34379 	 105970 	 0.44 	 0.26
 95781 	  92250 	 0.48 	 0.26
 95781 	 107458 	 0.43 	 0.26
 95781 	  92527 	 0.43 	 0.25
 95781 	  62268 	 0.40 	 0.21
124177 	 106302 	 0.45 	 0.26
124177 	 129644 	 0.42 	 0.26
124177 	 119617 	 0.44 	 0.26
116898 	  92014 	 0.40 	 0.25
116898 	 127242 	 0.45 	 0.25
116898 	 105455 	 0.44 	 0.25
116898 	 126721 	 0.49 	 0.21
116898 	 102503 	 0.45 	 0.25
116898 	  94264 	 0.42 	 0.25
116898 	 117951 	 0.42 	 0.26
116898 	 119325 	 0.42 	 0.25
116898 	 100782 	 0.41 	 0.25
116898 	 129960 	 0.44 	 0.21
116898 	 130986 	 0.49 	 0.25
116898 	 102383 	 0.43 	 0.25
116898 	 119311 	 0.42 	 0.25
116898 	 124080 	 0.44 	 0.26
116898 	  99455 	 0.40 	 0.25
116898 	   2524 	 0.40 	 0.25
116898 	  62268 	 0.45 	 0.21
116898 	  27623 	 0.40 	 0.26
100142 	 131018 	 0.45 	 0.26
100142 	 128762 	 0.47 	 0.20
100142 	 101463 	 0.44 	 0.20
100142 	 119112 	 0.43 	 0.26
 28201 	 127102 	 0.42 	 0.20
 28201 	  82555 	 0.42 	 0.20
 28201 	 128844 	 0.42 	 0.20
 28201 	 105200 	 0.41 	 0.20
 28201 	 130983 	 0.42 	 0.20
 28201 	  65408 	 0.44 	 0.20
 28201 	  91926 	 0.41 	 0.25
 28201 	 117081 	 0.47 	 0.20
 28201 	 114535 	 0.47 	 0.20
 28201 	 111407 	 0.47 	 0.20
 28201 	   8179 	 0.47 	 0.20
 28201 	  91880 	 0.42 	 0.25
 28201 	 101365 	 0.46 	 0.25
 28201 	  92527 	 0.40 	 0.20
 28201 	 105413 	 0.41 	 0.20
 28201 	  48486 	 0.44 	 0.20
105156 	 129131 	 0.49 	 0.21
105156 	 102078 	 0.41 	 0.26
105156 	 101544 	 0.45 	 0.26
105156 	  99455 	 0.49 	 0.25
105156 	 108174 	 0.41 	 0.26
119717 	 124419 	 0.44 	 0.26
119717 	  99159 	 0.43 	 0.26
 95409 	 100909 	 0.41 	 0.26
 95409 	  92527 	 0.43 	 0.25
 98469 	 100909 	 0.48 	 0.26
119685 	 102380 	 0.40 	 0.23
119685 	  97838 	 0.45 	 0.21
119685 	 105455 	 0.43 	 0.25
119685 	 127649 	 0.44 	 0.25
119685 	  95442 	 0.44 	 0.25
119685 	 101510 	 0.48 	 0.25
119685 	 127855 	 0.47 	 0.25
119685 	  58481 	 0.43 	 0.26
119685 	  94785 	 0.42 	 0.26
119685 	  43129 	 0.49 	 0.25
119685 	 101463 	 0.42 	 0.25
119685 	  92527 	 0.48 	 0.25
119685 	  48486 	 0.40 	 0.26
119685 	  28201 	 0.46 	 0.25
121308 	  92250 	 0.44 	 0.26
121308 	  43129 	 0.42 	 0.25
121308 	 107458 	 0.48 	 0.26
121308 	 100142 	 0.48 	 0.26
128471 	 101280 	 0.49 	 0.26
128471 	 119111 	 0.42 	 0.26
128471 	 101544 	 0.42 	 0.26
128471 	 115173 	 0.46 	 0.26
128471 	 130217 	 0.49 	 0.26
128471 	 125990 	 0.41 	 0.26
128471 	 110588 	 0.44 	 0.26
128471 	 106697 	 0.47 	 0.26
 96223 	 124419 	 0.41 	 0.26
 70314 	  10217 	 0.41 	 0.21
  3715 	  91926 	 0.49 	 0.26
  3715 	 101365 	 0.41 	 0.26
115258 	 117951 	 0.41 	 0.26
115258 	 108174 	 0.40 	 0.26
115258 	 100142 	 0.42 	 0.26
 69513 	  82555 	 0.43 	 0.26
 69513 	 105200 	 0.42 	 0.26
 69513 	 105455 	 0.41 	 0.25
 69513 	 117081 	 0.44 	 0.26
 69513 	 114535 	 0.44 	 0.26
 69513 	 111407 	 0.48 	 0.26
 69513 	 102481 	 0.47 	 0.25
 69513 	 105413 	 0.41 	 0.26
126248 	 117951 	 0.42 	 0.26
126248 	 105970 	 0.45 	 0.26
126248 	 119111 	 0.45 	 0.26
126248 	 108174 	 0.41 	 0.26
126248 	 115220 	 0.45 	 0.26
102995 	 106567 	 0.49 	 0.26
102995 	 130665 	 0.49 	 0.26
102995 	 109693 	 0.42 	 0.26
102995 	 105455 	 0.40 	 0.20
102995 	  99477 	 0.44 	 0.20
102995 	 129434 	 0.49 	 0.26
102995 	 128492 	 0.46 	 0.26
102995 	 102383 	 0.46 	 0.20
102995 	  98252 	 0.47 	 0.20
102995 	 119617 	 0.41 	 0.26
102995 	  96900 	 0.46 	 0.26
102995 	  52786 	 0.45 	 0.26
102995 	 116898 	 0.45 	 0.26
102995 	 128471 	 0.47 	 0.26
120346 	 117891 	 0.41 	 0.26
120346 	 110641 	 0.46 	 0.26
120346 	 127242 	 0.44 	 0.20
120346 	  88333 	 0.46 	 0.26
120346 	 108185 	 0.47 	 0.26
120346 	 101510 	 0.46 	 0.20
120346 	 129434 	 0.41 	 0.26
120346 	 102383 	 0.45 	 0.20
118432 	 117951 	 0.49 	 0.26
118432 	 105970 	 0.41 	 0.26
118432 	 119111 	 0.46 	 0.26
118432 	   2622 	 0.43 	 0.25
118432 	 100142 	 0.45 	 0.26
  2267 	 127102 	 0.46 	 0.20
  2267 	  93163 	 0.44 	 0.26
  2267 	 128397 	 0.41 	 0.20
  2267 	  91563 	 0.45 	 0.26
  2267 	 128844 	 0.46 	 0.20
  2267 	 130983 	 0.46 	 0.20
  2267 	  95442 	 0.41 	 0.20
  2267 	 129134 	 0.46 	 0.26
  2267 	 127855 	 0.43 	 0.20
  2267 	   4363 	 0.43 	 0.20
  2267 	  67846 	 0.43 	 0.20
  2267 	  43129 	 0.49 	 0.20
  2267 	  97207 	 0.45 	 0.26
  2267 	  73957 	 0.44 	 0.26
  2267 	  69513 	 0.44 	 0.26
   514 	 113027 	 0.46 	 0.26
   514 	  91926 	 0.45 	 0.26
   514 	 101365 	 0.41 	 0.26
115465 	 109693 	 0.41 	 0.21
115465 	 110268 	 0.41 	 0.21
107890 	 122840 	 0.45 	 0.26
107890 	 125161 	 0.40 	 0.22
 95790 	 102481 	 0.40 	 0.20
 95350 	  94332 	 0.44 	 0.26
 95350 	  94785 	 0.46 	 0.26
 95350 	 105413 	 0.46 	 0.26
 95350 	  48486 	 0.40 	 0.26
 95350 	  37931 	 0.41 	 0.26
 95350 	 100142 	 0.42 	 0.26
101486 	 117081 	 0.40 	 0.26
 48728 	  10217 	 0.41 	 0.21
 86335 	   5646 	 0.49 	 0.26
 86335 	  75641 	 0.40 	 0.28
 61797 	  75030 	 0.41 	 0.20
 61797 	   5646 	 0.44 	 0.26
 61797 	  75641 	 0.40 	 0.28
 95513 	  94908 	 0.46 	 0.26
 95513 	  39337 	 0.42 	 0.26
 95513 	 104295 	 0.49 	 0.26
 95513 	 103133 	 0.49 	 0.26
 95513 	 110588 	 0.47 	 0.26
 95513 	 101749 	 0.49 	 0.26
 95513 	 103677 	 0.46 	 0.26
 94015 	 105200 	 0.43 	 0.26
 94015 	 111407 	 0.46 	 0.26
 94015 	  58481 	 0.40 	 0.26
 94015 	 105413 	 0.46 	 0.26
 94015 	  48486 	 0.40 	 0.26
 94015 	 100142 	 0.42 	 0.26
117213 	 102380 	 0.42 	 0.23
117213 	 126040 	 0.41 	 0.25
117213 	 107934 	 0.48 	 0.26
117213 	 105455 	 0.40 	 0.25
117213 	 102278 	 0.46 	 0.25
117213 	 127649 	 0.41 	 0.25
117213 	  82503 	 0.41 	 0.21
117213 	 127855 	 0.41 	 0.25
117213 	 101463 	 0.40 	 0.25
117213 	   2524 	 0.43 	 0.25
117213 	  62268 	 0.40 	 0.21
 94005 	 127102 	 0.46 	 0.20
 94005 	  91563 	 0.45 	 0.26
 94005 	 128844 	 0.46 	 0.20
 94005 	 122022 	 0.48 	 0.26
 94005 	 130983 	 0.46 	 0.20
 94005 	 127649 	 0.40 	 0.20
 94005 	  95442 	 0.41 	 0.20
 94005 	  51289 	 0.47 	 0.26
 94005 	 127855 	 0.43 	 0.20
 94005 	   4363 	 0.43 	 0.20
 94005 	  43129 	 0.49 	 0.20
 94005 	  73957 	 0.44 	 0.26
 94005 	  34379 	 0.45 	 0.26
 94005 	  69513 	 0.48 	 0.26
123976 	  98252 	 0.43 	 0.20
123976 	 102481 	 0.48 	 0.20
117950 	  96511 	 0.45 	 0.26
117950 	  88333 	 0.40 	 0.26
117950 	 126626 	 0.42 	 0.26
117950 	 108185 	 0.49 	 0.26
117950 	  99477 	 0.45 	 0.20
117950 	 101510 	 0.41 	 0.20
117950 	 102383 	 0.42 	 0.20
117950 	  73957 	 0.45 	 0.26
117950 	 126248 	 0.44 	 0.26
117950 	 118432 	 0.48 	 0.26
109086 	 127102 	 0.45 	 0.25
109086 	 128844 	 0.45 	 0.25
109086 	 114621 	 0.44 	 0.26
109086 	 105455 	 0.45 	 0.25
109086 	 130983 	 0.45 	 0.25
109086 	 127649 	 0.44 	 0.25
109086 	 127855 	 0.41 	 0.25
109086 	  93950 	 0.40 	 0.25
109086 	  43129 	 0.41 	 0.25
109086 	  92527 	 0.43 	 0.25
109086 	  28201 	 0.49 	 0.25
122891 	  99159 	 0.45 	 0.21
122891 	 105156 	 0.47 	 0.21
124881 	 102503 	 0.48 	 0.25
124881 	  98252 	 0.46 	 0.25
124881 	 118768 	 0.42 	 0.26
124881 	 119717 	 0.44 	 0.26
124881 	  96223 	 0.41 	 0.26
126974 	  39337 	 0.43 	 0.20
126974 	  80370 	 0.41 	 0.25
126974 	   8980 	 0.49 	 0.25
126974 	 105455 	 0.42 	 0.20
126974 	 110268 	 0.45 	 0.25
126974 	  92865 	 0.49 	 0.25
126974 	 108185 	 0.41 	 0.25
126974 	  85972 	 0.46 	 0.25
126974 	 129208 	 0.43 	 0.25
126974 	 128974 	 0.40 	 0.25
126974 	 120998 	 0.42 	 0.20
126974 	 116898 	 0.45 	 0.25
126974 	 117213 	 0.49 	 0.25
126974 	 109086 	 0.40 	 0.25
129421 	  28241 	 0.46 	 0.26
129421 	  96113 	 0.43 	 0.26
129421 	 111407 	 0.42 	 0.26
129421 	  93950 	 0.42 	 0.25
129421 	  94785 	 0.41 	 0.26
129421 	   5133 	 0.41 	 0.26
129421 	 105413 	 0.42 	 0.26
129421 	  27623 	 0.43 	 0.26
113610 	  76155 	 0.44 	 0.26
113610 	  95603 	 0.44 	 0.26
113610 	 102078 	 0.46 	 0.26
113610 	 117951 	 0.43 	 0.26
113610 	 119111 	 0.43 	 0.26
113610 	 108174 	 0.40 	 0.26
113610 	 127221 	 0.47 	 0.26
113610 	 119717 	 0.44 	 0.26
113610 	  96223 	 0.42 	 0.26
113610 	 117950 	 0.42 	 0.26
103091 	 127102 	 0.42 	 0.25
103091 	 128844 	 0.42 	 0.25
103091 	 130983 	 0.42 	 0.25
103091 	  92250 	 0.48 	 0.26
103091 	 117951 	 0.47 	 0.26
103091 	 130986 	 0.45 	 0.25
103091 	 126974 	 0.46 	 0.25
 98991 	 117081 	 0.42 	 0.20
 98991 	  94602 	 0.41 	 0.22
 98991 	 106697 	 0.41 	 0.20
 98991 	  95781 	 0.44 	 0.25
 98991 	 102995 	 0.45 	 0.20
 98991 	 118432 	 0.42 	 0.25
 98991 	 129421 	 0.49 	 0.25
 93696 	 130780 	 0.43 	 0.21
 58883 	  39337 	 0.46 	 0.26
 58883 	  95182 	 0.42 	 0.26
 58883 	  91848 	 0.42 	 0.26
 58883 	 117081 	 0.41 	 0.26
 58883 	 111407 	 0.47 	 0.26
 58883 	  72992 	 0.41 	 0.26
 58883 	    514 	 0.46 	 0.26
119884 	  93163 	 0.43 	 0.26
119884 	 120065 	 0.42 	 0.26
123022 	  96511 	 0.44 	 0.25
123022 	  92250 	 0.44 	 0.20
123022 	 100909 	 0.44 	 0.20
123022 	 117951 	 0.40 	 0.20
123022 	 103133 	 0.42 	 0.20
123022 	  73957 	 0.46 	 0.25
123022 	  99159 	 0.41 	 0.25
123022 	   1531 	 0.43 	 0.25
123022 	 115220 	 0.42 	 0.20
123022 	 119685 	 0.46 	 0.25
100744 	 130387 	 0.41 	 0.20
100744 	  93163 	 0.41 	 0.26
100744 	 127242 	 0.46 	 0.20
100744 	 126869 	 0.41 	 0.20
100744 	 126040 	 0.46 	 0.20
100744 	 122022 	 0.44 	 0.26
100744 	 131018 	 0.45 	 0.26
100744 	 128762 	 0.47 	 0.20
100744 	 101463 	 0.44 	 0.20
100744 	 119112 	 0.43 	 0.26
100744 	 121308 	 0.48 	 0.26
100744 	 118432 	 0.45 	 0.26
100744 	  95350 	 0.42 	 0.26
100744 	  94015 	 0.42 	 0.26
118234 	  88333 	 0.40 	 0.26
118234 	 102503 	 0.46 	 0.20
118234 	 108185 	 0.42 	 0.26
118234 	 101510 	 0.46 	 0.20
118234 	 118363 	 0.45 	 0.20
118234 	 102383 	 0.49 	 0.20
118234 	  91880 	 0.40 	 0.26
118234 	  73957 	 0.47 	 0.26
118234 	  99455 	 0.44 	 0.20
118234 	 102481 	 0.40 	 0.20
118234 	 126248 	 0.43 	 0.26
118234 	 118432 	 0.45 	 0.26
118234 	  94015 	 0.41 	 0.26
122171 	 126216 	 0.41 	 0.26
115883 	  88333 	 0.42 	 0.25
115883 	 110268 	 0.40 	 0.25
115883 	  92250 	 0.41 	 0.20
115883 	 117951 	 0.40 	 0.20
115883 	 119111 	 0.47 	 0.20
115883 	  99159 	 0.46 	 0.25
115883 	 105413 	 0.41 	 0.20
115883 	 119685 	 0.41 	 0.25
103973 	 105200 	 0.43 	 0.20
103973 	 109693 	 0.42 	 0.25
103973 	  88333 	 0.45 	 0.25
103973 	  28241 	 0.40 	 0.20
103973 	 114535 	 0.40 	 0.20
103973 	  52786 	 0.46 	 0.25
103973 	 105413 	 0.45 	 0.20
103973 	   2267 	 0.40 	 0.20
103973 	 109086 	 0.46 	 0.25
121157 	 100909 	 0.43 	 0.26
121157 	 127855 	 0.45 	 0.25
121157 	   8179 	 0.44 	 0.26
121157 	 103133 	 0.49 	 0.26
121157 	 115220 	 0.44 	 0.26
121157 	   2267 	 0.44 	 0.26
 31394 	  10217 	 0.41 	 0.21
 81503 	 122022 	 0.43 	 0.26
 81503 	  91926 	 0.45 	 0.26
 81503 	 101365 	 0.41 	 0.26
 81503 	  95350 	 0.41 	 0.26
116540 	 106302 	 0.43 	 0.26
  2268 	 127102 	 0.43 	 0.20
  2268 	  91563 	 0.45 	 0.26
  2268 	 128844 	 0.43 	 0.20
  2268 	 122022 	 0.48 	 0.26
  2268 	 130983 	 0.43 	 0.20
  2268 	 127649 	 0.40 	 0.20
  2268 	  92865 	 0.45 	 0.26
  2268 	 127855 	 0.40 	 0.20
  2268 	   4363 	 0.43 	 0.20
  2268 	 124419 	 0.44 	 0.26
  2268 	  43129 	 0.49 	 0.20
  2268 	 120065 	 0.42 	 0.26
  2268 	  34379 	 0.45 	 0.26
  2268 	  69513 	 0.44 	 0.26
  2268 	 124881 	 0.44 	 0.26
  2268 	 103973 	 0.40 	 0.20
  7303 	  95182 	 0.44 	 0.22
  7303 	  65408 	 0.40 	 0.22
  7303 	  90147 	 0.43 	 0.22
  7303 	   8179 	 0.42 	 0.22
  7303 	 109370 	 0.45 	 0.29
  7303 	 116522 	 0.41 	 0.22
  7303 	   5133 	 0.46 	 0.22
  7303 	  91880 	 0.41 	 0.29
  7303 	 114673 	 0.46 	 0.22
  7303 	 101365 	 0.42 	 0.29
  7303 	  93866 	 0.43 	 0.22
  7303 	  90137 	 0.43 	 0.22
  7303 	  81262 	 0.46 	 0.29
  7303 	  48728 	 0.46 	 0.29
  7303 	 126974 	 0.44 	 0.22
  7303 	 129421 	 0.41 	 0.29
126651 	 130780 	 0.45 	 0.25
126651 	 126974 	 0.49 	 0.20
 92509 	 126626 	 0.40 	 0.26
 92509 	 116898 	 0.49 	 0.26
 92509 	 105156 	 0.47 	 0.26
 92509 	 113610 	 0.40 	 0.26
113681 	 127102 	 0.45 	 0.20
113681 	  80370 	 0.41 	 0.25
113681 	 128844 	 0.45 	 0.20
113681 	 122022 	 0.43 	 0.25
113681 	 105455 	 0.45 	 0.20
113681 	 130983 	 0.45 	 0.20
113681 	 110268 	 0.46 	 0.25
113681 	  58481 	 0.44 	 0.20
113681 	  70646 	 0.41 	 0.25
113681 	  94785 	 0.41 	 0.20
113681 	 124419 	 0.47 	 0.25
113681 	  43129 	 0.41 	 0.20
113681 	 101365 	 0.47 	 0.25
113681 	  99159 	 0.47 	 0.25
113681 	  92527 	 0.45 	 0.20
113681 	   2251 	 0.41 	 0.25
113681 	  28201 	 0.44 	 0.20
113681 	   2267 	 0.41 	 0.20
113681 	 124881 	 0.47 	 0.25
113681 	 121157 	 0.47 	 0.25
113681 	   2268 	 0.41 	 0.20
 75661 	 110268 	 0.42 	 0.21
 66563 	 127102 	 0.46 	 0.20
 66563 	 128397 	 0.41 	 0.20
 66563 	  91563 	 0.45 	 0.26
 66563 	 128844 	 0.46 	 0.20
 66563 	 130983 	 0.46 	 0.20
 66563 	 110268 	 0.42 	 0.26
 66563 	 127649 	 0.40 	 0.20
 66563 	 129134 	 0.46 	 0.26
 66563 	 127855 	 0.43 	 0.20
 66563 	   4363 	 0.43 	 0.20
 66563 	 122945 	 0.47 	 0.26
 66563 	  52786 	 0.47 	 0.26
 66563 	  69513 	 0.44 	 0.26
 66563 	 103973 	 0.40 	 0.20
 62878 	  51289 	 0.40 	 0.26
 62878 	  70646 	 0.47 	 0.26
 62878 	 101365 	 0.43 	 0.26
100172 	 100782 	 0.48 	 0.25
100172 	  98252 	 0.47 	 0.25
100172 	 101648 	 0.49 	 0.25
100172 	 106697 	 0.41 	 0.26
100172 	 124177 	 0.42 	 0.26
100172 	 124225 	 0.46 	 0.26
100172 	 102995 	 0.44 	 0.26
108160 	  39337 	 0.42 	 0.20
108160 	 110268 	 0.43 	 0.25
108160 	  91926 	 0.40 	 0.25
108160 	 117081 	 0.45 	 0.20
108160 	 102383 	 0.40 	 0.20
108160 	  91880 	 0.41 	 0.25
108160 	 101365 	 0.44 	 0.25
108160 	 114259 	 0.49 	 0.25
108160 	  95513 	 0.41 	 0.25
108160 	 103091 	 0.42 	 0.25
108160 	  58883 	 0.41 	 0.25
 77586 	 114621 	 0.42 	 0.26
 77586 	 102278 	 0.41 	 0.25
 77586 	  92250 	 0.44 	 0.26
 77586 	 111407 	 0.44 	 0.26
 77586 	 128762 	 0.41 	 0.25
 77586 	  48486 	 0.45 	 0.26
 77586 	  37931 	 0.43 	 0.26
 77586 	  27623 	 0.40 	 0.26
128300 	 106205 	 0.46 	 0.20
128300 	  70752 	 0.45 	 0.26
128300 	 108185 	 0.40 	 0.26
128300 	  99477 	 0.41 	 0.20
128300 	   2622 	 0.49 	 0.20
128300 	  92527 	 0.41 	 0.20
128300 	   2251 	 0.42 	 0.26
101850 	 126869 	 0.41 	 0.20
101850 	 113027 	 0.44 	 0.26
101850 	 119617 	 0.48 	 0.26
101850 	  52786 	 0.43 	 0.26
101850 	 116898 	 0.45 	 0.26
 91740 	 126974 	 0.41 	 0.25
 91740 	   7303 	 0.45 	 0.29
 91740 	 108160 	 0.40 	 0.25
 80885 	  10217 	 0.41 	 0.21
106244 	  92250 	 0.48 	 0.26
106244 	   8179 	 0.40 	 0.26
106244 	 107458 	 0.40 	 0.26
106244 	  92527 	 0.48 	 0.25
108765 	 110641 	 0.47 	 0.26
108765 	 119680 	 0.44 	 0.26
108765 	 130665 	 0.42 	 0.26
108765 	 127242 	 0.45 	 0.20
108765 	 106302 	 0.43 	 0.26
108765 	 131018 	 0.41 	 0.26
108765 	 126626 	 0.41 	 0.26
108765 	 127649 	 0.42 	 0.20
108765 	 129644 	 0.43 	 0.26
108765 	 102383 	 0.43 	 0.20
108765 	 120065 	 0.43 	 0.26
108765 	  98252 	 0.43 	 0.20
108765 	  73957 	 0.40 	 0.26
108765 	  95781 	 0.43 	 0.26
108765 	 116898 	 0.47 	 0.26
108765 	 105156 	 0.40 	 0.26
108765 	 115258 	 0.49 	 0.26
108765 	 118432 	 0.41 	 0.26
108765 	 103091 	 0.45 	 0.26
108765 	 115883 	 0.43 	 0.20
108765 	 103973 	 0.42 	 0.20
108765 	 121157 	 0.43 	 0.26
108765 	 113681 	 0.41 	 0.20
108765 	 100172 	 0.43 	 0.26
119270 	 102380 	 0.43 	 0.23
119270 	  97838 	 0.40 	 0.21
119270 	 126721 	 0.42 	 0.21
119270 	 102278 	 0.42 	 0.25
119270 	  93950 	 0.41 	 0.25
119270 	 129960 	 0.46 	 0.21
119270 	  94785 	 0.46 	 0.26
119270 	 102383 	 0.46 	 0.25
119270 	 128762 	 0.49 	 0.25
119270 	   8179 	 0.49 	 0.26
119270 	 105413 	 0.46 	 0.26
119270 	 101648 	 0.42 	 0.25
119270 	  28201 	 0.47 	 0.25
119270 	   2267 	 0.42 	 0.26
119270 	 123022 	 0.44 	 0.25
119270 	  81503 	 0.41 	 0.26
119270 	   2268 	 0.46 	 0.26
126646 	 101280 	 0.43 	 0.26
126646 	 125990 	 0.41 	 0.26
126646 	 110588 	 0.42 	 0.26
126646 	 120346 	 0.41 	 0.26
103038 	  94927 	 0.47 	 0.26
103038 	 117891 	 0.46 	 0.26
103038 	 129434 	 0.48 	 0.26
103038 	 128492 	 0.46 	 0.26
103038 	 128974 	 0.43 	 0.26
103038 	 128471 	 0.44 	 0.26
103038 	 101809 	 0.49 	 0.26
103038 	  95513 	 0.49 	 0.26
103038 	 100737 	 0.49 	 0.26
126048 	 119111 	 0.47 	 0.26
126048 	 124177 	 0.49 	 0.26
126048 	 108765 	 0.45 	 0.26
 99548 	 117081 	 0.45 	 0.26
 99548 	  96113 	 0.46 	 0.26
 99548 	  53672 	 0.44 	 0.26
 99548 	  58481 	 0.48 	 0.26
 99548 	   5133 	 0.43 	 0.26
 99548 	 100142 	 0.43 	 0.26
 99548 	 100744 	 0.43 	 0.26
 99548 	 103973 	 0.45 	 0.25
 86131 	  10217 	 0.41 	 0.21
  7854 	 127102 	 0.43 	 0.20
  7854 	  93163 	 0.44 	 0.26
  7854 	  91563 	 0.41 	 0.26
  7854 	 128844 	 0.43 	 0.20
  7854 	 122022 	 0.48 	 0.26
  7854 	 130983 	 0.43 	 0.20
  7854 	  95442 	 0.41 	 0.20
  7854 	  92865 	 0.45 	 0.26
  7854 	 127855 	 0.40 	 0.20
  7854 	  43129 	 0.49 	 0.20
  7854 	  97207 	 0.42 	 0.26
  7854 	 120065 	 0.49 	 0.26
  7854 	  73957 	 0.40 	 0.26
  7854 	  69513 	 0.44 	 0.26
126574 	 124177 	 0.40 	 0.26
 66058 	 127102 	 0.46 	 0.25
 66058 	 128844 	 0.46 	 0.25
 66058 	 130983 	 0.46 	 0.25
 66058 	  82246 	 0.40 	 0.21
 66058 	 127855 	 0.43 	 0.25
 66058 	  58481 	 0.48 	 0.26
 66058 	  52224 	 0.41 	 0.25
 66058 	 105413 	 0.45 	 0.26
 66058 	 126974 	 0.44 	 0.25
127707 	 101280 	 0.45 	 0.26
127707 	 113290 	 0.41 	 0.26
127707 	 115173 	 0.40 	 0.26
127707 	 110588 	 0.43 	 0.26
127707 	 106697 	 0.41 	 0.26
127707 	 102995 	 0.43 	 0.26
127707 	 103038 	 0.42 	 0.26
126274 	 110268 	 0.42 	 0.25
126274 	 103133 	 0.41 	 0.20
126274 	 119685 	 0.42 	 0.25
126274 	 103038 	 0.43 	 0.20
124069 	 118052 	 0.47 	 0.26
124069 	  95603 	 0.43 	 0.26
124069 	 118768 	 0.43 	 0.26
124069 	 107489 	 0.47 	 0.26
124069 	 127221 	 0.46 	 0.26
124069 	 119717 	 0.43 	 0.26
124069 	  96223 	 0.40 	 0.26
124069 	 115465 	 0.42 	 0.21
119890 	  39079 	 0.48 	 0.26
119890 	 128397 	 0.46 	 0.20
119890 	  93950 	 0.45 	 0.20
119890 	  97207 	 0.46 	 0.26
119890 	  95781 	 0.42 	 0.26
119890 	  94015 	 0.41 	 0.26
119890 	  77586 	 0.46 	 0.26
127382 	  97838 	 0.49 	 0.21
127382 	  94264 	 0.42 	 0.25
127382 	 102383 	 0.41 	 0.25
127382 	 124080 	 0.48 	 0.26
127382 	 102481 	 0.40 	 0.25
127382 	 122891 	 0.44 	 0.21
127382 	 123022 	 0.44 	 0.25
127382 	 126651 	 0.40 	 0.25
127382 	 128300 	 0.43 	 0.26
127382 	 108765 	 0.46 	 0.26
103084 	  99477 	 0.49 	 0.20
103084 	 102383 	 0.48 	 0.20
103084 	  98252 	 0.47 	 0.20
103084 	 128974 	 0.47 	 0.26
103084 	  52786 	 0.43 	 0.26
103084 	 116898 	 0.45 	 0.26
103084 	 128471 	 0.45 	 0.26
103084 	 100172 	 0.46 	 0.26
103084 	 126646 	 0.44 	 0.26
103084 	 127707 	 0.41 	 0.26
130419 	 129960 	 0.42 	 0.21
130419 	 119270 	 0.41 	 0.21
 68575 	  59539 	 0.41 	 0.26
 68575 	 114535 	 0.46 	 0.26
 68575 	  65863 	 0.46 	 0.26
 68575 	  94785 	 0.49 	 0.26
 68575 	   8179 	 0.46 	 0.26
 68575 	  48486 	 0.40 	 0.26
 68575 	  37931 	 0.41 	 0.26
 68575 	   2267 	 0.49 	 0.26
 68575 	  94005 	 0.46 	 0.26
 68575 	  81503 	 0.41 	 0.26
 68575 	   2268 	 0.49 	 0.26
 68575 	  66563 	 0.49 	 0.26
 68575 	   7854 	 0.46 	 0.26
117924 	  88333 	 0.40 	 0.26
117924 	  70752 	 0.42 	 0.26
117924 	  99477 	 0.45 	 0.20
117924 	 101510 	 0.46 	 0.20
117924 	 126248 	 0.46 	 0.26
117924 	 123022 	 0.45 	 0.20
128707 	 127102 	 0.46 	 0.25
128707 	 102380 	 0.43 	 0.23
128707 	 128844 	 0.46 	 0.25
128707 	 130983 	 0.46 	 0.25
128707 	  95442 	 0.40 	 0.25
128707 	  58481 	 0.48 	 0.26
128707 	  94785 	 0.48 	 0.26
128707 	 128762 	 0.46 	 0.25
128707 	 108160 	 0.40 	 0.25
126992 	 100909 	 0.40 	 0.20
126992 	 117951 	 0.41 	 0.20
126992 	 116898 	 0.41 	 0.25
 96495 	 106302 	 0.44 	 0.26
 96495 	 129644 	 0.46 	 0.26
 96495 	  99159 	 0.49 	 0.26
 96495 	 102481 	 0.43 	 0.20
 96495 	  95781 	 0.44 	 0.26
 96495 	 119685 	 0.49 	 0.26
 96495 	 113681 	 0.47 	 0.20
 96495 	 126048 	 0.46 	 0.26
 51984 	 105200 	 0.41 	 0.20
 51984 	 116898 	 0.45 	 0.25
 51984 	   2267 	 0.43 	 0.20
 51984 	   2268 	 0.43 	 0.20
 51984 	   7854 	 0.43 	 0.20
101248 	  94908 	 0.44 	 0.26
101248 	 107934 	 0.42 	 0.26
101248 	  92250 	 0.43 	 0.26
101248 	 102078 	 0.48 	 0.26
101248 	 119111 	 0.45 	 0.26
101248 	 101544 	 0.47 	 0.26
101248 	 104295 	 0.45 	 0.26
101248 	 103133 	 0.45 	 0.26
101248 	 101749 	 0.45 	 0.26
101248 	 103677 	 0.44 	 0.26
101248 	 115220 	 0.45 	 0.26
101248 	 118234 	 0.46 	 0.26
101248 	 128300 	 0.44 	 0.26
101248 	 108765 	 0.40 	 0.26
124765 	 119680 	 0.42 	 0.26
124765 	 106302 	 0.46 	 0.26
124765 	 109693 	 0.46 	 0.26
124765 	 118363 	 0.40 	 0.20
124765 	 100782 	 0.46 	 0.20
124765 	  96012 	 0.46 	 0.26
124765 	 111666 	 0.42 	 0.26
124765 	 119112 	 0.41 	 0.26
124765 	 101648 	 0.45 	 0.20
124765 	  95781 	 0.46 	 0.26
124765 	 118432 	 0.45 	 0.26
124765 	 113610 	 0.47 	 0.26
124765 	 106244 	 0.46 	 0.26
124765 	 126274 	 0.47 	 0.20
 95929 	 110571 	 0.42 	 0.26
 95929 	 122600 	 0.42 	 0.26
 95929 	  99213 	 0.43 	 0.26
 95929 	 128471 	 0.47 	 0.26
 95929 	 115883 	 0.40 	 0.20
 95929 	 119270 	 0.46 	 0.26
 97187 	 109693 	 0.43 	 0.25
 97187 	 130780 	 0.43 	 0.25
 97187 	 111407 	 0.41 	 0.20
 97187 	 108185 	 0.45 	 0.25
 97187 	  92527 	 0.41 	 0.20
 97187 	 100142 	 0.44 	 0.20
 97187 	 119685 	 0.42 	 0.25
 97187 	 117213 	 0.40 	 0.25
 97187 	 129421 	 0.47 	 0.25
 97187 	 100744 	 0.44 	 0.20
 90122 	 117081 	 0.43 	 0.26
 90122 	  92250 	 0.40 	 0.26
 90122 	 119890 	 0.48 	 0.26
