 59539 	  88141 	 0.10 	 0.26
 78533 	 127102 	 0.15 	 0.20
 78533 	  81305 	 0.12 	 0.26
 78533 	  93163 	 0.13 	 0.26
 78533 	 119680 	 0.18 	 0.26
 78533 	 128397 	 0.14 	 0.20
 78533 	  91563 	 0.16 	 0.26
 78533 	 205919 	 0.18 	 0.26
 82555 	 205919 	 0.14 	 0.26
 95182 	  91563 	 0.16 	 0.26
 80370 	  78533 	 0.17 	 0.26
 62372 	  39079 	 0.19 	 0.26
 62372 	 128397 	 0.18 	 0.20
 75030 	  59539 	 0.15 	 0.20
106302 	  78533 	 0.17 	 0.26
128844 	  78533 	 0.15 	 0.20
105200 	  81305 	 0.12 	 0.26
105200 	 119680 	 0.18 	 0.26
 15511 	  59539 	 0.19 	 0.26
 15511 	  52768 	 0.14 	 0.26
109693 	  52768 	 0.18 	 0.26
122022 	   9595 	 0.12 	 0.21
122022 	  78533 	 0.15 	 0.26
 70752 	   2986 	 0.19 	 0.26
 91848 	  39079 	 0.18 	 0.26
131018 	  78533 	 0.16 	 0.26
 28241 	  81305 	 0.14 	 0.26
130983 	  78533 	 0.15 	 0.20
 82246 	  88141 	 0.15 	 0.21
 82246 	  81305 	 0.13 	 0.21
 82246 	  15511 	 0.19 	 0.21
 93171 	   9595 	 0.15 	 0.21
 93171 	  59539 	 0.16 	 0.26
 93171 	   2986 	 0.17 	 0.26
131151 	   9595 	 0.12 	 0.25
131151 	  18307 	 0.18 	 0.20
 65408 	  91563 	 0.15 	 0.26
 65408 	  80370 	 0.18 	 0.26
 29716 	 128397 	 0.19 	 0.20
110268 	   9595 	 0.17 	 0.21
 85402 	 130780 	 0.11 	 0.25
 85402 	 126200 	 0.13 	 0.20
101160 	  78533 	 0.15 	 0.26
127649 	  78533 	 0.19 	 0.20
127649 	  51213 	 0.19 	 0.20
 10217 	  92753 	 0.16 	 0.21
 10217 	  88141 	 0.17 	 0.21
 10217 	  39079 	 0.12 	 0.21
 10217 	  91563 	 0.15 	 0.21
 10217 	   5543 	 0.17 	 0.21
 10217 	   8980 	 0.12 	 0.21
 10217 	  82246 	 0.12 	 0.25
 90147 	  85402 	 0.14 	 0.20
 91926 	  78533 	 0.19 	 0.26
 91926 	  65408 	 0.12 	 0.26
 91926 	  10217 	 0.15 	 0.21
 95442 	  78533 	 0.10 	 0.20
 95442 	  85402 	 0.18 	 0.20
 92865 	  78533 	 0.19 	 0.26
 92865 	  85402 	 0.11 	 0.25
 82503 	  15511 	 0.18 	 0.21
 69026 	  82246 	 0.13 	 0.21
 69026 	  82503 	 0.11 	 0.21
114535 	  81305 	 0.11 	 0.26
114535 	 205919 	 0.18 	 0.26
 96113 	  81305 	 0.11 	 0.26
 96113 	  93163 	 0.19 	 0.26
 96113 	  69026 	 0.11 	 0.26
 51289 	  78533 	 0.17 	 0.26
 94264 	  78533 	 0.15 	 0.20
 94264 	  96113 	 0.18 	 0.20
111407 	  81305 	 0.10 	 0.26
122840 	  78533 	 0.16 	 0.26
 65863 	  81305 	 0.11 	 0.26
 65863 	 205919 	 0.18 	 0.26
 75641 	  90147 	 0.13 	 0.28
 75641 	  94332 	 0.13 	 0.28
 75641 	 122840 	 0.17 	 0.20
129134 	  78533 	 0.14 	 0.26
 72459 	  59539 	 0.12 	 0.29
 72459 	  53672 	 0.17 	 0.29
 44074 	  92753 	 0.13 	 0.26
 44074 	  88141 	 0.18 	 0.26
 44074 	  92014 	 0.13 	 0.20
 44074 	  75030 	 0.12 	 0.20
 44074 	  70752 	 0.16 	 0.26
 44074 	   8980 	 0.19 	 0.26
 44074 	 105455 	 0.17 	 0.20
 44074 	  93171 	 0.16 	 0.26
 44074 	 127649 	 0.15 	 0.20
127855 	  78533 	 0.12 	 0.20
116115 	   5646 	 0.17 	 0.26
127451 	  78533 	 0.18 	 0.26
  4363 	  78533 	 0.14 	 0.20
  4363 	  85402 	 0.16 	 0.20
 85890 	 127102 	 0.10 	 0.25
 85890 	  39337 	 0.10 	 0.26
 85890 	 128844 	 0.10 	 0.25
 85890 	 107934 	 0.17 	 0.26
 85890 	 126200 	 0.14 	 0.25
 85890 	 105455 	 0.12 	 0.25
 85890 	 130983 	 0.10 	 0.25
 85890 	  90147 	 0.19 	 0.26
 85890 	  92250 	 0.11 	 0.26
 85890 	 102078 	 0.18 	 0.26
 85890 	  94264 	 0.13 	 0.25
 85890 	 100909 	 0.19 	 0.26
 85890 	 117951 	 0.17 	 0.26
 67362 	  92753 	 0.14 	 0.26
 67362 	  39079 	 0.19 	 0.26
 67362 	 109693 	 0.19 	 0.26
 67362 	  70752 	 0.17 	 0.26
 67362 	  93171 	 0.17 	 0.26
 67362 	 127649 	 0.16 	 0.20
 67362 	  75641 	 0.10 	 0.28
119325 	  78533 	 0.15 	 0.20
 93950 	  78533 	 0.17 	 0.20
 93950 	  18307 	 0.18 	 0.20
 58481 	  88141 	 0.15 	 0.26
 58481 	  81305 	 0.16 	 0.26
 58481 	  85890 	 0.10 	 0.26
 70646 	  78533 	 0.17 	 0.26
101544 	  85890 	 0.17 	 0.26
118363 	  78533 	 0.11 	 0.20
 67846 	  78533 	 0.14 	 0.20
100782 	  78533 	 0.14 	 0.20
105815 	  85890 	 0.10 	 0.26
 81306 	  91563 	 0.11 	 0.25
 81306 	  78533 	 0.14 	 0.20
 81306 	 105200 	 0.13 	 0.20
 81306 	 122022 	 0.19 	 0.25
 81306 	   8980 	 0.13 	 0.25
 81306 	 105455 	 0.13 	 0.20
 81306 	  28241 	 0.17 	 0.20
 81306 	 110268 	 0.18 	 0.25
 81306 	 114535 	 0.10 	 0.20
 81306 	 111407 	 0.10 	 0.20
 81306 	  58481 	 0.19 	 0.20
126216 	  95182 	 0.17 	 0.26
126216 	  65408 	 0.11 	 0.26
126216 	  10217 	 0.17 	 0.21
 94785 	  88141 	 0.12 	 0.26
 94785 	 205919 	 0.16 	 0.26
104295 	  85890 	 0.18 	 0.26
124419 	  44074 	 0.18 	 0.26
 91637 	  44074 	 0.15 	 0.26
  2332 	 127102 	 0.15 	 0.20
  2332 	  81305 	 0.10 	 0.26
  2332 	  93163 	 0.13 	 0.26
  2332 	 119680 	 0.16 	 0.26
  2332 	 128397 	 0.14 	 0.20
  2332 	  91563 	 0.16 	 0.26
  2332 	 205919 	 0.18 	 0.26
  2332 	  80370 	 0.17 	 0.26
  2332 	 106302 	 0.17 	 0.26
  2332 	 128844 	 0.15 	 0.20
  2332 	 122022 	 0.17 	 0.26
  2332 	  70752 	 0.18 	 0.26
  2332 	 131018 	 0.16 	 0.26
  2332 	 130983 	 0.15 	 0.20
  2332 	 101160 	 0.15 	 0.26
  2332 	 127649 	 0.19 	 0.20
  2332 	  91926 	 0.14 	 0.26
  2332 	  95442 	 0.10 	 0.20
  2332 	  92865 	 0.19 	 0.26
  2332 	  51289 	 0.17 	 0.26
  2332 	  94264 	 0.15 	 0.20
  2332 	 122840 	 0.16 	 0.26
  2332 	 129134 	 0.14 	 0.26
  2332 	 127855 	 0.12 	 0.20
  2332 	 127451 	 0.18 	 0.26
  2332 	   4363 	 0.12 	 0.20
  2332 	 119325 	 0.15 	 0.20
  2332 	  93950 	 0.19 	 0.20
  2332 	  70646 	 0.17 	 0.26
  2332 	 118363 	 0.11 	 0.20
  2332 	  67846 	 0.14 	 0.20
  2332 	 100782 	 0.14 	 0.20
  2332 	  81306 	 0.14 	 0.20
  2332 	 124419 	 0.18 	 0.26
 68681 	  92014 	 0.13 	 0.25
 68681 	 114621 	 0.18 	 0.26
 68681 	 105455 	 0.17 	 0.25
 68681 	 131151 	 0.13 	 0.25
 68681 	  92250 	 0.14 	 0.26
 68681 	  96113 	 0.11 	 0.26
 68681 	  93950 	 0.19 	 0.25
 68681 	 130986 	 0.13 	 0.25
125161 	  50275 	 0.17 	 0.22
125161 	  78533 	 0.15 	 0.22
125161 	  82555 	 0.16 	 0.22
125161 	  52768 	 0.15 	 0.22
125161 	   2986 	 0.16 	 0.22
125161 	 105200 	 0.19 	 0.22
125161 	  28241 	 0.17 	 0.22
125161 	  53672 	 0.16 	 0.22
125161 	  67362 	 0.19 	 0.22
125161 	   2332 	 0.17 	 0.22
105733 	 117891 	 0.17 	 0.26
105733 	  75030 	 0.15 	 0.20
105733 	  99477 	 0.19 	 0.20
105733 	 128492 	 0.16 	 0.26
105733 	 102383 	 0.18 	 0.20
105733 	  68681 	 0.10 	 0.26
103296 	  92753 	 0.15 	 0.26
103296 	  88141 	 0.16 	 0.26
103296 	  92014 	 0.19 	 0.20
103296 	  75030 	 0.14 	 0.20
103296 	 105455 	 0.18 	 0.20
103296 	 113027 	 0.16 	 0.26
103296 	  93171 	 0.17 	 0.26
103296 	  72459 	 0.10 	 0.29
103296 	 119325 	 0.19 	 0.20
 72992 	  93163 	 0.12 	 0.26
119311 	  78533 	 0.15 	 0.20
119311 	   2332 	 0.15 	 0.20
119311 	 103296 	 0.19 	 0.20
 43129 	  88141 	 0.18 	 0.25
 43129 	  69026 	 0.19 	 0.25
  5103 	  72459 	 0.11 	 0.29
 77153 	 122840 	 0.14 	 0.24
  8179 	  81305 	 0.17 	 0.26
  8179 	  81306 	 0.14 	 0.20
  8179 	  68681 	 0.12 	 0.26
109370 	  78533 	 0.15 	 0.26
109370 	   2332 	 0.13 	 0.26
109370 	  43129 	 0.18 	 0.25
  2622 	  78533 	 0.10 	 0.20
  2622 	   2332 	 0.10 	 0.20
 97207 	  78533 	 0.19 	 0.26
  5133 	  81305 	 0.13 	 0.26
  5133 	 205919 	 0.18 	 0.26
  5133 	   5646 	 0.19 	 0.26
  5133 	  81306 	 0.14 	 0.20
 76449 	  93163 	 0.13 	 0.26
 76449 	 119680 	 0.18 	 0.26
 76449 	 128397 	 0.13 	 0.20
 76449 	 106302 	 0.17 	 0.26
 76449 	 131018 	 0.16 	 0.26
 76449 	 101160 	 0.15 	 0.26
 76449 	  92865 	 0.19 	 0.26
 76449 	  94264 	 0.15 	 0.20
 76449 	 122840 	 0.16 	 0.26
 76449 	 129134 	 0.16 	 0.26
 76449 	 127451 	 0.18 	 0.26
 76449 	  93950 	 0.17 	 0.20
 76449 	 126216 	 0.19 	 0.26
 76449 	 125161 	 0.15 	 0.22
 76449 	 109370 	 0.13 	 0.26
 76449 	   2622 	 0.10 	 0.20
 76449 	  97207 	 0.19 	 0.26
 91880 	 105455 	 0.19 	 0.25
103133 	  85890 	 0.14 	 0.26
101463 	  44074 	 0.18 	 0.20
101463 	  85890 	 0.17 	 0.25
108127 	  62372 	 0.18 	 0.26
108127 	 103296 	 0.17 	 0.26
120065 	  62372 	 0.18 	 0.26
120065 	  18307 	 0.16 	 0.26
120065 	  81306 	 0.10 	 0.25
114673 	  85402 	 0.10 	 0.20
114673 	  75641 	 0.10 	 0.28
114673 	  85890 	 0.12 	 0.26
107568 	 114379 	 0.14 	 0.21
 96012 	  78533 	 0.13 	 0.26
 96012 	   2332 	 0.11 	 0.26
 73957 	  78533 	 0.18 	 0.26
 73957 	  10217 	 0.18 	 0.21
 73957 	  67362 	 0.19 	 0.26
 73957 	   2332 	 0.18 	 0.26
 73957 	  95336 	 0.18 	 0.23
 69633 	 109693 	 0.19 	 0.25
 69633 	 122022 	 0.17 	 0.25
 69633 	   8980 	 0.12 	 0.25
 69633 	 105455 	 0.10 	 0.20
 69633 	 131151 	 0.14 	 0.20
 69633 	 110268 	 0.15 	 0.25
 69633 	 117081 	 0.17 	 0.20
 69633 	 108185 	 0.19 	 0.25
 69633 	  58481 	 0.14 	 0.20
 69633 	   8179 	 0.11 	 0.20
128974 	  78533 	 0.18 	 0.26
128974 	  82246 	 0.17 	 0.21
128974 	   2332 	 0.16 	 0.26
 79310 	 101160 	 0.19 	 0.26
101365 	   9595 	 0.17 	 0.21
101365 	  78533 	 0.15 	 0.26
101365 	  81306 	 0.17 	 0.25
101365 	   2332 	 0.15 	 0.26
101365 	  69633 	 0.13 	 0.25
 10274 	  78533 	 0.18 	 0.26
 10274 	  82555 	 0.10 	 0.26
 10274 	 105200 	 0.17 	 0.26
 10274 	  82246 	 0.19 	 0.21
 10274 	 114535 	 0.11 	 0.26
 10274 	 111407 	 0.19 	 0.26
 10274 	  65863 	 0.11 	 0.26
 10274 	  94785 	 0.13 	 0.26
 10274 	   2332 	 0.18 	 0.26
 10274 	   5133 	 0.18 	 0.26
 79768 	  78533 	 0.17 	 0.26
 79768 	  82555 	 0.13 	 0.26
 79768 	 105200 	 0.14 	 0.26
 79768 	  28241 	 0.16 	 0.26
 79768 	  82246 	 0.13 	 0.21
 79768 	 114535 	 0.11 	 0.26
 79768 	 111407 	 0.16 	 0.26
 79768 	  65863 	 0.11 	 0.26
 79768 	  58481 	 0.18 	 0.26
 79768 	  94785 	 0.15 	 0.26
 79768 	   2332 	 0.17 	 0.26
 79768 	   8179 	 0.15 	 0.26
 79768 	   5133 	 0.17 	 0.26
 66221 	  91926 	 0.16 	 0.26
 66221 	  51289 	 0.19 	 0.26
122945 	  78533 	 0.13 	 0.26
122945 	   2332 	 0.13 	 0.26
107458 	  68681 	 0.18 	 0.26
 96900 	  78533 	 0.18 	 0.26
 96900 	  53672 	 0.19 	 0.26
 96900 	   2332 	 0.16 	 0.26
114259 	  10217 	 0.14 	 0.21
108273 	 205919 	 0.17 	 0.26
108273 	  72459 	 0.12 	 0.29
108273 	 118363 	 0.18 	 0.20
108273 	 100782 	 0.17 	 0.20
108273 	  53106 	 0.19 	 0.20
108273 	 125161 	 0.19 	 0.22
108273 	  43129 	 0.18 	 0.20
  2996 	 125161 	 0.13 	 0.22
115606 	  59539 	 0.19 	 0.20
115606 	  78533 	 0.16 	 0.20
115606 	  44074 	 0.16 	 0.20
115606 	  67362 	 0.13 	 0.20
115606 	   2332 	 0.16 	 0.20
115606 	   5103 	 0.19 	 0.20
 15972 	  39079 	 0.19 	 0.26
 15972 	 131151 	 0.16 	 0.20
 15972 	 108127 	 0.18 	 0.26
 15972 	 120065 	 0.18 	 0.26
 92527 	  44074 	 0.19 	 0.20
 92527 	  81306 	 0.13 	 0.20
101749 	  85890 	 0.18 	 0.26
108174 	  99477 	 0.19 	 0.20
  2251 	  82246 	 0.15 	 0.21
  2251 	  67362 	 0.17 	 0.26
  2251 	   5133 	 0.19 	 0.26
 75566 	  59539 	 0.16 	 0.20
 75566 	  44074 	 0.12 	 0.20
 75566 	 105733 	 0.16 	 0.20
 75566 	 103296 	 0.16 	 0.20
 52224 	  59539 	 0.19 	 0.20
 52224 	  44074 	 0.12 	 0.20
 52224 	 103296 	 0.15 	 0.20
  1531 	  10217 	 0.16 	 0.21
 62649 	  73957 	 0.18 	 0.21
 90137 	  85402 	 0.14 	 0.20
 90137 	  75641 	 0.14 	 0.28
 94602 	  85890 	 0.15 	 0.29
 64266 	  69026 	 0.13 	 0.21
 64266 	  91880 	 0.12 	 0.21
 58632 	   9595 	 0.11 	 0.23
 58632 	  59539 	 0.19 	 0.20
 58632 	   2986 	 0.17 	 0.20
 58632 	  44074 	 0.14 	 0.20
 58632 	  67362 	 0.13 	 0.20
115220 	  85890 	 0.15 	 0.26
 58416 	   9595 	 0.12 	 0.23
 58416 	  59539 	 0.19 	 0.20
 58416 	   2986 	 0.19 	 0.20
 58416 	  44074 	 0.17 	 0.20
 58416 	  67362 	 0.13 	 0.20
 52786 	 101673 	 0.13 	 0.26
 16404 	  78533 	 0.14 	 0.20
 16404 	 105200 	 0.13 	 0.20
 16404 	 122022 	 0.19 	 0.25
 16404 	   8980 	 0.12 	 0.25
 16404 	 105455 	 0.13 	 0.20
 16404 	  28241 	 0.13 	 0.20
 16404 	 111407 	 0.10 	 0.20
 16404 	  58481 	 0.15 	 0.20
 16404 	   2332 	 0.14 	 0.20
 16404 	   8179 	 0.16 	 0.20
 16404 	   5133 	 0.14 	 0.20
 16404 	 101365 	 0.16 	 0.25
 16404 	  92527 	 0.12 	 0.20
 16404 	  52786 	 0.11 	 0.25
105413 	  88141 	 0.16 	 0.26
105413 	 205919 	 0.16 	 0.26
105413 	 125161 	 0.18 	 0.22
105413 	  10274 	 0.13 	 0.26
105413 	  79768 	 0.14 	 0.26
 81262 	  78533 	 0.13 	 0.26
 81262 	  82246 	 0.10 	 0.21
 81262 	  58481 	 0.17 	 0.26
 81262 	   2332 	 0.11 	 0.26
 81262 	   8179 	 0.11 	 0.26
 81262 	   5133 	 0.13 	 0.26
 48486 	  88141 	 0.13 	 0.26
 48486 	  81305 	 0.12 	 0.26
 48486 	 205919 	 0.17 	 0.26
 48486 	 125161 	 0.17 	 0.22
 48486 	  10274 	 0.13 	 0.26
 37931 	 109693 	 0.18 	 0.26
 37931 	  72459 	 0.14 	 0.29
 37931 	 125161 	 0.15 	 0.22
101648 	  78533 	 0.15 	 0.20
101648 	   2332 	 0.15 	 0.20
111297 	  59539 	 0.17 	 0.20
111297 	  78533 	 0.19 	 0.20
111297 	  52768 	 0.17 	 0.20
111297 	   2986 	 0.16 	 0.20
111297 	 105200 	 0.14 	 0.20
111297 	  15511 	 0.17 	 0.25
111297 	  28241 	 0.16 	 0.20
111297 	  91926 	 0.19 	 0.25
111297 	 114535 	 0.15 	 0.20
111297 	  51289 	 0.17 	 0.25
111297 	  65863 	 0.12 	 0.20
111297 	  53672 	 0.14 	 0.20
111297 	  44074 	 0.19 	 0.20
111297 	  67362 	 0.10 	 0.20
111297 	  94785 	 0.13 	 0.20
111297 	   2332 	 0.19 	 0.20
111297 	 103296 	 0.17 	 0.20
111297 	  43129 	 0.16 	 0.20
111297 	   8179 	 0.19 	 0.20
111297 	  91880 	 0.18 	 0.25
111297 	  85142 	 0.19 	 0.20
111297 	  37464 	 0.19 	 0.20
111297 	   2996 	 0.11 	 0.20
111297 	  48486 	 0.16 	 0.20
111297 	  37931 	 0.17 	 0.20
106697 	  85890 	 0.15 	 0.26
 74286 	  93163 	 0.13 	 0.26
 74286 	 119680 	 0.18 	 0.26
 74286 	 128397 	 0.13 	 0.20
 74286 	 106302 	 0.17 	 0.26
 74286 	 131018 	 0.16 	 0.26
 74286 	 101160 	 0.15 	 0.26
 74286 	  92865 	 0.19 	 0.26
 74286 	  94264 	 0.15 	 0.20
 74286 	 122840 	 0.16 	 0.26
 74286 	 129134 	 0.16 	 0.26
 74286 	 127451 	 0.18 	 0.26
 74286 	  93950 	 0.17 	 0.20
 74286 	 126216 	 0.19 	 0.26
 74286 	 125161 	 0.15 	 0.22
 74286 	 109370 	 0.13 	 0.26
 74286 	   2622 	 0.10 	 0.20
 74286 	  97207 	 0.19 	 0.26
 27623 	  88141 	 0.19 	 0.26
 27623 	  81305 	 0.11 	 0.26
 27623 	 130665 	 0.19 	 0.26
 27623 	 106205 	 0.19 	 0.20
 27623 	  81306 	 0.11 	 0.20
 27623 	  10274 	 0.16 	 0.26
 27623 	  79768 	 0.15 	 0.26
 27623 	  16404 	 0.12 	 0.20
 27623 	  81262 	 0.10 	 0.26
 34379 	  78533 	 0.13 	 0.26
 34379 	  18307 	 0.18 	 0.26
 34379 	   2332 	 0.13 	 0.26
 34379 	 105733 	 0.19 	 0.26
 34379 	  76449 	 0.13 	 0.26
 34379 	 108273 	 0.16 	 0.26
 34379 	  74286 	 0.13 	 0.26
 95781 	  78533 	 0.17 	 0.26
 95781 	  18307 	 0.18 	 0.26
 95781 	   2332 	 0.15 	 0.26
 95781 	  76449 	 0.15 	 0.26
 95781 	  74286 	 0.15 	 0.26
 65782 	  75641 	 0.14 	 0.28
116898 	  81306 	 0.12 	 0.25
116898 	  69633 	 0.10 	 0.25
116898 	  16404 	 0.12 	 0.25
100142 	  88141 	 0.10 	 0.26
100142 	  15511 	 0.18 	 0.26
100142 	  68681 	 0.10 	 0.26
 28201 	  75641 	 0.16 	 0.22
119685 	   9595 	 0.19 	 0.21
119685 	  78533 	 0.17 	 0.26
119685 	  10217 	 0.14 	 0.21
119685 	   2332 	 0.19 	 0.26
119685 	  69633 	 0.14 	 0.25
121308 	  62372 	 0.19 	 0.26
121308 	  15972 	 0.19 	 0.26
121308 	 111297 	 0.18 	 0.25
 77148 	 110268 	 0.13 	 0.27
 77148 	 122840 	 0.17 	 0.27
 77148 	 122945 	 0.13 	 0.27
 70314 	  78533 	 0.18 	 0.26
 70314 	  82555 	 0.12 	 0.26
 70314 	 105200 	 0.15 	 0.26
 70314 	  28241 	 0.17 	 0.26
 70314 	  82246 	 0.12 	 0.21
 70314 	 114535 	 0.13 	 0.26
 70314 	 111407 	 0.19 	 0.26
 70314 	  65863 	 0.13 	 0.26
 70314 	  94785 	 0.13 	 0.26
 70314 	   2332 	 0.18 	 0.26
 70314 	   5133 	 0.18 	 0.26
 70314 	 108273 	 0.12 	 0.26
 70314 	 105413 	 0.13 	 0.26
 70314 	  48486 	 0.15 	 0.26
 70314 	  27623 	 0.16 	 0.26
  3715 	  88141 	 0.16 	 0.26
  3715 	 109693 	 0.18 	 0.26
  3715 	   1531 	 0.15 	 0.26
  3715 	 111297 	 0.13 	 0.20
 69513 	  78533 	 0.15 	 0.26
 69513 	   2332 	 0.15 	 0.26
 69513 	  95336 	 0.16 	 0.23
102995 	  85890 	 0.15 	 0.26
  2267 	  81305 	 0.19 	 0.26
  2267 	  68681 	 0.12 	 0.26
  2267 	  69633 	 0.13 	 0.20
  2267 	  79768 	 0.17 	 0.26
  2267 	  16404 	 0.16 	 0.20
  2267 	  81262 	 0.16 	 0.26
  2267 	 111297 	 0.19 	 0.20
   514 	  88141 	 0.12 	 0.26
   514 	 109693 	 0.18 	 0.26
   514 	 111297 	 0.13 	 0.20
 82463 	  64266 	 0.14 	 0.21
 82463 	 107489 	 0.14 	 0.26
 95350 	  44074 	 0.16 	 0.26
 48728 	  78533 	 0.13 	 0.26
 48728 	  82246 	 0.10 	 0.21
 48728 	  58481 	 0.17 	 0.26
 48728 	  94785 	 0.10 	 0.26
 48728 	   2332 	 0.11 	 0.26
 48728 	   8179 	 0.13 	 0.26
 48728 	   5133 	 0.13 	 0.26
 48728 	  27623 	 0.12 	 0.26
 48728 	   2267 	 0.16 	 0.26
109399 	 119617 	 0.18 	 0.26
109399 	  82463 	 0.11 	 0.26
 86335 	 122022 	 0.19 	 0.26
 61797 	 122022 	 0.19 	 0.26
 94015 	   9595 	 0.13 	 0.21
 94015 	  67362 	 0.17 	 0.26
 94015 	  81306 	 0.16 	 0.25
 94015 	 103296 	 0.18 	 0.26
 94015 	  69633 	 0.15 	 0.25
117213 	   9595 	 0.10 	 0.21
117213 	  78533 	 0.15 	 0.26
117213 	  10217 	 0.14 	 0.21
117213 	  81306 	 0.14 	 0.25
117213 	   2332 	 0.15 	 0.26
117213 	  72992 	 0.12 	 0.26
117213 	  69633 	 0.13 	 0.25
117213 	  16404 	 0.14 	 0.25
 94005 	  81305 	 0.11 	 0.26
 94005 	 205919 	 0.18 	 0.26
 94005 	  81306 	 0.10 	 0.20
 94005 	  10274 	 0.16 	 0.26
 94005 	  79768 	 0.13 	 0.26
 94005 	  81262 	 0.11 	 0.26
 94005 	 111297 	 0.13 	 0.20
 94005 	  70314 	 0.13 	 0.26
 94005 	  48728 	 0.10 	 0.26
109086 	  62372 	 0.16 	 0.26
109086 	  18307 	 0.16 	 0.26
109086 	  29716 	 0.19 	 0.26
109086 	  15972 	 0.16 	 0.26
109086 	 111297 	 0.17 	 0.25
 76438 	  93163 	 0.13 	 0.26
 76438 	 119680 	 0.18 	 0.26
 76438 	 128397 	 0.13 	 0.20
 76438 	 106302 	 0.17 	 0.26
 76438 	 131018 	 0.16 	 0.26
 76438 	 101160 	 0.15 	 0.26
 76438 	  92865 	 0.19 	 0.26
 76438 	  94264 	 0.15 	 0.20
 76438 	 122840 	 0.16 	 0.26
 76438 	 129134 	 0.16 	 0.26
 76438 	 127451 	 0.18 	 0.26
 76438 	  93950 	 0.17 	 0.20
 76438 	 126216 	 0.19 	 0.26
 76438 	 125161 	 0.15 	 0.22
 76438 	 109370 	 0.13 	 0.26
 76438 	   2622 	 0.10 	 0.20
 76438 	  97207 	 0.19 	 0.26
 76438 	  34379 	 0.13 	 0.26
 76438 	  95781 	 0.17 	 0.26
126974 	  85402 	 0.15 	 0.20
126974 	  85890 	 0.19 	 0.25
105523 	 127102 	 0.13 	 0.20
105523 	 128397 	 0.13 	 0.20
105523 	 205919 	 0.11 	 0.26
105523 	  80370 	 0.17 	 0.26
105523 	 128844 	 0.13 	 0.20
105523 	 109693 	 0.16 	 0.26
105523 	 122022 	 0.15 	 0.26
105523 	  70752 	 0.12 	 0.26
105523 	   8980 	 0.19 	 0.26
105523 	 130983 	 0.13 	 0.20
105523 	 110268 	 0.14 	 0.26
105523 	 101160 	 0.17 	 0.26
105523 	 127649 	 0.17 	 0.20
105523 	  91926 	 0.19 	 0.26
105523 	  95442 	 0.12 	 0.20
105523 	  51289 	 0.17 	 0.26
105523 	 122840 	 0.18 	 0.26
105523 	 129134 	 0.16 	 0.26
105523 	 127855 	 0.12 	 0.20
105523 	 119325 	 0.15 	 0.20
105523 	  70646 	 0.14 	 0.26
105523 	 118363 	 0.12 	 0.20
105523 	  67846 	 0.14 	 0.20
105523 	 100782 	 0.10 	 0.20
105523 	  53106 	 0.16 	 0.20
105523 	 125161 	 0.17 	 0.22
105523 	 119311 	 0.15 	 0.20
105523 	  43129 	 0.15 	 0.20
105523 	  73957 	 0.11 	 0.26
105523 	 101365 	 0.11 	 0.26
105523 	  10274 	 0.11 	 0.26
105523 	  79768 	 0.10 	 0.26
105523 	 122945 	 0.15 	 0.26
105523 	   2251 	 0.16 	 0.26
105523 	 111297 	 0.17 	 0.20
105523 	  34379 	 0.13 	 0.26
105523 	  28201 	 0.14 	 0.20
105523 	  70314 	 0.11 	 0.26
105523 	  69513 	 0.15 	 0.26
103091 	 105733 	 0.17 	 0.26
 67993 	  92753 	 0.11 	 0.27
 67993 	 110268 	 0.14 	 0.27
 67993 	 101160 	 0.16 	 0.27
 67993 	 122840 	 0.18 	 0.27
 67993 	 119325 	 0.12 	 0.21
 67993 	  93950 	 0.12 	 0.21
 67993 	 119311 	 0.12 	 0.21
 67993 	 122945 	 0.13 	 0.27
 98991 	  44074 	 0.15 	 0.20
 61753 	  73957 	 0.18 	 0.21
 61753 	  69513 	 0.16 	 0.21
 58883 	  44074 	 0.15 	 0.26
 58883 	  62649 	 0.17 	 0.21
 58883 	  61753 	 0.17 	 0.21
119884 	 101160 	 0.19 	 0.26
119884 	  72459 	 0.13 	 0.29
119884 	 125161 	 0.19 	 0.22
119884 	 109370 	 0.16 	 0.26
123022 	  78533 	 0.16 	 0.20
123022 	   2332 	 0.16 	 0.20
100744 	  88141 	 0.12 	 0.26
115883 	  59539 	 0.19 	 0.20
115883 	  78533 	 0.13 	 0.20
115883 	  44074 	 0.17 	 0.20
115883 	   2332 	 0.12 	 0.20
115883 	 103296 	 0.17 	 0.20
115883 	   3715 	 0.19 	 0.20
103973 	  78533 	 0.13 	 0.20
103973 	   2332 	 0.11 	 0.20
103973 	 108273 	 0.17 	 0.20
103973 	 105523 	 0.11 	 0.20
111227 	  94602 	 0.19 	 0.22
111227 	  82463 	 0.16 	 0.26
 52250 	  48486 	 0.19 	 0.23
121157 	   9595 	 0.14 	 0.21
121157 	  78533 	 0.12 	 0.26
121157 	  81306 	 0.14 	 0.25
121157 	   2332 	 0.12 	 0.26
121157 	  69633 	 0.11 	 0.25
121157 	  16404 	 0.13 	 0.25
 31394 	  78533 	 0.18 	 0.26
 31394 	  82555 	 0.16 	 0.26
 31394 	  28241 	 0.19 	 0.26
 31394 	  65863 	 0.18 	 0.26
 31394 	   2332 	 0.18 	 0.26
 31394 	 108273 	 0.17 	 0.26
 31394 	 105413 	 0.19 	 0.26
 31394 	  48486 	 0.19 	 0.26
 31394 	  94005 	 0.18 	 0.26
 31394 	 105523 	 0.18 	 0.26
 81503 	  88141 	 0.12 	 0.26
 81503 	 109693 	 0.18 	 0.26
 81503 	  72459 	 0.15 	 0.29
 81503 	   2251 	 0.14 	 0.26
 81503 	   1531 	 0.19 	 0.26
 81503 	  58632 	 0.17 	 0.20
 81503 	 111297 	 0.10 	 0.20
123045 	  78533 	 0.17 	 0.20
123045 	  82555 	 0.19 	 0.20
123045 	  28241 	 0.18 	 0.20
123045 	   2332 	 0.17 	 0.20
123045 	 105413 	 0.19 	 0.20
123045 	 105523 	 0.13 	 0.20
  2268 	  81305 	 0.11 	 0.26
  2268 	 205919 	 0.18 	 0.26
  2268 	  81306 	 0.10 	 0.20
  2268 	  10274 	 0.16 	 0.26
  2268 	  79768 	 0.11 	 0.26
  2268 	 111297 	 0.15 	 0.20
  2268 	  70314 	 0.13 	 0.26
  7303 	   2332 	 0.18 	 0.22
 82242 	 125161 	 0.13 	 0.22
 82242 	 123045 	 0.17 	 0.20
113681 	  78533 	 0.15 	 0.20
113681 	  44074 	 0.19 	 0.20
113681 	   2332 	 0.15 	 0.20
113681 	 103296 	 0.19 	 0.20
 66563 	  81305 	 0.17 	 0.26
 66563 	  81306 	 0.14 	 0.20
 66563 	  69633 	 0.14 	 0.20
 66563 	  79768 	 0.19 	 0.26
 66563 	  16404 	 0.14 	 0.20
 66563 	  81262 	 0.11 	 0.26
 66563 	 111297 	 0.19 	 0.20
 66563 	  48728 	 0.18 	 0.26
 62878 	  81305 	 0.11 	 0.26
 62878 	  81306 	 0.14 	 0.20
 62878 	  69633 	 0.13 	 0.20
 62878 	  10274 	 0.18 	 0.26
 62878 	  79768 	 0.17 	 0.26
 62878 	  16404 	 0.14 	 0.20
 62878 	  81262 	 0.13 	 0.26
 62878 	  70314 	 0.18 	 0.26
 62878 	  48728 	 0.10 	 0.26
108160 	  78533 	 0.16 	 0.20
108160 	  85890 	 0.16 	 0.25
108160 	   2332 	 0.18 	 0.20
 77586 	  44074 	 0.19 	 0.26
 77586 	  67362 	 0.18 	 0.26
128300 	  85890 	 0.18 	 0.26
 91740 	  82246 	 0.18 	 0.21
 59944 	  39337 	 0.18 	 0.26
 59944 	  90147 	 0.16 	 0.26
 59944 	 116115 	 0.12 	 0.26
 59944 	  58481 	 0.14 	 0.26
 59944 	 130986 	 0.13 	 0.25
 59944 	  94785 	 0.10 	 0.26
 59944 	 103133 	 0.19 	 0.26
 59944 	 114673 	 0.19 	 0.26
 59944 	  92527 	 0.19 	 0.25
 59944 	  90137 	 0.16 	 0.26
 80885 	  78533 	 0.18 	 0.26
 80885 	  82246 	 0.14 	 0.21
 80885 	  94785 	 0.16 	 0.26
 80885 	   2332 	 0.18 	 0.26
 80885 	   8179 	 0.18 	 0.26
 80885 	   5133 	 0.18 	 0.26
 80885 	 105413 	 0.13 	 0.26
 80885 	  48486 	 0.11 	 0.26
 80885 	  27623 	 0.18 	 0.26
 80885 	   2267 	 0.18 	 0.26
 80885 	   2268 	 0.11 	 0.26
 70788 	  39079 	 0.18 	 0.21
 70788 	 109693 	 0.18 	 0.21
 70788 	 122022 	 0.19 	 0.21
 70788 	  70752 	 0.16 	 0.21
 70788 	   8980 	 0.17 	 0.21
 70788 	 110268 	 0.18 	 0.21
 70788 	 126216 	 0.16 	 0.21
 70788 	  85972 	 0.17 	 0.21
 70788 	 108127 	 0.17 	 0.21
 70788 	  52786 	 0.18 	 0.21
 70788 	 116898 	 0.10 	 0.21
 70788 	 119685 	 0.17 	 0.21
 70788 	 121308 	 0.14 	 0.21
 70788 	 121157 	 0.16 	 0.21
 70788 	  77586 	 0.19 	 0.21
 74664 	  93163 	 0.13 	 0.26
 74664 	 119680 	 0.18 	 0.26
 74664 	 128397 	 0.13 	 0.20
 74664 	 106302 	 0.17 	 0.26
 74664 	 131018 	 0.16 	 0.26
 74664 	 101160 	 0.15 	 0.26
 74664 	  92865 	 0.19 	 0.26
 74664 	  94264 	 0.15 	 0.20
 74664 	 122840 	 0.16 	 0.26
 74664 	 129134 	 0.16 	 0.26
 74664 	 127451 	 0.18 	 0.26
 74664 	  93950 	 0.17 	 0.20
 74664 	 126216 	 0.19 	 0.26
 74664 	 125161 	 0.15 	 0.22
 74664 	 109370 	 0.13 	 0.26
 74664 	   2622 	 0.10 	 0.20
 74664 	  97207 	 0.19 	 0.26
 74664 	  34379 	 0.13 	 0.26
 74664 	  95781 	 0.17 	 0.26
 74664 	 123045 	 0.17 	 0.20
106244 	  78533 	 0.15 	 0.26
106244 	   2332 	 0.15 	 0.26
106244 	  76449 	 0.17 	 0.26
106244 	  74286 	 0.17 	 0.26
106244 	  76438 	 0.17 	 0.26
106244 	  74664 	 0.17 	 0.26
108765 	  81305 	 0.16 	 0.26
108765 	  69026 	 0.18 	 0.26
108765 	  85890 	 0.11 	 0.26
108765 	  59944 	 0.13 	 0.26
119270 	   9595 	 0.14 	 0.21
119270 	  81306 	 0.18 	 0.25
119270 	  69633 	 0.13 	 0.25
119270 	  16404 	 0.18 	 0.25
126646 	  50275 	 0.18 	 0.26
126646 	  92527 	 0.18 	 0.25
126646 	 108174 	 0.15 	 0.26
126646 	  27623 	 0.16 	 0.26
 99548 	  64266 	 0.13 	 0.21
 86131 	  78533 	 0.18 	 0.26
 86131 	  82246 	 0.19 	 0.21
 86131 	   2332 	 0.18 	 0.26
 86131 	 105413 	 0.19 	 0.26
 86131 	  48486 	 0.19 	 0.26
  7854 	  81305 	 0.11 	 0.26
  7854 	  81306 	 0.10 	 0.20
  7854 	  10274 	 0.13 	 0.26
  7854 	  79768 	 0.13 	 0.26
  7854 	  16404 	 0.10 	 0.20
  7854 	 111297 	 0.12 	 0.20
  7854 	  70314 	 0.11 	 0.26
  7854 	  31394 	 0.18 	 0.26
  7854 	  80885 	 0.13 	 0.26
126574 	  78533 	 0.12 	 0.26
126574 	   2332 	 0.12 	 0.26
126574 	   5103 	 0.16 	 0.26
126574 	  76449 	 0.12 	 0.26
126574 	  74286 	 0.12 	 0.26
126574 	  76438 	 0.12 	 0.26
126574 	  74664 	 0.12 	 0.26
 66058 	  78533 	 0.17 	 0.26
 66058 	   2332 	 0.17 	 0.26
126274 	  88141 	 0.19 	 0.25
126274 	  59539 	 0.15 	 0.20
126274 	  78533 	 0.12 	 0.20
126274 	  53672 	 0.19 	 0.20
126274 	  44074 	 0.15 	 0.20
126274 	   2332 	 0.12 	 0.20
126274 	 103296 	 0.17 	 0.20
126274 	  27623 	 0.17 	 0.20
119890 	  88141 	 0.17 	 0.26
119890 	  68681 	 0.12 	 0.26
 41611 	  93163 	 0.13 	 0.26
 41611 	 119680 	 0.18 	 0.26
 41611 	 128397 	 0.13 	 0.20
 41611 	 106302 	 0.17 	 0.26
 41611 	 131018 	 0.16 	 0.26
 41611 	 101160 	 0.15 	 0.26
 41611 	  92865 	 0.19 	 0.26
 41611 	  94264 	 0.15 	 0.20
 41611 	 122840 	 0.16 	 0.26
 41611 	 129134 	 0.16 	 0.26
 41611 	 127451 	 0.18 	 0.26
 41611 	  93950 	 0.17 	 0.20
 41611 	 126216 	 0.19 	 0.26
 41611 	 125161 	 0.15 	 0.22
 41611 	 109370 	 0.13 	 0.26
 41611 	   2622 	 0.10 	 0.20
 41611 	  97207 	 0.19 	 0.26
 41611 	  34379 	 0.13 	 0.26
 41611 	  95781 	 0.17 	 0.26
 41611 	 123045 	 0.17 	 0.20
 41611 	 106244 	 0.15 	 0.26
 41611 	 126574 	 0.12 	 0.26
 60615 	 108185 	 0.11 	 0.21
 60615 	  73957 	 0.15 	 0.21
 60615 	  99159 	 0.14 	 0.21
 60615 	  58883 	 0.17 	 0.21
103084 	  85890 	 0.18 	 0.26
 68575 	   9595 	 0.13 	 0.21
 68575 	  78533 	 0.14 	 0.26
 68575 	  67362 	 0.19 	 0.26
 68575 	   2332 	 0.16 	 0.26
 68575 	  69633 	 0.19 	 0.25
 68575 	 105523 	 0.16 	 0.26
 68575 	  70788 	 0.18 	 0.21
 62617 	  93163 	 0.13 	 0.26
 62617 	 119680 	 0.18 	 0.26
 62617 	 128397 	 0.13 	 0.20
 62617 	 106302 	 0.17 	 0.26
 62617 	 131018 	 0.16 	 0.26
 62617 	 101160 	 0.15 	 0.26
 62617 	  92865 	 0.19 	 0.26
 62617 	  94264 	 0.15 	 0.20
 62617 	 122840 	 0.16 	 0.26
 62617 	 129134 	 0.16 	 0.26
 62617 	 127451 	 0.18 	 0.26
 62617 	  93950 	 0.17 	 0.20
 62617 	 126216 	 0.19 	 0.26
 62617 	 125161 	 0.15 	 0.22
 62617 	 109370 	 0.13 	 0.26
 62617 	   2622 	 0.10 	 0.20
 62617 	  97207 	 0.19 	 0.26
 62617 	  34379 	 0.13 	 0.26
 62617 	  95781 	 0.17 	 0.26
 62617 	 123045 	 0.17 	 0.20
 62617 	 106244 	 0.15 	 0.26
 62617 	 126574 	 0.12 	 0.26
126992 	 105733 	 0.18 	 0.20
 51984 	  78533 	 0.11 	 0.20
 51984 	   2332 	 0.11 	 0.20
 51984 	 105523 	 0.12 	 0.20
124765 	  81305 	 0.19 	 0.26
124765 	  69026 	 0.19 	 0.26
124765 	  85890 	 0.12 	 0.26
 97187 	  44074 	 0.18 	 0.20
 97187 	  85890 	 0.17 	 0.25
 90122 	  62372 	 0.17 	 0.26
 90122 	  18307 	 0.17 	 0.26
131601 	 111297 	 0.19 	 0.20
131601 	 126646 	 0.17 	 0.26
111569 	  81305 	 0.16 	 0.26
111569 	  69026 	 0.19 	 0.26
111569 	  85890 	 0.10 	 0.26
111569 	  59944 	 0.13 	 0.26
101342 	  44074 	 0.13 	 0.20
101342 	 103296 	 0.19 	 0.20
124365 	  82246 	 0.15 	 0.21
 86570 	  78533 	 0.11 	 0.26
 86570 	 105200 	 0.13 	 0.26
 86570 	  28241 	 0.11 	 0.26
 86570 	 111407 	 0.13 	 0.26
 86570 	  58481 	 0.17 	 0.26
 86570 	   2332 	 0.11 	 0.26
 86570 	   8179 	 0.16 	 0.26
 86570 	   5133 	 0.13 	 0.26
 86570 	  27623 	 0.12 	 0.26
 86570 	   2267 	 0.16 	 0.26
 86570 	  94005 	 0.10 	 0.26
 86570 	   2268 	 0.10 	 0.26
 86570 	  66563 	 0.13 	 0.26
 86570 	  62878 	 0.13 	 0.26
 86570 	   7854 	 0.11 	 0.26
 94367 	  78533 	 0.17 	 0.26
 94367 	   2332 	 0.17 	 0.26
 94367 	  76449 	 0.17 	 0.26
 94367 	  74286 	 0.17 	 0.26
 94367 	  76438 	 0.17 	 0.26
 94367 	  74664 	 0.17 	 0.26
 94367 	  41611 	 0.17 	 0.26
 94367 	  62617 	 0.17 	 0.26
128822 	  10217 	 0.19 	 0.21
128975 	  78533 	 0.17 	 0.20
128975 	  44074 	 0.19 	 0.20
128975 	  85890 	 0.11 	 0.25
128975 	  67362 	 0.16 	 0.20
128975 	   2332 	 0.19 	 0.20
128975 	 105523 	 0.17 	 0.20
123702 	  78533 	 0.10 	 0.26
123702 	  82246 	 0.16 	 0.21
123702 	  10217 	 0.15 	 0.21
123702 	  44074 	 0.14 	 0.26
123702 	   2332 	 0.10 	 0.26
126225 	  88141 	 0.16 	 0.26
126225 	  68681 	 0.14 	 0.26
113068 	  78533 	 0.17 	 0.26
113068 	  44074 	 0.19 	 0.26
113068 	   2332 	 0.15 	 0.26
113068 	  95336 	 0.16 	 0.23
113068 	  60615 	 0.17 	 0.21
 95748 	  78533 	 0.16 	 0.26
 95748 	   2332 	 0.18 	 0.26
 95748 	  76449 	 0.14 	 0.26
 95748 	  74286 	 0.14 	 0.26
 95748 	  76438 	 0.14 	 0.26
 95748 	  74664 	 0.14 	 0.26
 95748 	  41611 	 0.14 	 0.26
 95748 	  62617 	 0.14 	 0.26
 76053 	  59539 	 0.19 	 0.20
 76053 	  91563 	 0.17 	 0.25
 76053 	  82555 	 0.12 	 0.20
 76053 	  52768 	 0.11 	 0.20
 76053 	   2986 	 0.13 	 0.20
 76053 	 105200 	 0.13 	 0.20
 76053 	  28241 	 0.11 	 0.20
 76053 	  91926 	 0.15 	 0.25
 76053 	  94332 	 0.14 	 0.20
 76053 	  96113 	 0.19 	 0.20
 76053 	  51289 	 0.13 	 0.25
 76053 	  53672 	 0.13 	 0.20
 76053 	  67362 	 0.11 	 0.20
 76053 	  58481 	 0.18 	 0.20
 76053 	  70646 	 0.17 	 0.25
 76053 	  94785 	 0.14 	 0.20
 76053 	 105733 	 0.19 	 0.20
 76053 	 103296 	 0.14 	 0.20
 76053 	  43129 	 0.18 	 0.20
 76053 	   5133 	 0.19 	 0.20
 76053 	  91880 	 0.19 	 0.25
 76053 	 120065 	 0.18 	 0.25
 76053 	  85142 	 0.14 	 0.20
 76053 	 101365 	 0.17 	 0.25
 76053 	  37464 	 0.14 	 0.20
 76053 	  52786 	 0.17 	 0.25
 76053 	 105413 	 0.17 	 0.20
 76053 	  48486 	 0.15 	 0.20
 76053 	  37931 	 0.11 	 0.20
 76053 	  65782 	 0.19 	 0.20
 76053 	 100142 	 0.14 	 0.20
 76053 	 121308 	 0.16 	 0.25
 76053 	   3715 	 0.14 	 0.20
 76053 	    514 	 0.14 	 0.20
 76053 	 109086 	 0.14 	 0.25
 76053 	 129421 	 0.17 	 0.25
 76053 	 100744 	 0.14 	 0.20
 76053 	  81503 	 0.14 	 0.20
 76053 	  66058 	 0.18 	 0.25
 76053 	 119890 	 0.19 	 0.20
 76053 	 126225 	 0.19 	 0.20
117793 	  85890 	 0.18 	 0.26
117490 	  78533 	 0.16 	 0.26
117490 	  75641 	 0.17 	 0.20
117490 	   2332 	 0.16 	 0.26
117490 	  77148 	 0.18 	 0.27
117490 	 105523 	 0.18 	 0.26
117344 	  78533 	 0.16 	 0.20
117344 	   2332 	 0.16 	 0.20
117344 	 105523 	 0.16 	 0.20
 97464 	  78533 	 0.14 	 0.20
 97464 	   2332 	 0.14 	 0.20
 97464 	 108273 	 0.17 	 0.20
 97464 	  27623 	 0.19 	 0.20
 97464 	 105523 	 0.10 	 0.20
 69636 	 127102 	 0.17 	 0.20
 69636 	  78533 	 0.10 	 0.20
 69636 	 128844 	 0.17 	 0.20
 69636 	 109693 	 0.19 	 0.25
 69636 	 122022 	 0.17 	 0.25
 69636 	   8980 	 0.12 	 0.25
 69636 	 105455 	 0.10 	 0.20
 69636 	 130983 	 0.17 	 0.20
 69636 	 131151 	 0.16 	 0.20
 69636 	 110268 	 0.15 	 0.25
 69636 	 117081 	 0.15 	 0.20
 69636 	  58481 	 0.12 	 0.20
 69636 	   2332 	 0.10 	 0.20
 69636 	 101365 	 0.11 	 0.25
 69636 	  92527 	 0.10 	 0.20
 69636 	  52786 	 0.11 	 0.25
 69636 	  27623 	 0.10 	 0.20
 69636 	 119685 	 0.15 	 0.25
 69636 	   2267 	 0.11 	 0.20
 69636 	  94015 	 0.15 	 0.25
 69636 	 117213 	 0.15 	 0.25
 69636 	 129421 	 0.17 	 0.25
 69636 	 121157 	 0.11 	 0.25
 69636 	 119270 	 0.15 	 0.25
 69636 	  68575 	 0.17 	 0.25
 52076 	 122022 	 0.17 	 0.27
 52076 	 110268 	 0.19 	 0.27
 52076 	  70646 	 0.12 	 0.27
 52076 	 126216 	 0.14 	 0.27
 34899 	 127102 	 0.18 	 0.20
 34899 	  91563 	 0.11 	 0.25
 34899 	 128844 	 0.18 	 0.20
 34899 	 109693 	 0.19 	 0.25
 34899 	 122022 	 0.18 	 0.25
 34899 	   8980 	 0.14 	 0.25
 34899 	 130983 	 0.18 	 0.20
 34899 	 110268 	 0.15 	 0.25
 34899 	  91926 	 0.13 	 0.25
 34899 	  92865 	 0.16 	 0.25
 34899 	  58481 	 0.16 	 0.20
 34899 	   5133 	 0.13 	 0.20
 34899 	 120065 	 0.11 	 0.25
 34899 	 101365 	 0.12 	 0.25
 34899 	  52786 	 0.12 	 0.25
 34899 	  27623 	 0.10 	 0.20
 34899 	 116898 	 0.12 	 0.25
 34899 	 100142 	 0.12 	 0.20
 34899 	 105156 	 0.14 	 0.25
 34899 	 121308 	 0.11 	 0.25
 34899 	  69513 	 0.18 	 0.25
 34899 	  94015 	 0.14 	 0.25
 34899 	 117213 	 0.13 	 0.25
 34899 	 109086 	 0.10 	 0.25
 34899 	 100744 	 0.10 	 0.20
 34899 	 121157 	 0.15 	 0.25
 34899 	  77586 	 0.18 	 0.25
 34899 	 119270 	 0.17 	 0.25
 34899 	  99548 	 0.19 	 0.25
 34899 	 119890 	 0.17 	 0.20
 34899 	  68575 	 0.19 	 0.25
 34899 	 126225 	 0.17 	 0.20
 73555 	   9595 	 0.11 	 0.21
 73555 	 100617 	 0.13 	 0.21
 73555 	 127102 	 0.16 	 0.25
 73555 	 102380 	 0.18 	 0.23
 73555 	  97838 	 0.14 	 0.21
 73555 	  75030 	 0.12 	 0.25
 73555 	 128844 	 0.16 	 0.25
 73555 	 106205 	 0.11 	 0.25
 73555 	  99902 	 0.14 	 0.21
 73555 	  91848 	 0.18 	 0.26
 73555 	 126200 	 0.19 	 0.25
 73555 	 105455 	 0.19 	 0.25
 73555 	 130983 	 0.16 	 0.25
 73555 	 126721 	 0.17 	 0.21
 73555 	  10217 	 0.11 	 0.21
 73555 	  66308 	 0.11 	 0.21
 73555 	  95442 	 0.14 	 0.25
 73555 	  82503 	 0.18 	 0.21
 73555 	  94264 	 0.15 	 0.25
 73555 	 101510 	 0.14 	 0.25
 73555 	 119325 	 0.15 	 0.25
 73555 	  93950 	 0.17 	 0.25
 73555 	 118363 	 0.17 	 0.25
 73555 	  67846 	 0.13 	 0.25
 73555 	 100782 	 0.16 	 0.25
 73555 	 129960 	 0.17 	 0.21
 73555 	  81306 	 0.13 	 0.25
 73555 	 102383 	 0.15 	 0.25
 73555 	 119311 	 0.15 	 0.25
 73555 	   2622 	 0.12 	 0.25
 73555 	 101463 	 0.18 	 0.25
 73555 	  69633 	 0.10 	 0.25
 73555 	 102481 	 0.19 	 0.25
 73555 	 115606 	 0.17 	 0.25
 73555 	  92527 	 0.17 	 0.25
 73555 	  75566 	 0.13 	 0.25
 73555 	  52224 	 0.12 	 0.25
 73555 	  16404 	 0.13 	 0.25
 73555 	 101648 	 0.16 	 0.25
 73555 	 100142 	 0.18 	 0.26
 73555 	 122891 	 0.16 	 0.21
 73555 	  98991 	 0.19 	 0.25
 73555 	  93696 	 0.17 	 0.21
 73555 	 123022 	 0.17 	 0.25
 73555 	 100744 	 0.18 	 0.26
 73555 	 113681 	 0.17 	 0.25
 73555 	  75661 	 0.11 	 0.21
 73555 	  70788 	 0.15 	 0.21
 73555 	 126274 	 0.15 	 0.25
 73555 	 126992 	 0.18 	 0.25
 73555 	  51984 	 0.18 	 0.25
 73555 	  97187 	 0.18 	 0.25
 73555 	 128975 	 0.19 	 0.25
 73555 	 126225 	 0.18 	 0.26
 73555 	  97464 	 0.16 	 0.25
 73555 	  52076 	 0.11 	 0.27
 94032 	  44074 	 0.19 	 0.26
 98993 	  60615 	 0.14 	 0.21
129520 	  73555 	 0.18 	 0.21
 50841 	  78533 	 0.15 	 0.26
 50841 	   2332 	 0.15 	 0.26
 50841 	  70788 	 0.19 	 0.21
 91849 	  88141 	 0.17 	 0.29
 91849 	  81305 	 0.11 	 0.29
 91849 	  78533 	 0.19 	 0.22
 91849 	  69633 	 0.10 	 0.22
 91849 	  81262 	 0.13 	 0.29
 91849 	  48728 	 0.13 	 0.29
 91849 	  67672 	 0.15 	 0.26
 91849 	  76053 	 0.15 	 0.22
 91849 	  69636 	 0.10 	 0.22
 91849 	  34899 	 0.13 	 0.22
107802 	 119680 	 0.18 	 0.26
107802 	 205919 	 0.17 	 0.26
107802 	 125161 	 0.16 	 0.22
107802 	  79768 	 0.12 	 0.26
107802 	  70314 	 0.10 	 0.26
107802 	  31394 	 0.17 	 0.26
107802 	 123045 	 0.18 	 0.20
107802 	  80885 	 0.12 	 0.26
107802 	  86131 	 0.19 	 0.26
119808 	  76053 	 0.12 	 0.20
125120 	  67993 	 0.11 	 0.20
129161 	  78533 	 0.17 	 0.20
129161 	   2332 	 0.17 	 0.20
129161 	  76449 	 0.17 	 0.20
129161 	  74286 	 0.17 	 0.20
129161 	  76438 	 0.17 	 0.20
129161 	  74664 	 0.17 	 0.20
129161 	  41611 	 0.17 	 0.20
129161 	  62617 	 0.17 	 0.20
129161 	  73555 	 0.19 	 0.25
 98813 	  85890 	 0.15 	 0.26
 98813 	  59944 	 0.19 	 0.26
 61674 	  85402 	 0.19 	 0.25
 61674 	  10217 	 0.19 	 0.21
 61674 	  44074 	 0.15 	 0.26
 61674 	 103296 	 0.18 	 0.26
 61674 	  77153 	 0.15 	 0.24
 61674 	  95336 	 0.17 	 0.23
 61674 	  61753 	 0.15 	 0.21
 61674 	  60615 	 0.18 	 0.21
 61674 	  34899 	 0.18 	 0.25
121983 	   9595 	 0.10 	 0.21
121983 	  78533 	 0.15 	 0.26
121983 	  44074 	 0.19 	 0.26
121983 	   2332 	 0.15 	 0.26
121983 	 103296 	 0.15 	 0.26
121983 	 105523 	 0.17 	 0.26
121983 	  69636 	 0.14 	 0.25
125231 	 111227 	 0.18 	 0.20
 66612 	  59539 	 0.18 	 0.20
 66612 	  78533 	 0.16 	 0.20
 66612 	  52768 	 0.16 	 0.20
 66612 	 117081 	 0.18 	 0.20
 66612 	  44074 	 0.13 	 0.20
 66612 	   2332 	 0.13 	 0.20
 66612 	   5133 	 0.14 	 0.20
 66612 	 105413 	 0.13 	 0.20
 66612 	  48486 	 0.15 	 0.20
 66612 	  27623 	 0.12 	 0.20
 66612 	  81503 	 0.10 	 0.20
 66612 	   2268 	 0.19 	 0.20
 66612 	 108765 	 0.15 	 0.20
 66612 	   7854 	 0.19 	 0.20
 66612 	 124765 	 0.17 	 0.20
 66612 	 111569 	 0.16 	 0.20
 66612 	 126225 	 0.15 	 0.20
 66612 	 107802 	 0.17 	 0.20
124281 	  66612 	 0.15 	 0.20
 96106 	  78533 	 0.16 	 0.20
 96106 	   2332 	 0.14 	 0.20
 96106 	  76449 	 0.13 	 0.20
 96106 	  74286 	 0.13 	 0.20
 96106 	  76438 	 0.13 	 0.20
 96106 	  74664 	 0.13 	 0.20
 96106 	  41611 	 0.13 	 0.20
 96106 	  62617 	 0.13 	 0.20
 96106 	  73555 	 0.16 	 0.25
111453 	  78533 	 0.14 	 0.22
111453 	  85402 	 0.11 	 0.22
111453 	  85890 	 0.12 	 0.29
111453 	   2332 	 0.14 	 0.22
111453 	  76449 	 0.14 	 0.22
111453 	  74286 	 0.14 	 0.22
111453 	  76438 	 0.14 	 0.22
111453 	  74664 	 0.14 	 0.22
111453 	  41611 	 0.14 	 0.22
111453 	  62617 	 0.14 	 0.22
 82662 	  68681 	 0.12 	 0.25
 82662 	  69633 	 0.12 	 0.20
 82662 	  59944 	 0.11 	 0.25
 64212 	 205919 	 0.16 	 0.26
 64212 	 125161 	 0.15 	 0.22
 64212 	  10274 	 0.16 	 0.26
 64212 	  79768 	 0.17 	 0.26
 64212 	   2251 	 0.19 	 0.26
 64212 	  16404 	 0.12 	 0.20
 64212 	 111297 	 0.12 	 0.20
 64212 	  70314 	 0.13 	 0.26
 64212 	  31394 	 0.18 	 0.26
 64212 	 123045 	 0.19 	 0.20
 64212 	  80885 	 0.13 	 0.26
 64212 	  86131 	 0.16 	 0.26
 64212 	  76053 	 0.11 	 0.20
 64212 	  73555 	 0.16 	 0.26
 64212 	  66612 	 0.14 	 0.20
 89982 	  78533 	 0.18 	 0.26
 89982 	  94785 	 0.18 	 0.26
 89982 	   2332 	 0.18 	 0.26
 89982 	   5133 	 0.18 	 0.26
 89982 	 105413 	 0.19 	 0.26
 89982 	  48486 	 0.17 	 0.26
 89982 	   2268 	 0.18 	 0.26
 89982 	 107802 	 0.17 	 0.26
 89982 	  64212 	 0.18 	 0.26
 42495 	 127102 	 0.19 	 0.20
 42495 	 119680 	 0.16 	 0.26
 42495 	 128397 	 0.13 	 0.20
 42495 	  91563 	 0.18 	 0.26
 42495 	 205919 	 0.15 	 0.26
 42495 	 106302 	 0.17 	 0.26
 42495 	 128844 	 0.19 	 0.20
 42495 	 109693 	 0.18 	 0.26
 42495 	 122022 	 0.15 	 0.26
 42495 	  70752 	 0.18 	 0.26
 42495 	 131018 	 0.16 	 0.26
 42495 	 130983 	 0.19 	 0.20
 42495 	 101160 	 0.15 	 0.26
 42495 	 127649 	 0.17 	 0.20
 42495 	  95442 	 0.10 	 0.20
 42495 	  92865 	 0.19 	 0.26
 42495 	  51289 	 0.14 	 0.26
 42495 	  94264 	 0.13 	 0.20
 42495 	 129134 	 0.14 	 0.26
 42495 	 127855 	 0.18 	 0.20
 42495 	 127451 	 0.18 	 0.26
 42495 	   4363 	 0.12 	 0.20
 42495 	 119325 	 0.16 	 0.20
 42495 	  93950 	 0.17 	 0.20
 42495 	 118363 	 0.11 	 0.20
 42495 	  67846 	 0.19 	 0.20
 42495 	 100782 	 0.14 	 0.20
 42495 	  81306 	 0.12 	 0.20
 42495 	 124419 	 0.18 	 0.26
 42495 	 119311 	 0.16 	 0.20
 42495 	 109370 	 0.13 	 0.26
 42495 	   2622 	 0.13 	 0.20
 42495 	  97207 	 0.19 	 0.26
 42495 	  73957 	 0.18 	 0.26
 42495 	 101365 	 0.15 	 0.26
 42495 	  10274 	 0.15 	 0.26
 42495 	  79768 	 0.14 	 0.26
 42495 	 122945 	 0.13 	 0.26
 42495 	   2524 	 0.19 	 0.20
 42495 	 115606 	 0.16 	 0.20
 42495 	  16404 	 0.12 	 0.20
 42495 	  81262 	 0.11 	 0.26
 42495 	 111297 	 0.19 	 0.20
 42495 	  34379 	 0.17 	 0.26
 42495 	  95781 	 0.17 	 0.26
 42495 	  28201 	 0.19 	 0.20
 42495 	  70314 	 0.15 	 0.26
 42495 	 115258 	 0.15 	 0.26
 42495 	  69513 	 0.17 	 0.26
 42495 	  48728 	 0.11 	 0.26
 42495 	 124881 	 0.18 	 0.26
 42495 	 103973 	 0.17 	 0.20
 42495 	 123045 	 0.17 	 0.20
 42495 	  80885 	 0.15 	 0.26
 42495 	 106244 	 0.15 	 0.26
 42495 	 119270 	 0.18 	 0.26
 42495 	 126574 	 0.18 	 0.26
 42495 	  51984 	 0.16 	 0.20
 42495 	  86570 	 0.11 	 0.26
 42495 	  94367 	 0.17 	 0.26
 42495 	 128822 	 0.15 	 0.26
 42495 	 128975 	 0.17 	 0.20
 42495 	  95748 	 0.16 	 0.26
 42495 	 117344 	 0.14 	 0.20
 42495 	  97464 	 0.14 	 0.20
 42495 	 129161 	 0.17 	 0.20
 42495 	 121983 	 0.17 	 0.26
 42495 	  96106 	 0.13 	 0.20
 42495 	 111453 	 0.12 	 0.22
 42495 	  89982 	 0.15 	 0.26
105591 	  78533 	 0.17 	 0.22
105591 	   2986 	 0.18 	 0.22
105591 	  44074 	 0.15 	 0.22
105591 	  67362 	 0.16 	 0.22
105591 	   2332 	 0.17 	 0.22
105591 	  76449 	 0.19 	 0.22
105591 	  74286 	 0.19 	 0.22
105591 	  76438 	 0.19 	 0.22
105591 	 105523 	 0.17 	 0.22
105591 	  74664 	 0.19 	 0.22
105591 	  41611 	 0.19 	 0.22
105591 	  62617 	 0.19 	 0.22
105591 	  42495 	 0.17 	 0.22
128928 	  85890 	 0.10 	 0.26
128928 	  59944 	 0.14 	 0.26
 88019 	  78533 	 0.12 	 0.26
 88019 	  44074 	 0.12 	 0.26
 88019 	  67362 	 0.17 	 0.26
 88019 	   2332 	 0.12 	 0.26
 88019 	 105733 	 0.19 	 0.26
 88019 	 103296 	 0.16 	 0.26
 88019 	  66221 	 0.17 	 0.26
 88019 	 105523 	 0.18 	 0.26
 88019 	  70788 	 0.16 	 0.21
 88019 	  42495 	 0.18 	 0.26
112063 	  85890 	 0.18 	 0.26
114929 	 205919 	 0.17 	 0.26
114929 	  72459 	 0.13 	 0.29
114929 	 118363 	 0.18 	 0.20
114929 	 125161 	 0.12 	 0.22
114929 	   2622 	 0.19 	 0.20
114929 	  10274 	 0.12 	 0.26
114929 	  79768 	 0.12 	 0.26
114929 	  70314 	 0.10 	 0.26
114929 	 115258 	 0.18 	 0.26
114929 	  31394 	 0.14 	 0.26
114929 	  86131 	 0.17 	 0.26
114929 	  66612 	 0.17 	 0.20
114929 	  89982 	 0.17 	 0.26
123347 	  85890 	 0.10 	 0.26
123347 	 107568 	 0.19 	 0.29
 58385 	  10217 	 0.19 	 0.21
 58385 	  44074 	 0.15 	 0.26
 58385 	 103296 	 0.18 	 0.26
 58385 	  95336 	 0.19 	 0.23
 58385 	  62649 	 0.16 	 0.21
 58385 	  60615 	 0.16 	 0.21
105144 	  91848 	 0.17 	 0.26
105144 	  65408 	 0.15 	 0.26
105144 	  29716 	 0.14 	 0.26
105144 	  44074 	 0.18 	 0.26
105144 	  67362 	 0.19 	 0.26
105144 	  81306 	 0.10 	 0.25
105144 	 103296 	 0.18 	 0.26
105144 	  66221 	 0.16 	 0.26
105144 	  16404 	 0.10 	 0.25
105144 	  70788 	 0.14 	 0.21
 69502 	  91563 	 0.15 	 0.25
 69502 	  78533 	 0.14 	 0.20
 69502 	  91926 	 0.14 	 0.25
 69502 	  94785 	 0.14 	 0.20
 69502 	   2332 	 0.14 	 0.20
 69502 	   5133 	 0.14 	 0.20
 69502 	 120065 	 0.17 	 0.25
 69502 	 105413 	 0.13 	 0.20
 69502 	  48486 	 0.14 	 0.20
 69502 	  27623 	 0.17 	 0.20
 69502 	 121308 	 0.16 	 0.25
 69502 	 109086 	 0.13 	 0.25
 69502 	 121157 	 0.18 	 0.25
 69502 	   2268 	 0.16 	 0.20
 69502 	   7854 	 0.14 	 0.20
 69502 	  73555 	 0.17 	 0.25
 69502 	 107802 	 0.13 	 0.20
 69502 	  64212 	 0.18 	 0.20
 69502 	  42495 	 0.12 	 0.20
 69502 	 114929 	 0.11 	 0.20
 69502 	 105144 	 0.17 	 0.25
 92655 	  81306 	 0.11 	 0.25
 92655 	  16404 	 0.12 	 0.25
 92655 	  70788 	 0.18 	 0.21
 92655 	  69636 	 0.10 	 0.25
 92655 	  34899 	 0.10 	 0.25
 92655 	  69502 	 0.18 	 0.25
  8991 	  85402 	 0.19 	 0.20
 66646 	  59539 	 0.12 	 0.20
 66646 	  53672 	 0.19 	 0.20
 66646 	   5103 	 0.11 	 0.20
 66646 	  37931 	 0.16 	 0.20
 66646 	  81503 	 0.15 	 0.20
122256 	  52786 	 0.10 	 0.26
 87194 	 127102 	 0.15 	 0.20
 87194 	  81305 	 0.10 	 0.26
 87194 	  93163 	 0.13 	 0.26
 87194 	 119680 	 0.15 	 0.26
 87194 	 128397 	 0.14 	 0.20
 87194 	  91563 	 0.15 	 0.26
 87194 	 205919 	 0.17 	 0.26
 87194 	  80370 	 0.16 	 0.26
 87194 	 106302 	 0.16 	 0.26
 87194 	 128844 	 0.15 	 0.20
 87194 	 122022 	 0.18 	 0.26
 87194 	  70752 	 0.18 	 0.26
 87194 	   8980 	 0.18 	 0.26
 87194 	 131018 	 0.16 	 0.26
 87194 	 130983 	 0.15 	 0.20
 87194 	 101160 	 0.15 	 0.26
 87194 	 127649 	 0.16 	 0.20
 87194 	  91926 	 0.16 	 0.26
 87194 	  95442 	 0.10 	 0.20
 87194 	  92865 	 0.18 	 0.26
 87194 	  51289 	 0.16 	 0.26
 87194 	  94264 	 0.14 	 0.20
 87194 	 122840 	 0.18 	 0.26
 87194 	 129134 	 0.13 	 0.26
 87194 	 127855 	 0.13 	 0.20
 87194 	 127451 	 0.18 	 0.26
 87194 	   4363 	 0.13 	 0.20
 87194 	 119325 	 0.14 	 0.20
 87194 	  93950 	 0.17 	 0.20
 87194 	  70646 	 0.16 	 0.26
 87194 	 118363 	 0.10 	 0.20
 87194 	  67846 	 0.14 	 0.20
 87194 	 100782 	 0.14 	 0.20
 87194 	  81306 	 0.13 	 0.20
 87194 	 124419 	 0.18 	 0.26
 87194 	 125161 	 0.17 	 0.22
 87194 	 119311 	 0.14 	 0.20
 87194 	 109370 	 0.12 	 0.26
 87194 	   2622 	 0.10 	 0.20
 87194 	  97207 	 0.18 	 0.26
 87194 	 120065 	 0.18 	 0.26
 87194 	  73957 	 0.18 	 0.26
 87194 	  69633 	 0.10 	 0.20
 87194 	 101365 	 0.15 	 0.26
 87194 	  10274 	 0.17 	 0.26
 87194 	  79768 	 0.16 	 0.26
 87194 	 122945 	 0.13 	 0.26
 87194 	 115606 	 0.15 	 0.20
 87194 	  52786 	 0.19 	 0.26
 87194 	  16404 	 0.13 	 0.20
 87194 	  81262 	 0.13 	 0.26
 87194 	 111297 	 0.17 	 0.20
 87194 	  34379 	 0.12 	 0.26
 87194 	  95781 	 0.16 	 0.26
 87194 	  70314 	 0.17 	 0.26
 87194 	 115258 	 0.10 	 0.26
 87194 	  69513 	 0.14 	 0.26
 87194 	  48728 	 0.11 	 0.26
 87194 	 124881 	 0.18 	 0.26
 87194 	 103973 	 0.13 	 0.20
 87194 	  31394 	 0.17 	 0.26
 87194 	 123045 	 0.17 	 0.20
 87194 	   7303 	 0.17 	 0.22
 87194 	  80885 	 0.17 	 0.26
 87194 	 106244 	 0.16 	 0.26
 87194 	  86131 	 0.17 	 0.26
 87194 	 126574 	 0.12 	 0.26
 87194 	  66058 	 0.16 	 0.26
 87194 	  68575 	 0.13 	 0.26
 87194 	  51984 	 0.10 	 0.20
 87194 	  86570 	 0.11 	 0.26
 87194 	  94367 	 0.16 	 0.26
 87194 	 128975 	 0.18 	 0.20
 87194 	  95748 	 0.16 	 0.26
 87194 	 117490 	 0.18 	 0.26
 87194 	 117344 	 0.15 	 0.20
 87194 	  97464 	 0.14 	 0.20
 87194 	  50841 	 0.14 	 0.26
 87194 	  91849 	 0.18 	 0.22
 87194 	 129161 	 0.16 	 0.20
 87194 	 121983 	 0.14 	 0.26
 87194 	  66612 	 0.15 	 0.20
 87194 	  96106 	 0.14 	 0.20
 87194 	 111453 	 0.13 	 0.22
 87194 	  89982 	 0.17 	 0.26
 87194 	 116362 	 0.17 	 0.22
 87194 	 105591 	 0.16 	 0.22
 87194 	  88019 	 0.11 	 0.26
 87194 	  69502 	 0.14 	 0.20
103607 	  85890 	 0.16 	 0.26
