 81305 	  92753 	 -1.00 	 0.33
 81305 	  88141 	 -1.00 	 0.33
 91563 	  92753 	 -1.00 	 0.33
130665 	  96511 	 -1.00 	 0.33
205919 	  92753 	 -1.00 	 0.33
127242 	 127102 	 -1.00 	 0.31
 97838 	 130387 	 -1.00 	 0.36
 97838 	 127242 	 -1.00 	 0.36
 95182 	  94908 	 -1.00 	 0.36
 80370 	  92753 	 -1.00 	 0.33
126040 	 126869 	 -1.00 	 0.31
 75030 	 127102 	 -1.00 	 0.31
128844 	  75030 	 -1.00 	 0.31
 15511 	  81305 	 -1.00 	 0.33
 15511 	 205919 	 -1.00 	 0.33
 15511 	  80370 	 -1.00 	 0.33
110571 	  96511 	 -1.00 	 0.33
109693 	  92753 	 -1.00 	 0.33
109693 	  88141 	 -1.00 	 0.33
109693 	  81305 	 -1.00 	 0.33
109693 	 205919 	 -1.00 	 0.33
 99902 	 100617 	 -1.00 	 0.30
122022 	  92753 	 -1.00 	 0.33
122022 	 119680 	 -1.00 	 0.33
122022 	  39079 	 -1.00 	 0.33
122022 	 205919 	 -1.00 	 0.33
122022 	 106302 	 -1.00 	 0.33
122022 	  15511 	 -1.00 	 0.33
122022 	 109693 	 -1.00 	 0.33
 88333 	  94927 	 -1.00 	 0.33
 88333 	 119680 	 -1.00 	 0.33
 88333 	 130665 	 -1.00 	 0.33
 88333 	 110571 	 -1.00 	 0.33
 70752 	 130665 	 -1.00 	 0.33
 70752 	 110571 	 -1.00 	 0.33
  8980 	  92753 	 -1.00 	 0.33
  8980 	  88141 	 -1.00 	 0.33
  8980 	  81305 	 -1.00 	 0.33
  8980 	  39079 	 -1.00 	 0.33
  8980 	 205919 	 -1.00 	 0.33
  8980 	 109693 	 -1.00 	 0.33
  8980 	 122022 	 -1.00 	 0.33
107934 	  62372 	 -1.00 	 0.36
107934 	  18307 	 -1.00 	 0.36
129131 	   9595 	 -1.00 	 0.30
129131 	 102380 	 -1.00 	 0.33
129131 	  81305 	 -1.00 	 0.32
129131 	  92014 	 -1.00 	 0.36
129131 	 205919 	 -1.00 	 0.32
129131 	  80370 	 -1.00 	 0.32
131018 	 122022 	 -1.00 	 0.33
131018 	  88333 	 -1.00 	 0.33
126200 	 128397 	 -1.00 	 0.31
126200 	 129131 	 -1.00 	 0.36
113027 	 100617 	 -1.00 	 0.32
113027 	  99902 	 -1.00 	 0.32
130983 	  75030 	 -1.00 	 0.31
 82246 	  82555 	 -1.00 	 0.30
 93171 	  81305 	 -1.00 	 0.33
 93171 	 205919 	 -1.00 	 0.33
 93171 	  80370 	 -1.00 	 0.33
 93171 	  15511 	 -1.00 	 0.33
 93171 	 109693 	 -1.00 	 0.33
 93171 	 122022 	 -1.00 	 0.33
 93171 	   8980 	 -1.00 	 0.33
114379 	 102380 	 -1.00 	 0.36
114379 	 129131 	 -1.00 	 0.32
131151 	 127242 	 -1.00 	 0.31
126721 	  70752 	 -1.00 	 0.32
102278 	  92014 	 -1.00 	 0.31
 65408 	  94908 	 -1.00 	 0.36
 65408 	 100225 	 -1.00 	 0.36
 65408 	  76155 	 -1.00 	 0.36
101280 	  94908 	 -1.00 	 0.36
110268 	  92753 	 -1.00 	 0.33
110268 	 205919 	 -1.00 	 0.33
110268 	 109693 	 -1.00 	 0.33
110268 	  93171 	 -1.00 	 0.33
101160 	 129131 	 -1.00 	 0.32
127649 	 126869 	 -1.00 	 0.31
127649 	  97838 	 -1.00 	 0.36
 10217 	  82555 	 -1.00 	 0.30
 66308 	   9595 	 -1.00 	 0.30
 66308 	  92753 	 -1.00 	 0.32
 66308 	  92014 	 -1.00 	 0.36
 66308 	  39079 	 -1.00 	 0.32
 66308 	 127242 	 -1.00 	 0.36
 66308 	 105455 	 -1.00 	 0.36
 66308 	  93171 	 -1.00 	 0.32
 95442 	   9595 	 -1.00 	 0.36
 95442 	 127102 	 -1.00 	 0.31
 95442 	  97838 	 -1.00 	 0.36
 95442 	 128844 	 -1.00 	 0.31
 95442 	 129131 	 -1.00 	 0.36
 95442 	 130983 	 -1.00 	 0.31
 95442 	 126721 	 -1.00 	 0.36
  7012 	 113401 	 -1.00 	 0.36
  7012 	 127533 	 -1.00 	 0.36
  7012 	  96738 	 -1.00 	 0.36
117081 	 118052 	 -1.00 	 0.36
117081 	  95182 	 -1.00 	 0.36
117081 	  65408 	 -1.00 	 0.36
 92865 	  39079 	 -1.00 	 0.33
 92865 	   8980 	 -1.00 	 0.33
 92865 	 131018 	 -1.00 	 0.33
 92250 	  95182 	 -1.00 	 0.36
 92250 	  65408 	 -1.00 	 0.36
 31490 	 127242 	 -1.00 	 0.34
 31490 	  97838 	 -1.00 	 0.36
 31490 	  95182 	 -1.00 	 0.31
 31490 	 126721 	 -1.00 	 0.36
 31490 	  65408 	 -1.00 	 0.31
 69026 	  92753 	 -1.00 	 0.33
 69026 	  88141 	 -1.00 	 0.33
 69026 	 205919 	 -1.00 	 0.33
 69026 	  15511 	 -1.00 	 0.33
 69026 	   8980 	 -1.00 	 0.33
 69026 	  93171 	 -1.00 	 0.33
102078 	  95182 	 -1.00 	 0.36
102078 	  65408 	 -1.00 	 0.36
 51289 	  92753 	 -1.00 	 0.33
 51289 	  15511 	 -1.00 	 0.33
 51289 	 109693 	 -1.00 	 0.33
 51289 	 122022 	 -1.00 	 0.33
 51289 	   8980 	 -1.00 	 0.33
 51289 	 129131 	 -1.00 	 0.32
 51289 	  93171 	 -1.00 	 0.33
 51289 	 126721 	 -1.00 	 0.32
 51289 	  91926 	 -1.00 	 0.33
 94264 	  92014 	 -1.00 	 0.31
 94264 	 125052 	 -1.00 	 0.39
 94264 	 124999 	 -1.00 	 0.39
 94264 	 131151 	 -1.00 	 0.31
111407 	  28241 	 -1.00 	 0.36
122840 	 126721 	 -1.00 	 0.32
100909 	  95182 	 -1.00 	 0.36
100909 	  65408 	 -1.00 	 0.36
100909 	 102078 	 -1.00 	 0.36
108185 	  81305 	 -1.00 	 0.33
108185 	 130665 	 -1.00 	 0.33
108185 	 205919 	 -1.00 	 0.33
108185 	 122022 	 -1.00 	 0.33
108185 	  70752 	 -1.00 	 0.33
108185 	  93171 	 -1.00 	 0.33
108185 	  69026 	 -1.00 	 0.33
 99477 	 100617 	 -1.00 	 0.36
 99477 	  99902 	 -1.00 	 0.36
117951 	  95182 	 -1.00 	 0.36
117951 	  65408 	 -1.00 	 0.36
117951 	 117081 	 -1.00 	 0.36
105970 	 124999 	 -1.00 	 0.36
 75641 	   9595 	 -1.00 	 0.32
 75641 	 127102 	 -1.00 	 0.30
 75641 	  81305 	 -1.00 	 0.39
 75641 	  90154 	 -1.00 	 0.37
 75641 	 205919 	 -1.00 	 0.39
 75641 	 128844 	 -1.00 	 0.30
 75641 	 130983 	 -1.00 	 0.30
 72459 	   9595 	 -1.00 	 0.34
 72459 	 127242 	 -1.00 	 0.32
 72459 	 129131 	 -1.00 	 0.34
 72459 	 102278 	 -1.00 	 0.32
 72459 	  66308 	 -1.00 	 0.34
101510 	  97838 	 -1.00 	 0.36
101510 	 126721 	 -1.00 	 0.36
127855 	  97838 	 -1.00 	 0.36
127855 	 129131 	 -1.00 	 0.36
127855 	 126721 	 -1.00 	 0.36
127451 	 119680 	 -1.00 	 0.33
127451 	 106302 	 -1.00 	 0.33
127451 	 122022 	 -1.00 	 0.33
127451 	  88333 	 -1.00 	 0.33
127451 	  92865 	 -1.00 	 0.33
  4363 	   9595 	 -1.00 	 0.36
  4363 	  97838 	 -1.00 	 0.36
  4363 	  75030 	 -1.00 	 0.31
  4363 	 126721 	 -1.00 	 0.36
  4363 	  66308 	 -1.00 	 0.36
 31770 	 130387 	 -1.00 	 0.31
 31770 	 126040 	 -1.00 	 0.31
119111 	  95182 	 -1.00 	 0.36
119111 	  65408 	 -1.00 	 0.36
119325 	 131151 	 -1.00 	 0.31
 93950 	 127102 	 -1.00 	 0.31
 93950 	  97838 	 -1.00 	 0.36
 93950 	 128844 	 -1.00 	 0.31
 93950 	 130983 	 -1.00 	 0.31
 93950 	 126721 	 -1.00 	 0.36
 58481 	  82555 	 -1.00 	 0.36
 58481 	  76155 	 -1.00 	 0.36
 70646 	  92753 	 -1.00 	 0.33
 70646 	  15511 	 -1.00 	 0.33
 70646 	 122022 	 -1.00 	 0.33
 70646 	   8980 	 -1.00 	 0.33
 70646 	 129131 	 -1.00 	 0.32
 70646 	  93171 	 -1.00 	 0.33
 70646 	 126721 	 -1.00 	 0.32
101544 	  76155 	 -1.00 	 0.36
101544 	  65408 	 -1.00 	 0.36
118363 	   9595 	 -1.00 	 0.36
118363 	  97838 	 -1.00 	 0.36
118363 	 129131 	 -1.00 	 0.36
118363 	 126721 	 -1.00 	 0.36
118363 	  66308 	 -1.00 	 0.36
118363 	  93950 	 -1.00 	 0.31
 67846 	 127242 	 -1.00 	 0.31
 67846 	  97838 	 -1.00 	 0.36
 67846 	 129131 	 -1.00 	 0.36
 67846 	 126721 	 -1.00 	 0.36
 67846 	 102278 	 -1.00 	 0.31
 67846 	  66308 	 -1.00 	 0.36
100782 	 100617 	 -1.00 	 0.36
100782 	 127102 	 -1.00 	 0.31
100782 	 128844 	 -1.00 	 0.31
100782 	  99902 	 -1.00 	 0.36
100782 	 130983 	 -1.00 	 0.31
100782 	 127855 	 -1.00 	 0.31
 53106 	 127102 	 -1.00 	 0.31
 53106 	  97838 	 -1.00 	 0.36
 53106 	 128844 	 -1.00 	 0.31
 53106 	 129131 	 -1.00 	 0.36
 53106 	 130983 	 -1.00 	 0.31
 53106 	 126721 	 -1.00 	 0.36
 53106 	  66308 	 -1.00 	 0.36
105815 	  90154 	 -1.00 	 0.33
105815 	  31770 	 -1.00 	 0.38
129960 	  69026 	 -1.00 	 0.32
129960 	  51289 	 -1.00 	 0.32
129960 	 122840 	 -1.00 	 0.32
129960 	  70646 	 -1.00 	 0.32
 81306 	 127242 	 -1.00 	 0.31
 81306 	  97838 	 -1.00 	 0.36
 81306 	 129131 	 -1.00 	 0.36
 81306 	 126721 	 -1.00 	 0.36
 81306 	 102278 	 -1.00 	 0.31
 81306 	  66308 	 -1.00 	 0.36
 81306 	  72459 	 -1.00 	 0.32
126216 	 129131 	 -1.00 	 0.32
126216 	  82503 	 -1.00 	 0.32
130986 	  75030 	 -1.00 	 0.31
130986 	  66308 	 -1.00 	 0.36
130986 	  67846 	 -1.00 	 0.31
130986 	  81306 	 -1.00 	 0.31
 85972 	  92753 	 -1.00 	 0.33
 85972 	  81305 	 -1.00 	 0.33
 85972 	 205919 	 -1.00 	 0.33
 85972 	  15511 	 -1.00 	 0.33
 85972 	 109693 	 -1.00 	 0.33
 85972 	 122022 	 -1.00 	 0.33
 85972 	  93171 	 -1.00 	 0.33
 85972 	  69026 	 -1.00 	 0.33
 85972 	  51289 	 -1.00 	 0.33
 85972 	 108185 	 -1.00 	 0.33
129434 	  96511 	 -1.00 	 0.33
129434 	  88333 	 -1.00 	 0.33
104295 	  95182 	 -1.00 	 0.36
104295 	  65408 	 -1.00 	 0.36
104295 	 102078 	 -1.00 	 0.36
104295 	 113290 	 -1.00 	 0.36
104295 	 105970 	 -1.00 	 0.36
104295 	 101544 	 -1.00 	 0.36
124419 	  81305 	 -1.00 	 0.33
124419 	  69026 	 -1.00 	 0.33
124419 	  85972 	 -1.00 	 0.33
 91637 	   9595 	 -1.00 	 0.31
 91637 	  81305 	 -1.00 	 0.37
 91637 	 205919 	 -1.00 	 0.37
 91637 	  10217 	 -1.00 	 0.32
 91637 	  51289 	 -1.00 	 0.37
122251 	  65408 	 -1.00 	 0.36
122251 	 102078 	 -1.00 	 0.36
 68681 	 106302 	 -1.00 	 0.33
 68681 	 131018 	 -1.00 	 0.33
 52894 	 129131 	 -1.00 	 0.32
 52894 	  66308 	 -1.00 	 0.32
 52894 	  82503 	 -1.00 	 0.32
 72992 	  90154 	 -1.00 	 0.33
 72992 	 107934 	 -1.00 	 0.36
 72992 	  31770 	 -1.00 	 0.38
  2911 	  92250 	 -1.00 	 0.36
  2911 	 105970 	 -1.00 	 0.36
 16479 	  90154 	 -1.00 	 0.33
 16479 	 107934 	 -1.00 	 0.36
 16479 	  31770 	 -1.00 	 0.38
 65887 	  81305 	 -1.00 	 0.30
 65887 	 205919 	 -1.00 	 0.30
 65887 	 101160 	 -1.00 	 0.30
 65887 	  31490 	 -1.00 	 0.33
 65887 	  69026 	 -1.00 	 0.30
130217 	  94908 	 -1.00 	 0.36
119311 	 131151 	 -1.00 	 0.31
128762 	  75030 	 -1.00 	 0.31
128762 	  66308 	 -1.00 	 0.36
128762 	  67846 	 -1.00 	 0.31
128762 	  81306 	 -1.00 	 0.31
125839 	 100617 	 -1.00 	 0.32
125839 	  85890 	 -1.00 	 0.33
 43129 	 127242 	 -1.00 	 0.31
 43129 	 129131 	 -1.00 	 0.36
 43129 	  66308 	 -1.00 	 0.36
 43129 	 130986 	 -1.00 	 0.31
 43129 	 128762 	 -1.00 	 0.31
 77153 	   9595 	 -1.00 	 0.39
 77153 	 127102 	 -1.00 	 0.36
 77153 	  97838 	 -1.00 	 0.39
 77153 	  95182 	 -1.00 	 0.33
 77153 	 128844 	 -1.00 	 0.36
 77153 	 130983 	 -1.00 	 0.36
 77153 	 126721 	 -1.00 	 0.39
 77153 	  65408 	 -1.00 	 0.33
 77153 	  72459 	 -1.00 	 0.32
 77153 	 102383 	 -1.00 	 0.36
 77153 	  72992 	 -1.00 	 0.33
 77153 	  16479 	 -1.00 	 0.33
124080 	  95182 	 -1.00 	 0.36
124080 	  65408 	 -1.00 	 0.36
124080 	 101280 	 -1.00 	 0.36
124080 	 119111 	 -1.00 	 0.36
124080 	 122251 	 -1.00 	 0.36
109370 	  92753 	 -1.00 	 0.33
109370 	  88141 	 -1.00 	 0.33
109370 	  81305 	 -1.00 	 0.33
109370 	 119680 	 -1.00 	 0.33
109370 	 205919 	 -1.00 	 0.33
109370 	 106302 	 -1.00 	 0.33
109370 	  15511 	 -1.00 	 0.33
109370 	 131018 	 -1.00 	 0.33
109370 	  93171 	 -1.00 	 0.33
109370 	  69026 	 -1.00 	 0.33
109370 	 127451 	 -1.00 	 0.33
109370 	  85972 	 -1.00 	 0.33
109370 	  68681 	 -1.00 	 0.33
  2622 	 127102 	 -1.00 	 0.31
  2622 	 128844 	 -1.00 	 0.31
  2622 	 129131 	 -1.00 	 0.36
  2622 	 130983 	 -1.00 	 0.31
  2622 	  66308 	 -1.00 	 0.36
 97207 	 119680 	 -1.00 	 0.33
 97207 	 122022 	 -1.00 	 0.33
 97207 	 131018 	 -1.00 	 0.33
 97207 	  92865 	 -1.00 	 0.33
 91880 	  92753 	 -1.00 	 0.33
 91880 	 205919 	 -1.00 	 0.33
 91880 	  93171 	 -1.00 	 0.33
 91880 	 110268 	 -1.00 	 0.33
 91880 	  85972 	 -1.00 	 0.33
103133 	  95182 	 -1.00 	 0.36
103133 	  76155 	 -1.00 	 0.36
103133 	  65408 	 -1.00 	 0.36
101463 	 127102 	 -1.00 	 0.31
101463 	 128844 	 -1.00 	 0.31
101463 	 129131 	 -1.00 	 0.36
101463 	 105455 	 -1.00 	 0.31
101463 	 130983 	 -1.00 	 0.31
101463 	  93950 	 -1.00 	 0.31
108127 	  66308 	 -1.00 	 0.32
120065 	  92753 	 -1.00 	 0.33
120065 	  39079 	 -1.00 	 0.33
120065 	 205919 	 -1.00 	 0.33
120065 	  80370 	 -1.00 	 0.33
120065 	 106302 	 -1.00 	 0.33
120065 	 131018 	 -1.00 	 0.33
120065 	  93171 	 -1.00 	 0.33
120065 	  92865 	 -1.00 	 0.33
120065 	  51289 	 -1.00 	 0.33
120065 	 127451 	 -1.00 	 0.33
120065 	  70646 	 -1.00 	 0.33
120065 	  97207 	 -1.00 	 0.33
 95336 	  31770 	 -1.00 	 0.38
 95336 	  77153 	 -1.00 	 0.33
114673 	  31490 	 -1.00 	 0.31
107568 	 102380 	 -1.00 	 0.38
 96012 	  81305 	 -1.00 	 0.33
 96012 	 122022 	 -1.00 	 0.33
 96012 	  88333 	 -1.00 	 0.33
 96012 	  92865 	 -1.00 	 0.33
 96012 	  69026 	 -1.00 	 0.33
 96012 	 127451 	 -1.00 	 0.33
 96012 	  85972 	 -1.00 	 0.33
 96012 	  68681 	 -1.00 	 0.33
 96012 	 109370 	 -1.00 	 0.33
 96012 	  97207 	 -1.00 	 0.33
 96012 	 120065 	 -1.00 	 0.33
 73957 	  94927 	 -1.00 	 0.33
 73957 	  96511 	 -1.00 	 0.33
 73957 	 130665 	 -1.00 	 0.33
 73957 	 110571 	 -1.00 	 0.33
 73957 	  88333 	 -1.00 	 0.33
 73957 	 129131 	 -1.00 	 0.32
 73957 	  92865 	 -1.00 	 0.33
 73957 	 108185 	 -1.00 	 0.33
 85142 	  82555 	 -1.00 	 0.36
 85142 	  28241 	 -1.00 	 0.36
 85142 	  31490 	 -1.00 	 0.31
 69633 	  97838 	 -1.00 	 0.36
 69633 	 129131 	 -1.00 	 0.36
 69633 	 126721 	 -1.00 	 0.36
 69633 	  66308 	 -1.00 	 0.36
 69633 	  75641 	 -1.00 	 0.30
 69633 	  72459 	 -1.00 	 0.32
128974 	  92753 	 -1.00 	 0.33
128974 	  81305 	 -1.00 	 0.33
128974 	 205919 	 -1.00 	 0.33
128974 	  93171 	 -1.00 	 0.33
128974 	  69026 	 -1.00 	 0.33
128974 	  85972 	 -1.00 	 0.33
128974 	  91880 	 -1.00 	 0.33
101365 	  92753 	 -1.00 	 0.33
101365 	 205919 	 -1.00 	 0.33
101365 	  15511 	 -1.00 	 0.33
101365 	 122022 	 -1.00 	 0.33
101365 	  93171 	 -1.00 	 0.33
101365 	  51289 	 -1.00 	 0.33
101365 	 120065 	 -1.00 	 0.33
 10274 	  92753 	 -1.00 	 0.33
 10274 	  15511 	 -1.00 	 0.33
 10274 	 109693 	 -1.00 	 0.33
 10274 	 122022 	 -1.00 	 0.33
 10274 	   8980 	 -1.00 	 0.33
 10274 	 129131 	 -1.00 	 0.32
 10274 	  93171 	 -1.00 	 0.33
 10274 	 110268 	 -1.00 	 0.33
 10274 	  69026 	 -1.00 	 0.33
 10274 	 108185 	 -1.00 	 0.33
 10274 	  75641 	 -1.00 	 0.39
 10274 	  85972 	 -1.00 	 0.33
 10274 	  91637 	 -1.00 	 0.37
 10274 	  65887 	 -1.00 	 0.30
 10274 	 109370 	 -1.00 	 0.33
 10274 	  91880 	 -1.00 	 0.33
 10274 	 120065 	 -1.00 	 0.33
 10274 	 128974 	 -1.00 	 0.33
 10274 	 101365 	 -1.00 	 0.33
 79768 	  92753 	 -1.00 	 0.33
 79768 	  88141 	 -1.00 	 0.33
 79768 	  15511 	 -1.00 	 0.33
 79768 	 109693 	 -1.00 	 0.33
 79768 	 122022 	 -1.00 	 0.33
 79768 	   8980 	 -1.00 	 0.33
 79768 	 129131 	 -1.00 	 0.32
 79768 	  93171 	 -1.00 	 0.33
 79768 	 126721 	 -1.00 	 0.32
 79768 	  75641 	 -1.00 	 0.39
 79768 	 129960 	 -1.00 	 0.32
 79768 	  85972 	 -1.00 	 0.33
 79768 	  91637 	 -1.00 	 0.37
 79768 	  65887 	 -1.00 	 0.30
 79768 	 109370 	 -1.00 	 0.33
 79768 	 128974 	 -1.00 	 0.33
 99159 	  81305 	 -1.00 	 0.33
 99159 	  88333 	 -1.00 	 0.33
 99159 	  69026 	 -1.00 	 0.33
 99159 	 108185 	 -1.00 	 0.33
 99159 	  85972 	 -1.00 	 0.33
 66221 	  65408 	 -1.00 	 0.36
 66221 	  10217 	 -1.00 	 0.30
 65192 	 105815 	 -1.00 	 0.38
 65192 	  72992 	 -1.00 	 0.38
 65192 	  16479 	 -1.00 	 0.38
122945 	  92753 	 -1.00 	 0.33
122945 	  81305 	 -1.00 	 0.33
122945 	 205919 	 -1.00 	 0.33
122945 	  15511 	 -1.00 	 0.33
122945 	 122022 	 -1.00 	 0.33
122945 	  93171 	 -1.00 	 0.33
122945 	 126721 	 -1.00 	 0.32
122945 	  69026 	 -1.00 	 0.33
122945 	  85972 	 -1.00 	 0.33
122945 	  65887 	 -1.00 	 0.30
122945 	 109370 	 -1.00 	 0.33
122945 	  91880 	 -1.00 	 0.33
122945 	  10274 	 -1.00 	 0.33
119617 	 100617 	 -1.00 	 0.32
119617 	  85890 	 -1.00 	 0.33
107458 	 124999 	 -1.00 	 0.36
107458 	   2911 	 -1.00 	 0.36
107458 	   8179 	 -1.00 	 0.36
107458 	 103133 	 -1.00 	 0.36
 99455 	 100617 	 -1.00 	 0.36
 99455 	  99902 	 -1.00 	 0.36
101673 	 103133 	 -1.00 	 0.36
 96900 	  92753 	 -1.00 	 0.33
 96900 	  88141 	 -1.00 	 0.33
 96900 	  81305 	 -1.00 	 0.33
 96900 	  91563 	 -1.00 	 0.33
 96900 	 205919 	 -1.00 	 0.33
 96900 	  80370 	 -1.00 	 0.33
 96900 	 122022 	 -1.00 	 0.33
 96900 	   8980 	 -1.00 	 0.33
 96900 	  93171 	 -1.00 	 0.33
 96900 	 110268 	 -1.00 	 0.33
 96900 	  91926 	 -1.00 	 0.33
 96900 	  69026 	 -1.00 	 0.33
 96900 	  51289 	 -1.00 	 0.33
 96900 	  70646 	 -1.00 	 0.33
 96900 	  85972 	 -1.00 	 0.33
 96900 	 109370 	 -1.00 	 0.33
 96900 	  91880 	 -1.00 	 0.33
 96900 	 120065 	 -1.00 	 0.33
 96900 	 101365 	 -1.00 	 0.33
 96900 	  10274 	 -1.00 	 0.33
 96900 	  79768 	 -1.00 	 0.33
 96900 	 122945 	 -1.00 	 0.33
114259 	  92753 	 -1.00 	 0.33
114259 	  81305 	 -1.00 	 0.33
114259 	 205919 	 -1.00 	 0.33
114259 	  15511 	 -1.00 	 0.33
114259 	 122022 	 -1.00 	 0.33
114259 	  69026 	 -1.00 	 0.33
114259 	  85972 	 -1.00 	 0.33
114259 	  10274 	 -1.00 	 0.33
114259 	  79768 	 -1.00 	 0.33
114259 	  96900 	 -1.00 	 0.33
102481 	 126721 	 -1.00 	 0.36
119112 	 119680 	 -1.00 	 0.33
119112 	 106302 	 -1.00 	 0.33
119112 	 122022 	 -1.00 	 0.33
119112 	  88333 	 -1.00 	 0.33
119112 	 131018 	 -1.00 	 0.33
119112 	  92865 	 -1.00 	 0.33
119112 	 127451 	 -1.00 	 0.33
119112 	  68681 	 -1.00 	 0.33
119112 	 125839 	 -1.00 	 0.33
119112 	 109370 	 -1.00 	 0.33
119112 	  97207 	 -1.00 	 0.33
119112 	 120065 	 -1.00 	 0.33
119112 	  96012 	 -1.00 	 0.33
119112 	 119617 	 -1.00 	 0.33
  2524 	  97838 	 -1.00 	 0.36
  2524 	 129131 	 -1.00 	 0.36
  2524 	 126721 	 -1.00 	 0.36
  2524 	  66308 	 -1.00 	 0.36
  2524 	 100782 	 -1.00 	 0.31
  2524 	  77153 	 -1.00 	 0.36
 37464 	  31490 	 -1.00 	 0.31
  2996 	  31490 	 -1.00 	 0.31
  2996 	 111407 	 -1.00 	 0.36
115606 	  75030 	 -1.00 	 0.31
115606 	  99902 	 -1.00 	 0.36
115606 	 131151 	 -1.00 	 0.31
115606 	 119325 	 -1.00 	 0.31
115606 	 130986 	 -1.00 	 0.31
115606 	 119311 	 -1.00 	 0.31
115606 	 128762 	 -1.00 	 0.31
110588 	 115173 	 -1.00 	 0.36
 92527 	  75030 	 -1.00 	 0.31
 92527 	 126721 	 -1.00 	 0.36
 92527 	  66308 	 -1.00 	 0.36
101749 	  95182 	 -1.00 	 0.36
101749 	  65408 	 -1.00 	 0.36
101749 	 102078 	 -1.00 	 0.36
101749 	 113290 	 -1.00 	 0.36
101749 	 105970 	 -1.00 	 0.36
101749 	 101544 	 -1.00 	 0.36
  2251 	  81305 	 -1.00 	 0.33
  2251 	 205919 	 -1.00 	 0.33
  2251 	  97838 	 -1.00 	 0.32
  2251 	  15511 	 -1.00 	 0.33
  2251 	  93171 	 -1.00 	 0.33
  2251 	  69026 	 -1.00 	 0.33
  2251 	 108185 	 -1.00 	 0.33
  2251 	  85972 	 -1.00 	 0.33
  2251 	 109370 	 -1.00 	 0.33
  2251 	 128974 	 -1.00 	 0.33
  2251 	  10274 	 -1.00 	 0.33
  2251 	  79768 	 -1.00 	 0.33
  2251 	  96900 	 -1.00 	 0.33
 75566 	  75030 	 -1.00 	 0.31
 75566 	 102278 	 -1.00 	 0.31
 75566 	  93950 	 -1.00 	 0.31
 75566 	 101463 	 -1.00 	 0.31
 52224 	  75030 	 -1.00 	 0.31
 52224 	 129131 	 -1.00 	 0.36
 52224 	  85402 	 -1.00 	 0.31
 52224 	  66308 	 -1.00 	 0.36
 52224 	  75566 	 -1.00 	 0.31
103677 	  95182 	 -1.00 	 0.36
103677 	  76155 	 -1.00 	 0.36
103677 	  65408 	 -1.00 	 0.36
103677 	 101280 	 -1.00 	 0.36
103677 	 130217 	 -1.00 	 0.36
  1531 	  81305 	 -1.00 	 0.33
  1531 	 205919 	 -1.00 	 0.33
  1531 	  69026 	 -1.00 	 0.33
  1531 	  85972 	 -1.00 	 0.33
  1531 	  91880 	 -1.00 	 0.33
  1531 	  10274 	 -1.00 	 0.33
  1531 	  79768 	 -1.00 	 0.33
  1531 	 122945 	 -1.00 	 0.33
  1531 	 114259 	 -1.00 	 0.33
 62649 	  75641 	 -1.00 	 0.32
 58632 	  31490 	 -1.00 	 0.30
 58632 	  67846 	 -1.00 	 0.36
 58632 	  53106 	 -1.00 	 0.36
 58632 	  43129 	 -1.00 	 0.36
 58632 	   2524 	 -1.00 	 0.36
 83275 	 115173 	 -1.00 	 0.36
 83275 	 104295 	 -1.00 	 0.36
 83275 	 124080 	 -1.00 	 0.36
 83275 	 103133 	 -1.00 	 0.36
 83275 	 125990 	 -1.00 	 0.36
 83275 	 101749 	 -1.00 	 0.36
 62268 	  92014 	 -1.00 	 0.36
 62268 	 127242 	 -1.00 	 0.36
 62268 	 129131 	 -1.00 	 0.30
 62268 	 131151 	 -1.00 	 0.36
 62268 	 101160 	 -1.00 	 0.32
 62268 	  95442 	 -1.00 	 0.36
 62268 	  75641 	 -1.00 	 0.32
 62268 	  72459 	 -1.00 	 0.34
 62268 	 127855 	 -1.00 	 0.36
 62268 	   4363 	 -1.00 	 0.36
 62268 	  67846 	 -1.00 	 0.36
 62268 	  53106 	 -1.00 	 0.36
 62268 	  81306 	 -1.00 	 0.36
 62268 	 130986 	 -1.00 	 0.36
 62268 	  91637 	 -1.00 	 0.31
 62268 	 128762 	 -1.00 	 0.36
 62268 	  77153 	 -1.00 	 0.39
 62268 	   2622 	 -1.00 	 0.36
 62268 	  69633 	 -1.00 	 0.36
 62268 	   2524 	 -1.00 	 0.36
 62268 	  92527 	 -1.00 	 0.36
115220 	  95182 	 -1.00 	 0.36
115220 	  65408 	 -1.00 	 0.36
115220 	 102078 	 -1.00 	 0.36
115220 	 113290 	 -1.00 	 0.36
115220 	 122251 	 -1.00 	 0.36
115220 	 101673 	 -1.00 	 0.36
115220 	  83275 	 -1.00 	 0.36
 58416 	  31490 	 -1.00 	 0.30
 58416 	  67846 	 -1.00 	 0.36
 58416 	  53106 	 -1.00 	 0.36
 58416 	  81306 	 -1.00 	 0.36
 58416 	  43129 	 -1.00 	 0.36
 58416 	  69633 	 -1.00 	 0.36
 58416 	   2524 	 -1.00 	 0.36
 52786 	  92753 	 -1.00 	 0.33
 52786 	 205919 	 -1.00 	 0.33
 52786 	  80370 	 -1.00 	 0.33
 52786 	  15511 	 -1.00 	 0.33
 52786 	 122022 	 -1.00 	 0.33
 52786 	   8980 	 -1.00 	 0.33
 52786 	  93171 	 -1.00 	 0.33
 52786 	  51289 	 -1.00 	 0.33
 52786 	 108185 	 -1.00 	 0.33
 52786 	  70646 	 -1.00 	 0.33
 52786 	  85972 	 -1.00 	 0.33
 52786 	  91880 	 -1.00 	 0.33
 52786 	 120065 	 -1.00 	 0.33
 52786 	 101365 	 -1.00 	 0.33
 52786 	  10274 	 -1.00 	 0.33
 52786 	 122945 	 -1.00 	 0.33
 52786 	  96900 	 -1.00 	 0.33
 52786 	   1531 	 -1.00 	 0.33
 16404 	 127242 	 -1.00 	 0.31
 16404 	  97838 	 -1.00 	 0.36
 16404 	 129131 	 -1.00 	 0.36
 16404 	 126721 	 -1.00 	 0.36
 16404 	 102278 	 -1.00 	 0.31
 16404 	  66308 	 -1.00 	 0.36
 16404 	 100782 	 -1.00 	 0.31
 16404 	 130986 	 -1.00 	 0.31
 16404 	 128762 	 -1.00 	 0.31
 16404 	  77153 	 -1.00 	 0.36
 16404 	  58416 	 -1.00 	 0.36
117884 	 101280 	 -1.00 	 0.36
117884 	 125990 	 -1.00 	 0.36
117884 	  83275 	 -1.00 	 0.36
105413 	  10217 	 -1.00 	 0.30
105413 	  37464 	 -1.00 	 0.36
105413 	   2996 	 -1.00 	 0.36
124477 	 100617 	 -1.00 	 0.32
124477 	  85890 	 -1.00 	 0.33
124477 	 119112 	 -1.00 	 0.33
 81262 	  92753 	 -1.00 	 0.33
 81262 	  15511 	 -1.00 	 0.33
 81262 	 109693 	 -1.00 	 0.33
 81262 	   8980 	 -1.00 	 0.33
 81262 	  93171 	 -1.00 	 0.33
 81262 	 110268 	 -1.00 	 0.33
 81262 	  69026 	 -1.00 	 0.33
 81262 	 108185 	 -1.00 	 0.33
 81262 	  75641 	 -1.00 	 0.39
 81262 	  85972 	 -1.00 	 0.33
 81262 	  91637 	 -1.00 	 0.37
 81262 	  65887 	 -1.00 	 0.30
 81262 	 109370 	 -1.00 	 0.33
 81262 	  91880 	 -1.00 	 0.33
 81262 	 128974 	 -1.00 	 0.33
 81262 	 122945 	 -1.00 	 0.33
 81262 	  96900 	 -1.00 	 0.33
 81262 	 114259 	 -1.00 	 0.33
 81262 	   2251 	 -1.00 	 0.33
 81262 	   1531 	 -1.00 	 0.33
 48486 	  85142 	 -1.00 	 0.36
 48486 	  37464 	 -1.00 	 0.36
 48486 	   2996 	 -1.00 	 0.36
101648 	 100617 	 -1.00 	 0.36
101648 	  99902 	 -1.00 	 0.36
101648 	  93950 	 -1.00 	 0.31
111297 	 127242 	 -1.00 	 0.31
111297 	 127649 	 -1.00 	 0.31
111297 	  31490 	 -1.00 	 0.34
111297 	 101510 	 -1.00 	 0.31
111297 	 102383 	 -1.00 	 0.31
111297 	 102481 	 -1.00 	 0.31
106697 	 101892 	 -1.00 	 0.36
106697 	  83275 	 -1.00 	 0.36
 95781 	 122022 	 -1.00 	 0.33
 95781 	  92865 	 -1.00 	 0.33
 95781 	  68681 	 -1.00 	 0.33
 95781 	 109370 	 -1.00 	 0.33
 95781 	  97207 	 -1.00 	 0.33
 95781 	 119112 	 -1.00 	 0.33
 65782 	  31490 	 -1.00 	 0.31
 65782 	 111407 	 -1.00 	 0.36
 65782 	  77153 	 -1.00 	 0.33
116898 	  88141 	 -1.00 	 0.33
116898 	  81305 	 -1.00 	 0.33
116898 	 205919 	 -1.00 	 0.33
116898 	  80370 	 -1.00 	 0.33
116898 	 109693 	 -1.00 	 0.33
116898 	 122022 	 -1.00 	 0.33
116898 	  70752 	 -1.00 	 0.33
116898 	   8980 	 -1.00 	 0.33
116898 	  93171 	 -1.00 	 0.33
116898 	  69026 	 -1.00 	 0.33
116898 	  51289 	 -1.00 	 0.33
116898 	 108185 	 -1.00 	 0.33
116898 	  70646 	 -1.00 	 0.33
116898 	  85972 	 -1.00 	 0.33
116898 	  91880 	 -1.00 	 0.33
116898 	 101365 	 -1.00 	 0.33
116898 	  10274 	 -1.00 	 0.33
116898 	  79768 	 -1.00 	 0.33
116898 	  99159 	 -1.00 	 0.33
116898 	  96900 	 -1.00 	 0.33
116898 	 114259 	 -1.00 	 0.33
116898 	   1531 	 -1.00 	 0.33
116898 	  81262 	 -1.00 	 0.33
 51767 	  92014 	 -1.00 	 0.31
 51767 	 106205 	 -1.00 	 0.31
 51767 	 105200 	 -1.00 	 0.38
 51767 	 105455 	 -1.00 	 0.31
 51767 	  95442 	 -1.00 	 0.31
 51767 	  92250 	 -1.00 	 0.38
 51767 	  82503 	 -1.00 	 0.34
 51767 	 114535 	 -1.00 	 0.38
 51767 	  65863 	 -1.00 	 0.38
 51767 	 127855 	 -1.00 	 0.31
 51767 	   4363 	 -1.00 	 0.31
 51767 	 118363 	 -1.00 	 0.31
 51767 	 130986 	 -1.00 	 0.31
 51767 	 128762 	 -1.00 	 0.31
 51767 	   8179 	 -1.00 	 0.38
 51767 	   2622 	 -1.00 	 0.31
 51767 	  85142 	 -1.00 	 0.38
 51767 	 107458 	 -1.00 	 0.38
 51767 	  37464 	 -1.00 	 0.38
 51767 	   2996 	 -1.00 	 0.38
 51767 	  92527 	 -1.00 	 0.31
 51767 	  52224 	 -1.00 	 0.31
 51767 	  58632 	 -1.00 	 0.31
 51767 	  58416 	 -1.00 	 0.31
 51767 	  65782 	 -1.00 	 0.38
 28201 	 127242 	 -1.00 	 0.31
 28201 	  97838 	 -1.00 	 0.36
 28201 	 129131 	 -1.00 	 0.36
 28201 	 126721 	 -1.00 	 0.36
 28201 	 102278 	 -1.00 	 0.31
 28201 	  66308 	 -1.00 	 0.36
 28201 	  72459 	 -1.00 	 0.32
 28201 	 130986 	 -1.00 	 0.31
 28201 	 128762 	 -1.00 	 0.31
 28201 	  58632 	 -1.00 	 0.36
 28201 	  62268 	 -1.00 	 0.36
 28201 	  58416 	 -1.00 	 0.36
 74885 	  90154 	 -1.00 	 0.38
 74885 	  31770 	 -1.00 	 0.30
105156 	  96511 	 -1.00 	 0.33
105156 	 130665 	 -1.00 	 0.33
105156 	 106302 	 -1.00 	 0.33
105156 	 122022 	 -1.00 	 0.33
105156 	  88333 	 -1.00 	 0.33
105156 	 131018 	 -1.00 	 0.33
105156 	 108185 	 -1.00 	 0.33
105156 	 127451 	 -1.00 	 0.33
105156 	  97207 	 -1.00 	 0.33
105156 	 120065 	 -1.00 	 0.33
105156 	  96012 	 -1.00 	 0.33
105156 	  73957 	 -1.00 	 0.33
105156 	 119112 	 -1.00 	 0.33
105156 	 122600 	 -1.00 	 0.33
105156 	  95781 	 -1.00 	 0.33
 95409 	  94927 	 -1.00 	 0.33
 95409 	 117891 	 -1.00 	 0.33
 95409 	 130665 	 -1.00 	 0.33
 95409 	 110571 	 -1.00 	 0.33
 95409 	  88333 	 -1.00 	 0.33
 95409 	  70752 	 -1.00 	 0.33
 95409 	 108185 	 -1.00 	 0.33
 95409 	 129434 	 -1.00 	 0.33
 95409 	 124419 	 -1.00 	 0.33
 95409 	 128492 	 -1.00 	 0.33
 95409 	  73957 	 -1.00 	 0.33
 95409 	  99159 	 -1.00 	 0.33
 95409 	 122600 	 -1.00 	 0.33
119685 	  92753 	 -1.00 	 0.33
119685 	  88141 	 -1.00 	 0.33
119685 	  81305 	 -1.00 	 0.33
119685 	 205919 	 -1.00 	 0.33
119685 	  93171 	 -1.00 	 0.33
119685 	  69026 	 -1.00 	 0.33
119685 	  51289 	 -1.00 	 0.33
119685 	 108185 	 -1.00 	 0.33
119685 	  91880 	 -1.00 	 0.33
119685 	  10274 	 -1.00 	 0.33
119685 	  79768 	 -1.00 	 0.33
119685 	  52786 	 -1.00 	 0.33
119685 	  81262 	 -1.00 	 0.33
119685 	 116898 	 -1.00 	 0.33
121308 	  92753 	 -1.00 	 0.33
121308 	  39079 	 -1.00 	 0.33
121308 	  80370 	 -1.00 	 0.33
121308 	 131018 	 -1.00 	 0.33
121308 	  93171 	 -1.00 	 0.33
121308 	  92865 	 -1.00 	 0.33
121308 	  51289 	 -1.00 	 0.33
121308 	 108185 	 -1.00 	 0.33
121308 	 120065 	 -1.00 	 0.33
121308 	  96012 	 -1.00 	 0.33
121308 	  96900 	 -1.00 	 0.33
121308 	 119112 	 -1.00 	 0.33
121308 	  52786 	 -1.00 	 0.33
121308 	 116898 	 -1.00 	 0.33
121308 	 105156 	 -1.00 	 0.33
 77148 	 127242 	 -1.00 	 0.31
 77148 	  95182 	 -1.00 	 0.38
 77148 	 126040 	 -1.00 	 0.31
 77148 	 106205 	 -1.00 	 0.31
 77148 	  65408 	 -1.00 	 0.38
 77148 	  85402 	 -1.00 	 0.31
 77148 	 127649 	 -1.00 	 0.31
 77148 	  95442 	 -1.00 	 0.31
 77148 	 101510 	 -1.00 	 0.31
 77148 	 127855 	 -1.00 	 0.31
 77148 	   4363 	 -1.00 	 0.31
 77148 	  93950 	 -1.00 	 0.31
 77148 	  67846 	 -1.00 	 0.31
 77148 	  81306 	 -1.00 	 0.31
 77148 	 130986 	 -1.00 	 0.31
 77148 	  72992 	 -1.00 	 0.38
 77148 	 128762 	 -1.00 	 0.31
 77148 	   2622 	 -1.00 	 0.31
 77148 	 101463 	 -1.00 	 0.31
 77148 	 102481 	 -1.00 	 0.31
 77148 	  65782 	 -1.00 	 0.38
 77148 	  51767 	 -1.00 	 0.38
 70314 	  92753 	 -1.00 	 0.33
 70314 	  15511 	 -1.00 	 0.33
 70314 	 109693 	 -1.00 	 0.33
 70314 	 122022 	 -1.00 	 0.33
 70314 	   8980 	 -1.00 	 0.33
 70314 	 129131 	 -1.00 	 0.32
 70314 	  93171 	 -1.00 	 0.33
 70314 	 110268 	 -1.00 	 0.33
 70314 	  69026 	 -1.00 	 0.33
 70314 	 108185 	 -1.00 	 0.33
 70314 	  75641 	 -1.00 	 0.39
 70314 	  85972 	 -1.00 	 0.33
 70314 	  91637 	 -1.00 	 0.37
 70314 	  65887 	 -1.00 	 0.30
 70314 	 109370 	 -1.00 	 0.33
 70314 	  91880 	 -1.00 	 0.33
 70314 	 128974 	 -1.00 	 0.33
 70314 	 101365 	 -1.00 	 0.33
 70314 	 122945 	 -1.00 	 0.33
 70314 	  96900 	 -1.00 	 0.33
 70314 	 114259 	 -1.00 	 0.33
 70314 	   2251 	 -1.00 	 0.33
 70314 	   1531 	 -1.00 	 0.33
 70314 	  52786 	 -1.00 	 0.33
 70314 	 116898 	 -1.00 	 0.33
 70314 	 119685 	 -1.00 	 0.33
115258 	 128974 	 -1.00 	 0.33
115258 	  96900 	 -1.00 	 0.33
 69513 	  92753 	 -1.00 	 0.33
 69513 	  39079 	 -1.00 	 0.33
 69513 	  15511 	 -1.00 	 0.33
 69513 	 109693 	 -1.00 	 0.33
 69513 	 122022 	 -1.00 	 0.33
 69513 	   8980 	 -1.00 	 0.33
 69513 	 130780 	 -1.00 	 0.33
 69513 	  93171 	 -1.00 	 0.33
 69513 	  92865 	 -1.00 	 0.33
 69513 	  82503 	 -1.00 	 0.32
 69513 	 108185 	 -1.00 	 0.33
 69513 	  85972 	 -1.00 	 0.33
 69513 	  65887 	 -1.00 	 0.30
 69513 	 109370 	 -1.00 	 0.33
 69513 	  91880 	 -1.00 	 0.33
 69513 	 120065 	 -1.00 	 0.33
 69513 	 122945 	 -1.00 	 0.33
 69513 	  96900 	 -1.00 	 0.33
 69513 	 114259 	 -1.00 	 0.33
 69513 	 116898 	 -1.00 	 0.33
 87759 	  85402 	 -1.00 	 0.33
 87759 	  95336 	 -1.00 	 0.37
126248 	  94927 	 -1.00 	 0.33
126248 	 117891 	 -1.00 	 0.33
126248 	 130665 	 -1.00 	 0.33
126248 	 110571 	 -1.00 	 0.33
126248 	  88333 	 -1.00 	 0.33
126248 	 108185 	 -1.00 	 0.33
126248 	 129434 	 -1.00 	 0.33
126248 	 128492 	 -1.00 	 0.33
126248 	 122600 	 -1.00 	 0.33
102995 	 101892 	 -1.00 	 0.36
102995 	  83275 	 -1.00 	 0.36
120346 	  94908 	 -1.00 	 0.36
120346 	  65408 	 -1.00 	 0.36
120346 	 122251 	 -1.00 	 0.36
120346 	 124080 	 -1.00 	 0.36
120346 	 103677 	 -1.00 	 0.36
118432 	  94927 	 -1.00 	 0.33
118432 	  96511 	 -1.00 	 0.33
118432 	 117891 	 -1.00 	 0.33
118432 	  39079 	 -1.00 	 0.33
118432 	 130665 	 -1.00 	 0.33
118432 	 106302 	 -1.00 	 0.33
118432 	 110571 	 -1.00 	 0.33
118432 	 122022 	 -1.00 	 0.33
118432 	  88333 	 -1.00 	 0.33
118432 	 131018 	 -1.00 	 0.33
118432 	 127451 	 -1.00 	 0.33
118432 	 129434 	 -1.00 	 0.33
118432 	 128492 	 -1.00 	 0.33
118432 	  68681 	 -1.00 	 0.33
118432 	 109370 	 -1.00 	 0.33
118432 	  97207 	 -1.00 	 0.33
118432 	 120065 	 -1.00 	 0.33
118432 	  96012 	 -1.00 	 0.33
118432 	  73957 	 -1.00 	 0.33
118432 	  95781 	 -1.00 	 0.33
118432 	 105156 	 -1.00 	 0.33
118432 	  95409 	 -1.00 	 0.33
118432 	 121308 	 -1.00 	 0.33
118432 	 126248 	 -1.00 	 0.33
  2267 	  82555 	 -1.00 	 0.36
  2267 	 111407 	 -1.00 	 0.36
  2267 	  51767 	 -1.00 	 0.38
115465 	 118052 	 -1.00 	 0.30
115465 	  93866 	 -1.00 	 0.30
115465 	 106697 	 -1.00 	 0.30
115465 	 120346 	 -1.00 	 0.30
107890 	  10217 	 -1.00 	 0.30
 95350 	 119680 	 -1.00 	 0.33
 95350 	 106302 	 -1.00 	 0.33
 95350 	 122022 	 -1.00 	 0.33
 95350 	  88333 	 -1.00 	 0.33
 95350 	 131018 	 -1.00 	 0.33
 95350 	 127451 	 -1.00 	 0.33
 95350 	  68681 	 -1.00 	 0.33
 95350 	 109370 	 -1.00 	 0.33
 95350 	  97207 	 -1.00 	 0.33
 95350 	 120065 	 -1.00 	 0.33
 95350 	  96012 	 -1.00 	 0.33
 95350 	 119112 	 -1.00 	 0.33
 95350 	  95781 	 -1.00 	 0.33
 95350 	 105156 	 -1.00 	 0.33
 95350 	 118432 	 -1.00 	 0.33
101486 	  99902 	 -1.00 	 0.32
101486 	  68681 	 -1.00 	 0.33
 48728 	  92753 	 -1.00 	 0.33
 48728 	  15511 	 -1.00 	 0.33
 48728 	 109693 	 -1.00 	 0.33
 48728 	 122022 	 -1.00 	 0.33
 48728 	   8980 	 -1.00 	 0.33
 48728 	  93171 	 -1.00 	 0.33
 48728 	 110268 	 -1.00 	 0.33
 48728 	  69026 	 -1.00 	 0.33
 48728 	 108185 	 -1.00 	 0.33
 48728 	  75641 	 -1.00 	 0.39
 48728 	  85972 	 -1.00 	 0.33
 48728 	  91637 	 -1.00 	 0.37
 48728 	  65887 	 -1.00 	 0.30
 48728 	 109370 	 -1.00 	 0.33
 48728 	  91880 	 -1.00 	 0.33
 48728 	 128974 	 -1.00 	 0.33
 48728 	 122945 	 -1.00 	 0.33
 48728 	  96900 	 -1.00 	 0.33
 48728 	 114259 	 -1.00 	 0.33
 48728 	   2251 	 -1.00 	 0.33
 48728 	   1531 	 -1.00 	 0.33
 48728 	 116898 	 -1.00 	 0.33
 48728 	 119685 	 -1.00 	 0.33
 86335 	  90154 	 -1.00 	 0.33
 86335 	 107934 	 -1.00 	 0.36
 86335 	  31770 	 -1.00 	 0.38
 86335 	  77153 	 -1.00 	 0.33
 61797 	  90154 	 -1.00 	 0.33
 61797 	 107934 	 -1.00 	 0.36
 61797 	  31770 	 -1.00 	 0.38
 61797 	  77153 	 -1.00 	 0.33
 95513 	  39079 	 -1.00 	 0.33
 95513 	   8980 	 -1.00 	 0.33
 95513 	 130780 	 -1.00 	 0.33
 95513 	  85890 	 -1.00 	 0.33
 95513 	  73957 	 -1.00 	 0.33
 95513 	  96900 	 -1.00 	 0.33
 95513 	 115258 	 -1.00 	 0.33
 95513 	  69513 	 -1.00 	 0.33
 94015 	  92753 	 -1.00 	 0.33
 94015 	  94927 	 -1.00 	 0.33
 94015 	 130665 	 -1.00 	 0.33
 94015 	 205919 	 -1.00 	 0.33
 94015 	 110571 	 -1.00 	 0.33
 94015 	 122022 	 -1.00 	 0.33
 94015 	  70752 	 -1.00 	 0.33
 94015 	   8980 	 -1.00 	 0.33
 94015 	  93171 	 -1.00 	 0.33
 94015 	  66308 	 -1.00 	 0.32
 94015 	  51289 	 -1.00 	 0.33
 94015 	 129434 	 -1.00 	 0.33
 94015 	 128492 	 -1.00 	 0.33
 94015 	  73957 	 -1.00 	 0.33
 94015 	  10274 	 -1.00 	 0.33
 94015 	  99159 	 -1.00 	 0.33
 94015 	 122945 	 -1.00 	 0.33
 94015 	  52786 	 -1.00 	 0.33
 94015 	  81262 	 -1.00 	 0.33
 94015 	 116898 	 -1.00 	 0.33
 94015 	 105156 	 -1.00 	 0.33
 94015 	  95409 	 -1.00 	 0.33
 94015 	 119685 	 -1.00 	 0.33
 94015 	  70314 	 -1.00 	 0.33
 94015 	  69513 	 -1.00 	 0.33
117213 	  92753 	 -1.00 	 0.33
117213 	 205919 	 -1.00 	 0.33
117213 	   8980 	 -1.00 	 0.33
117213 	  93171 	 -1.00 	 0.33
117213 	  51289 	 -1.00 	 0.33
117213 	  85972 	 -1.00 	 0.33
117213 	 120065 	 -1.00 	 0.33
117213 	 116898 	 -1.00 	 0.33
117213 	 121308 	 -1.00 	 0.33
117213 	  70314 	 -1.00 	 0.33
117213 	  94015 	 -1.00 	 0.33
 94005 	  37464 	 -1.00 	 0.36
 94005 	  51767 	 -1.00 	 0.38
 65978 	  82503 	 -1.00 	 0.30
 65978 	 102503 	 -1.00 	 0.36
 65978 	  53106 	 -1.00 	 0.36
 65978 	  81306 	 -1.00 	 0.36
 65978 	  65887 	 -1.00 	 0.36
 65978 	  85142 	 -1.00 	 0.33
 65978 	  69633 	 -1.00 	 0.36
 65978 	  28201 	 -1.00 	 0.36
129747 	 124080 	 -1.00 	 0.36
129747 	  83275 	 -1.00 	 0.36
117950 	  65408 	 -1.00 	 0.36
117950 	 119111 	 -1.00 	 0.36
109086 	  15511 	 -1.00 	 0.33
109086 	 131018 	 -1.00 	 0.33
109086 	  51289 	 -1.00 	 0.33
109086 	 127451 	 -1.00 	 0.33
109086 	  70646 	 -1.00 	 0.33
109086 	  52786 	 -1.00 	 0.33
109086 	  95781 	 -1.00 	 0.33
109086 	  95350 	 -1.00 	 0.33
109086 	 117213 	 -1.00 	 0.33
122891 	 127242 	 -1.00 	 0.36
122891 	 126869 	 -1.00 	 0.36
122891 	 129131 	 -1.00 	 0.30
122891 	 126721 	 -1.00 	 0.30
122891 	 127649 	 -1.00 	 0.36
122891 	  66308 	 -1.00 	 0.30
122891 	  99477 	 -1.00 	 0.36
122891 	 101510 	 -1.00 	 0.36
122891 	 127855 	 -1.00 	 0.36
122891 	   4363 	 -1.00 	 0.36
122891 	  93950 	 -1.00 	 0.36
122891 	 118363 	 -1.00 	 0.36
122891 	  67846 	 -1.00 	 0.36
122891 	  53106 	 -1.00 	 0.36
122891 	  81306 	 -1.00 	 0.36
122891 	 126216 	 -1.00 	 0.32
122891 	 124419 	 -1.00 	 0.32
122891 	  43129 	 -1.00 	 0.36
122891 	  69633 	 -1.00 	 0.36
122891 	  99455 	 -1.00 	 0.36
122891 	 102481 	 -1.00 	 0.36
122891 	   2524 	 -1.00 	 0.36
122891 	  92527 	 -1.00 	 0.36
122891 	  52786 	 -1.00 	 0.32
122891 	  16404 	 -1.00 	 0.36
122891 	  28201 	 -1.00 	 0.36
 79171 	 107934 	 -1.00 	 0.36
124881 	  81305 	 -1.00 	 0.33
124881 	  69026 	 -1.00 	 0.33
124881 	  85972 	 -1.00 	 0.33
124881 	  96012 	 -1.00 	 0.33
124881 	  95409 	 -1.00 	 0.33
124881 	 122891 	 -1.00 	 0.32
126974 	  77148 	 -1.00 	 0.31
129421 	  92753 	 -1.00 	 0.33
129421 	 122022 	 -1.00 	 0.33
129421 	 131018 	 -1.00 	 0.33
129421 	  93171 	 -1.00 	 0.33
129421 	 110268 	 -1.00 	 0.33
129421 	  82503 	 -1.00 	 0.32
129421 	  85972 	 -1.00 	 0.33
129421 	  97207 	 -1.00 	 0.33
129421 	 120065 	 -1.00 	 0.33
129421 	  96012 	 -1.00 	 0.33
129421 	 122945 	 -1.00 	 0.33
129421 	  52786 	 -1.00 	 0.33
129421 	  95781 	 -1.00 	 0.33
129421 	 116898 	 -1.00 	 0.33
129421 	 105156 	 -1.00 	 0.33
129421 	 121308 	 -1.00 	 0.33
129421 	  95350 	 -1.00 	 0.33
113610 	 117891 	 -1.00 	 0.33
113610 	 130665 	 -1.00 	 0.33
113610 	 110571 	 -1.00 	 0.33
113610 	  88333 	 -1.00 	 0.33
113610 	 128492 	 -1.00 	 0.33
113610 	 105156 	 -1.00 	 0.33
113610 	  95409 	 -1.00 	 0.33
113610 	 118432 	 -1.00 	 0.33
113610 	  94015 	 -1.00 	 0.33
103091 	  94927 	 -1.00 	 0.33
103091 	  96511 	 -1.00 	 0.33
103091 	 117891 	 -1.00 	 0.33
103091 	 130665 	 -1.00 	 0.33
103091 	 110571 	 -1.00 	 0.33
103091 	 129434 	 -1.00 	 0.33
103091 	 128492 	 -1.00 	 0.33
103091 	 122600 	 -1.00 	 0.33
103091 	  74885 	 -1.00 	 0.33
103091 	  95409 	 -1.00 	 0.33
103091 	 126248 	 -1.00 	 0.33
103091 	 118432 	 -1.00 	 0.33
103091 	  95513 	 -1.00 	 0.33
103091 	  94015 	 -1.00 	 0.33
103091 	 113610 	 -1.00 	 0.33
 67993 	 126200 	 -1.00 	 0.31
 67993 	  85402 	 -1.00 	 0.31
 67993 	  95442 	 -1.00 	 0.31
 67993 	 101510 	 -1.00 	 0.31
 67993 	 127855 	 -1.00 	 0.31
 67993 	   4363 	 -1.00 	 0.31
 67993 	  72992 	 -1.00 	 0.38
 67993 	   2622 	 -1.00 	 0.31
 67993 	 101463 	 -1.00 	 0.31
 67993 	  69633 	 -1.00 	 0.31
 67993 	  16404 	 -1.00 	 0.31
 67993 	  51767 	 -1.00 	 0.38
 98991 	 100617 	 -1.00 	 0.36
 98991 	 129131 	 -1.00 	 0.36
 98991 	  66308 	 -1.00 	 0.36
 98991 	  62268 	 -1.00 	 0.36
 98991 	  51767 	 -1.00 	 0.31
 98991 	  67993 	 -1.00 	 0.31
110898 	 113290 	 -1.00 	 0.36
110898 	 125990 	 -1.00 	 0.36
110898 	  83275 	 -1.00 	 0.36
 61753 	  77153 	 -1.00 	 0.30
 93696 	  92753 	 -1.00 	 0.32
 93696 	  88141 	 -1.00 	 0.32
 93696 	  92014 	 -1.00 	 0.36
 93696 	 127242 	 -1.00 	 0.36
 93696 	  15511 	 -1.00 	 0.32
 93696 	 126200 	 -1.00 	 0.36
 93696 	  93171 	 -1.00 	 0.32
 93696 	 131151 	 -1.00 	 0.36
 93696 	  94264 	 -1.00 	 0.36
 93696 	 130986 	 -1.00 	 0.36
 93696 	 128762 	 -1.00 	 0.36
 93696 	  52224 	 -1.00 	 0.36
 93696 	 109086 	 -1.00 	 0.32
 93696 	  67993 	 -1.00 	 0.34
 93696 	  98991 	 -1.00 	 0.36
 58883 	   8980 	 -1.00 	 0.33
 58883 	 130780 	 -1.00 	 0.33
 58883 	 129131 	 -1.00 	 0.32
 58883 	 131018 	 -1.00 	 0.33
 58883 	  66308 	 -1.00 	 0.32
 58883 	 127451 	 -1.00 	 0.33
 58883 	  97207 	 -1.00 	 0.33
 58883 	 120065 	 -1.00 	 0.33
 58883 	  96012 	 -1.00 	 0.33
 58883 	 119112 	 -1.00 	 0.33
 58883 	  95781 	 -1.00 	 0.33
 58883 	 105156 	 -1.00 	 0.33
 58883 	 118432 	 -1.00 	 0.33
 58883 	  95513 	 -1.00 	 0.33
110974 	  83275 	 -1.00 	 0.36
123022 	  31490 	 -1.00 	 0.34
123022 	  31770 	 -1.00 	 0.31
123022 	 111297 	 -1.00 	 0.31
123022 	 122891 	 -1.00 	 0.36
118234 	  65408 	 -1.00 	 0.36
118234 	  92250 	 -1.00 	 0.36
118234 	 100909 	 -1.00 	 0.36
118234 	 104295 	 -1.00 	 0.36
118234 	 101749 	 -1.00 	 0.36
115883 	  97838 	 -1.00 	 0.36
115883 	 126721 	 -1.00 	 0.36
115883 	 111297 	 -1.00 	 0.31
115883 	  77148 	 -1.00 	 0.31
115883 	 122891 	 -1.00 	 0.36
103973 	   9595 	 -1.00 	 0.36
103973 	 127102 	 -1.00 	 0.31
103973 	 128844 	 -1.00 	 0.31
103973 	 129131 	 -1.00 	 0.36
103973 	 130983 	 -1.00 	 0.31
103973 	  66308 	 -1.00 	 0.36
103973 	 100782 	 -1.00 	 0.31
103973 	  62268 	 -1.00 	 0.36
103973 	  51767 	 -1.00 	 0.31
121157 	  92753 	 -1.00 	 0.33
121157 	  88141 	 -1.00 	 0.33
121157 	  81305 	 -1.00 	 0.33
121157 	  91563 	 -1.00 	 0.33
121157 	 130665 	 -1.00 	 0.33
121157 	 205919 	 -1.00 	 0.33
121157 	  80370 	 -1.00 	 0.33
121157 	 110571 	 -1.00 	 0.33
121157 	 109693 	 -1.00 	 0.33
121157 	 122022 	 -1.00 	 0.33
121157 	  88333 	 -1.00 	 0.33
121157 	  70752 	 -1.00 	 0.33
121157 	   8980 	 -1.00 	 0.33
121157 	  93171 	 -1.00 	 0.33
121157 	 110268 	 -1.00 	 0.33
121157 	  69026 	 -1.00 	 0.33
121157 	  51289 	 -1.00 	 0.33
121157 	  70646 	 -1.00 	 0.33
121157 	  85972 	 -1.00 	 0.33
121157 	 128492 	 -1.00 	 0.33
121157 	  73957 	 -1.00 	 0.33
121157 	 128974 	 -1.00 	 0.33
121157 	  10274 	 -1.00 	 0.33
121157 	  79768 	 -1.00 	 0.33
121157 	 122945 	 -1.00 	 0.33
121157 	  96900 	 -1.00 	 0.33
121157 	 114259 	 -1.00 	 0.33
121157 	  52786 	 -1.00 	 0.33
121157 	  81262 	 -1.00 	 0.33
121157 	 116898 	 -1.00 	 0.33
121157 	 105156 	 -1.00 	 0.33
121157 	 119685 	 -1.00 	 0.33
121157 	  70314 	 -1.00 	 0.33
121157 	  69513 	 -1.00 	 0.33
121157 	 126248 	 -1.00 	 0.33
121157 	 118432 	 -1.00 	 0.33
121157 	  48728 	 -1.00 	 0.33
121157 	  94015 	 -1.00 	 0.33
121157 	 117213 	 -1.00 	 0.33
121157 	 129421 	 -1.00 	 0.33
121157 	 113610 	 -1.00 	 0.33
121157 	 103091 	 -1.00 	 0.33
 31394 	  92753 	 -1.00 	 0.33
 31394 	  15511 	 -1.00 	 0.33
 31394 	 109693 	 -1.00 	 0.33
 31394 	 122022 	 -1.00 	 0.33
 31394 	   8980 	 -1.00 	 0.33
 31394 	 129131 	 -1.00 	 0.32
 31394 	  93171 	 -1.00 	 0.33
 31394 	 110268 	 -1.00 	 0.33
 31394 	  69026 	 -1.00 	 0.33
 31394 	 108185 	 -1.00 	 0.33
 31394 	  75641 	 -1.00 	 0.39
 31394 	  85972 	 -1.00 	 0.33
 31394 	  91637 	 -1.00 	 0.37
 31394 	  65887 	 -1.00 	 0.30
 31394 	 109370 	 -1.00 	 0.33
 31394 	  91880 	 -1.00 	 0.33
 31394 	 128974 	 -1.00 	 0.33
 31394 	 101365 	 -1.00 	 0.33
 31394 	 122945 	 -1.00 	 0.33
 31394 	  96900 	 -1.00 	 0.33
 31394 	 114259 	 -1.00 	 0.33
 31394 	   2251 	 -1.00 	 0.33
 31394 	   1531 	 -1.00 	 0.33
 31394 	  52786 	 -1.00 	 0.33
 31394 	 116898 	 -1.00 	 0.33
 31394 	 119685 	 -1.00 	 0.33
 31394 	  94015 	 -1.00 	 0.33
 31394 	 117213 	 -1.00 	 0.33
 31394 	 121157 	 -1.00 	 0.33
116540 	  94908 	 -1.00 	 0.36
116540 	 124999 	 -1.00 	 0.36
116540 	 104295 	 -1.00 	 0.36
116540 	   2911 	 -1.00 	 0.36
116540 	 124080 	 -1.00 	 0.36
116540 	 103133 	 -1.00 	 0.36
116540 	 101749 	 -1.00 	 0.36
116540 	 103677 	 -1.00 	 0.36
116540 	 115220 	 -1.00 	 0.36
116540 	  51767 	 -1.00 	 0.38
116540 	 118234 	 -1.00 	 0.36
123045 	 127855 	 -1.00 	 0.31
123045 	   4363 	 -1.00 	 0.31
123045 	  67846 	 -1.00 	 0.31
123045 	  53106 	 -1.00 	 0.31
123045 	  81306 	 -1.00 	 0.31
123045 	 130986 	 -1.00 	 0.31
123045 	 128762 	 -1.00 	 0.31
123045 	  69633 	 -1.00 	 0.31
123045 	  16404 	 -1.00 	 0.31
123045 	 103973 	 -1.00 	 0.31
  2268 	  85142 	 -1.00 	 0.36
  2268 	  37464 	 -1.00 	 0.36
  2268 	  51767 	 -1.00 	 0.38
  7303 	 127102 	 -1.00 	 0.35
  7303 	 127242 	 -1.00 	 0.35
  7303 	 128844 	 -1.00 	 0.35
  7303 	 130983 	 -1.00 	 0.35
  7303 	  95442 	 -1.00 	 0.35
  7303 	 127855 	 -1.00 	 0.35
  7303 	   4363 	 -1.00 	 0.35
  7303 	  93950 	 -1.00 	 0.35
  7303 	 100782 	 -1.00 	 0.35
  7303 	  53106 	 -1.00 	 0.35
  7303 	 130986 	 -1.00 	 0.35
  7303 	 128762 	 -1.00 	 0.35
  7303 	  69633 	 -1.00 	 0.35
  7303 	  16404 	 -1.00 	 0.35
  7303 	  65978 	 -1.00 	 0.30
  7303 	 103973 	 -1.00 	 0.35
 75661 	  92753 	 -1.00 	 0.32
 75661 	  88141 	 -1.00 	 0.32
 75661 	  92014 	 -1.00 	 0.36
 75661 	  39079 	 -1.00 	 0.32
 75661 	 127242 	 -1.00 	 0.36
 75661 	   5543 	 -1.00 	 0.32
 75661 	  15511 	 -1.00 	 0.32
 75661 	 105455 	 -1.00 	 0.36
 75661 	  93171 	 -1.00 	 0.32
 75661 	 131151 	 -1.00 	 0.36
 75661 	 130986 	 -1.00 	 0.36
 75661 	  52894 	 -1.00 	 0.32
 75661 	 128762 	 -1.00 	 0.36
 75661 	   2622 	 -1.00 	 0.36
 75661 	 108127 	 -1.00 	 0.32
 75661 	  92527 	 -1.00 	 0.36
 75661 	  52224 	 -1.00 	 0.36
 75661 	   1531 	 -1.00 	 0.32
 75661 	  62268 	 -1.00 	 0.30
 75661 	  94015 	 -1.00 	 0.32
 75661 	  67993 	 -1.00 	 0.34
 75661 	  98991 	 -1.00 	 0.36
 75661 	  58883 	 -1.00 	 0.32
 75661 	 103973 	 -1.00 	 0.36
 66563 	  82555 	 -1.00 	 0.36
 66563 	 105413 	 -1.00 	 0.36
 66563 	  51767 	 -1.00 	 0.38
100172 	  85890 	 -1.00 	 0.33
100172 	 119112 	 -1.00 	 0.33
108160 	  75030 	 -1.00 	 0.31
108160 	 129131 	 -1.00 	 0.36
108160 	 126721 	 -1.00 	 0.36
108160 	 102278 	 -1.00 	 0.31
108160 	  62268 	 -1.00 	 0.36
108160 	  51767 	 -1.00 	 0.31
108160 	 122891 	 -1.00 	 0.36
 77586 	 122022 	 -1.00 	 0.33
 77586 	  88333 	 -1.00 	 0.33
 77586 	 131018 	 -1.00 	 0.33
 77586 	  92865 	 -1.00 	 0.33
 77586 	  96012 	 -1.00 	 0.33
 77586 	 119112 	 -1.00 	 0.33
 77586 	 105156 	 -1.00 	 0.33
 77586 	 121308 	 -1.00 	 0.33
 77586 	 129421 	 -1.00 	 0.33
128300 	  95182 	 -1.00 	 0.36
128300 	 127533 	 -1.00 	 0.36
128300 	  65408 	 -1.00 	 0.36
128300 	 101280 	 -1.00 	 0.36
128300 	 113290 	 -1.00 	 0.36
128300 	 122251 	 -1.00 	 0.36
128300 	 130217 	 -1.00 	 0.36
128300 	  83275 	 -1.00 	 0.36
128300 	 120346 	 -1.00 	 0.36
128300 	 129747 	 -1.00 	 0.36
128300 	 116540 	 -1.00 	 0.36
101850 	 117081 	 -1.00 	 0.36
101850 	  93866 	 -1.00 	 0.36
 50309 	 129131 	 -1.00 	 0.33
 50309 	  66308 	 -1.00 	 0.33
 50309 	 108185 	 -1.00 	 0.36
 50309 	 122891 	 -1.00 	 0.33
 50309 	 121157 	 -1.00 	 0.36
 91740 	  92753 	 -1.00 	 0.33
 91740 	  88141 	 -1.00 	 0.33
 91740 	  81305 	 -1.00 	 0.33
 91740 	 205919 	 -1.00 	 0.33
 91740 	  15511 	 -1.00 	 0.33
 91740 	  93171 	 -1.00 	 0.33
 91740 	  69026 	 -1.00 	 0.33
 91740 	  85972 	 -1.00 	 0.33
 91740 	 109370 	 -1.00 	 0.33
 91740 	 128974 	 -1.00 	 0.33
 91740 	  10274 	 -1.00 	 0.33
 91740 	  79768 	 -1.00 	 0.33
 91740 	  96900 	 -1.00 	 0.33
 91740 	   2251 	 -1.00 	 0.33
 91740 	   1531 	 -1.00 	 0.33
 91740 	  81262 	 -1.00 	 0.33
 91740 	 116898 	 -1.00 	 0.33
 91740 	  70314 	 -1.00 	 0.33
 91740 	  69513 	 -1.00 	 0.33
 91740 	  48728 	 -1.00 	 0.33
 91740 	 121157 	 -1.00 	 0.33
 91740 	  31394 	 -1.00 	 0.33
 59944 	  94927 	 -1.00 	 0.33
 59944 	  96511 	 -1.00 	 0.33
 59944 	 117891 	 -1.00 	 0.33
 59944 	 130665 	 -1.00 	 0.33
 59944 	 110571 	 -1.00 	 0.33
 59944 	  88333 	 -1.00 	 0.33
 59944 	  85890 	 -1.00 	 0.33
 59944 	 129434 	 -1.00 	 0.33
 59944 	 128492 	 -1.00 	 0.33
 59944 	  73957 	 -1.00 	 0.33
 59944 	 122600 	 -1.00 	 0.33
 59944 	  74885 	 -1.00 	 0.33
 59944 	  95409 	 -1.00 	 0.33
 59944 	  69513 	 -1.00 	 0.33
 59944 	 126248 	 -1.00 	 0.33
 59944 	 118432 	 -1.00 	 0.33
 59944 	  95513 	 -1.00 	 0.33
 59944 	 113610 	 -1.00 	 0.33
 59944 	 103091 	 -1.00 	 0.33
 80885 	  92753 	 -1.00 	 0.33
 80885 	  15511 	 -1.00 	 0.33
 80885 	 109693 	 -1.00 	 0.33
 80885 	 122022 	 -1.00 	 0.33
 80885 	   8980 	 -1.00 	 0.33
 80885 	  93171 	 -1.00 	 0.33
 80885 	 110268 	 -1.00 	 0.33
 80885 	  69026 	 -1.00 	 0.33
 80885 	  75641 	 -1.00 	 0.39
 80885 	  85972 	 -1.00 	 0.33
 80885 	  91637 	 -1.00 	 0.37
 80885 	  65887 	 -1.00 	 0.30
 80885 	 109370 	 -1.00 	 0.33
 80885 	  91880 	 -1.00 	 0.33
 80885 	 128974 	 -1.00 	 0.33
 80885 	 101365 	 -1.00 	 0.33
 80885 	 122945 	 -1.00 	 0.33
 80885 	  96900 	 -1.00 	 0.33
 80885 	 114259 	 -1.00 	 0.33
 80885 	   2251 	 -1.00 	 0.33
 80885 	   1531 	 -1.00 	 0.33
 80885 	  52786 	 -1.00 	 0.33
 80885 	 116898 	 -1.00 	 0.33
 80885 	 119685 	 -1.00 	 0.33
 80885 	  94015 	 -1.00 	 0.33
 80885 	 121157 	 -1.00 	 0.33
 80885 	  91740 	 -1.00 	 0.33
 70788 	  75641 	 -1.00 	 0.33
 66886 	  85402 	 -1.00 	 0.39
 66886 	  65192 	 -1.00 	 0.33
106244 	  39079 	 -1.00 	 0.33
106244 	 122022 	 -1.00 	 0.33
106244 	  88333 	 -1.00 	 0.33
106244 	  92865 	 -1.00 	 0.33
106244 	 127451 	 -1.00 	 0.33
106244 	  68681 	 -1.00 	 0.33
106244 	 109370 	 -1.00 	 0.33
106244 	  97207 	 -1.00 	 0.33
106244 	 120065 	 -1.00 	 0.33
106244 	 119112 	 -1.00 	 0.33
106244 	 105156 	 -1.00 	 0.33
106244 	 118432 	 -1.00 	 0.33
106244 	  95350 	 -1.00 	 0.33
106244 	 109086 	 -1.00 	 0.33
106244 	 129421 	 -1.00 	 0.33
106244 	  58883 	 -1.00 	 0.33
106244 	  77586 	 -1.00 	 0.33
119270 	  92753 	 -1.00 	 0.33
119270 	 205919 	 -1.00 	 0.33
119270 	 109693 	 -1.00 	 0.33
119270 	   8980 	 -1.00 	 0.33
119270 	  93171 	 -1.00 	 0.33
119270 	  51289 	 -1.00 	 0.33
119270 	  70646 	 -1.00 	 0.33
119270 	 101365 	 -1.00 	 0.33
119270 	  10274 	 -1.00 	 0.33
119270 	  79768 	 -1.00 	 0.33
119270 	 122945 	 -1.00 	 0.33
119270 	  96900 	 -1.00 	 0.33
119270 	 114259 	 -1.00 	 0.33
119270 	   2251 	 -1.00 	 0.33
119270 	   1531 	 -1.00 	 0.33
119270 	  52786 	 -1.00 	 0.33
119270 	  81262 	 -1.00 	 0.33
119270 	 116898 	 -1.00 	 0.33
119270 	 119685 	 -1.00 	 0.33
119270 	 121308 	 -1.00 	 0.33
119270 	  70314 	 -1.00 	 0.33
119270 	 115258 	 -1.00 	 0.33
119270 	  69513 	 -1.00 	 0.33
119270 	  48728 	 -1.00 	 0.33
119270 	  95513 	 -1.00 	 0.33
119270 	  94015 	 -1.00 	 0.33
119270 	 129421 	 -1.00 	 0.33
119270 	 121157 	 -1.00 	 0.33
119270 	  31394 	 -1.00 	 0.33
119270 	  80885 	 -1.00 	 0.33
126646 	  96511 	 -1.00 	 0.33
126646 	  95409 	 -1.00 	 0.33
126646 	 113610 	 -1.00 	 0.33
126646 	 103091 	 -1.00 	 0.33
126646 	  59944 	 -1.00 	 0.33
108254 	  72992 	 -1.00 	 0.36
108254 	 118768 	 -1.00 	 0.36
108254 	 101850 	 -1.00 	 0.36
103038 	  83275 	 -1.00 	 0.36
126048 	 100617 	 -1.00 	 0.32
126048 	  99902 	 -1.00 	 0.32
126048 	  68681 	 -1.00 	 0.33
 99548 	 119680 	 -1.00 	 0.33
 99548 	 122022 	 -1.00 	 0.33
 99548 	  88333 	 -1.00 	 0.33
 99548 	 131018 	 -1.00 	 0.33
 99548 	  92865 	 -1.00 	 0.33
 99548 	  97207 	 -1.00 	 0.33
 99548 	 120065 	 -1.00 	 0.33
 99548 	  96012 	 -1.00 	 0.33
 99548 	 119112 	 -1.00 	 0.33
 99548 	  95781 	 -1.00 	 0.33
 99548 	 105156 	 -1.00 	 0.33
 99548 	  95350 	 -1.00 	 0.33
 99548 	 129421 	 -1.00 	 0.33
 99548 	  58883 	 -1.00 	 0.33
 99548 	  75661 	 -1.00 	 0.32
 99548 	 106244 	 -1.00 	 0.33
 86131 	  92753 	 -1.00 	 0.33
 86131 	  15511 	 -1.00 	 0.33
 86131 	 109693 	 -1.00 	 0.33
 86131 	 122022 	 -1.00 	 0.33
 86131 	   8980 	 -1.00 	 0.33
 86131 	 129131 	 -1.00 	 0.32
 86131 	  93171 	 -1.00 	 0.33
 86131 	  69026 	 -1.00 	 0.33
 86131 	 108185 	 -1.00 	 0.33
 86131 	  75641 	 -1.00 	 0.39
 86131 	  85972 	 -1.00 	 0.33
 86131 	  91637 	 -1.00 	 0.37
 86131 	  65887 	 -1.00 	 0.30
 86131 	 109370 	 -1.00 	 0.33
 86131 	  91880 	 -1.00 	 0.33
 86131 	 120065 	 -1.00 	 0.33
 86131 	 128974 	 -1.00 	 0.33
 86131 	 101365 	 -1.00 	 0.33
 86131 	  96900 	 -1.00 	 0.33
 86131 	 114259 	 -1.00 	 0.33
 86131 	   2251 	 -1.00 	 0.33
 86131 	   1531 	 -1.00 	 0.33
 86131 	  52786 	 -1.00 	 0.33
 86131 	 116898 	 -1.00 	 0.33
 86131 	 119685 	 -1.00 	 0.33
 86131 	  94015 	 -1.00 	 0.33
 86131 	 117213 	 -1.00 	 0.33
 86131 	 121157 	 -1.00 	 0.33
 86131 	  91740 	 -1.00 	 0.33
 86131 	 119270 	 -1.00 	 0.33
  7854 	  37464 	 -1.00 	 0.36
  7854 	  51767 	 -1.00 	 0.38
126574 	  92865 	 -1.00 	 0.33
126574 	 127451 	 -1.00 	 0.33
126574 	  68681 	 -1.00 	 0.33
126574 	 109370 	 -1.00 	 0.33
126574 	  97207 	 -1.00 	 0.33
126574 	 119112 	 -1.00 	 0.33
126574 	 118432 	 -1.00 	 0.33
126574 	  95350 	 -1.00 	 0.33
 66058 	  92753 	 -1.00 	 0.33
 66058 	 122022 	 -1.00 	 0.33
 66058 	   8980 	 -1.00 	 0.33
 66058 	  93171 	 -1.00 	 0.33
 66058 	  75641 	 -1.00 	 0.39
 66058 	  91637 	 -1.00 	 0.37
 66058 	 120065 	 -1.00 	 0.33
 66058 	 122945 	 -1.00 	 0.33
 66058 	  52786 	 -1.00 	 0.33
 66058 	 119685 	 -1.00 	 0.33
 66058 	 121308 	 -1.00 	 0.33
 66058 	 117213 	 -1.00 	 0.33
 66058 	 121157 	 -1.00 	 0.33
127707 	  95409 	 -1.00 	 0.33
127707 	 126248 	 -1.00 	 0.33
127707 	 103091 	 -1.00 	 0.33
127707 	  59944 	 -1.00 	 0.33
 94837 	   2986 	 -1.00 	 0.36
 94837 	  28241 	 -1.00 	 0.36
 94837 	  90147 	 -1.00 	 0.36
 94837 	  94332 	 -1.00 	 0.36
 94837 	  58481 	 -1.00 	 0.36
 94837 	  94785 	 -1.00 	 0.36
 94837 	 114673 	 -1.00 	 0.36
 94837 	  85142 	 -1.00 	 0.36
 94837 	  37464 	 -1.00 	 0.36
 94837 	   2996 	 -1.00 	 0.36
 94837 	  90137 	 -1.00 	 0.36
 94837 	  48486 	 -1.00 	 0.36
 94837 	  65782 	 -1.00 	 0.36
 94837 	  77148 	 -1.00 	 0.35
 94837 	    514 	 -1.00 	 0.36
 94837 	  67993 	 -1.00 	 0.35
 94837 	  52250 	 -1.00 	 0.32
126274 	  93950 	 -1.00 	 0.31
126274 	 122891 	 -1.00 	 0.36
124069 	 100617 	 -1.00 	 0.32
124069 	  85890 	 -1.00 	 0.33
124069 	 119112 	 -1.00 	 0.33
119890 	 125052 	 -1.00 	 0.36
119890 	 124999 	 -1.00 	 0.36
119890 	  92250 	 -1.00 	 0.36
119890 	   2911 	 -1.00 	 0.36
127382 	 130665 	 -1.00 	 0.33
127382 	 110571 	 -1.00 	 0.33
127382 	  88333 	 -1.00 	 0.33
127382 	  70752 	 -1.00 	 0.33
127382 	 108185 	 -1.00 	 0.33
127382 	  73957 	 -1.00 	 0.33
127382 	 116898 	 -1.00 	 0.33
127382 	 105156 	 -1.00 	 0.33
127382 	 118432 	 -1.00 	 0.33
127382 	 121157 	 -1.00 	 0.33
 60615 	  88333 	 -1.00 	 0.32
 60615 	  95336 	 -1.00 	 0.33
 60615 	  66886 	 -1.00 	 0.32
103084 	 118052 	 -1.00 	 0.36
103084 	 115173 	 -1.00 	 0.36
103084 	 124080 	 -1.00 	 0.36
103084 	 110588 	 -1.00 	 0.36
103084 	  83275 	 -1.00 	 0.36
103084 	 120346 	 -1.00 	 0.36
103084 	 115465 	 -1.00 	 0.30
130419 	 129131 	 -1.00 	 0.30
130419 	 110268 	 -1.00 	 0.32
130419 	  95442 	 -1.00 	 0.36
130419 	   4363 	 -1.00 	 0.36
130419 	  93950 	 -1.00 	 0.36
130419 	  70646 	 -1.00 	 0.32
130419 	  67846 	 -1.00 	 0.36
130419 	  81306 	 -1.00 	 0.36
130419 	  91637 	 -1.00 	 0.31
130419 	  69633 	 -1.00 	 0.36
130419 	 122945 	 -1.00 	 0.32
130419 	  62268 	 -1.00 	 0.30
130419 	  16404 	 -1.00 	 0.36
130419 	 122891 	 -1.00 	 0.30
130419 	 108160 	 -1.00 	 0.36
 68575 	  92753 	 -1.00 	 0.33
 68575 	 205919 	 -1.00 	 0.33
 68575 	  80370 	 -1.00 	 0.33
 68575 	  15511 	 -1.00 	 0.33
 68575 	 122022 	 -1.00 	 0.33
 68575 	   8980 	 -1.00 	 0.33
 68575 	  93171 	 -1.00 	 0.33
 68575 	 110268 	 -1.00 	 0.33
 68575 	  69026 	 -1.00 	 0.33
 68575 	  51289 	 -1.00 	 0.33
 68575 	 108185 	 -1.00 	 0.33
 68575 	  85972 	 -1.00 	 0.33
 68575 	  91880 	 -1.00 	 0.33
 68575 	 120065 	 -1.00 	 0.33
 68575 	 128974 	 -1.00 	 0.33
 68575 	 101365 	 -1.00 	 0.33
 68575 	  10274 	 -1.00 	 0.33
 68575 	  79768 	 -1.00 	 0.33
 68575 	 122945 	 -1.00 	 0.33
 68575 	  96900 	 -1.00 	 0.33
 68575 	  81262 	 -1.00 	 0.33
 68575 	 119685 	 -1.00 	 0.33
 68575 	 121308 	 -1.00 	 0.33
 68575 	  70314 	 -1.00 	 0.33
 68575 	  69513 	 -1.00 	 0.33
 68575 	  48728 	 -1.00 	 0.33
 68575 	  94015 	 -1.00 	 0.33
 68575 	 117213 	 -1.00 	 0.33
 68575 	 122891 	 -1.00 	 0.32
 68575 	 129421 	 -1.00 	 0.33
 68575 	 121157 	 -1.00 	 0.33
 68575 	  31394 	 -1.00 	 0.33
 68575 	  80885 	 -1.00 	 0.33
 68575 	 119270 	 -1.00 	 0.33
 68575 	  86131 	 -1.00 	 0.33
117924 	  76155 	 -1.00 	 0.36
117924 	  65408 	 -1.00 	 0.36
117924 	 102078 	 -1.00 	 0.36
117924 	  77153 	 -1.00 	 0.33
117924 	 103133 	 -1.00 	 0.36
128707 	  91563 	 -1.00 	 0.33
128707 	  69513 	 -1.00 	 0.33
128707 	  95513 	 -1.00 	 0.33
128707 	 117213 	 -1.00 	 0.33
126992 	 128397 	 -1.00 	 0.31
126992 	 126040 	 -1.00 	 0.31
126992 	 127649 	 -1.00 	 0.31
126992 	 126974 	 -1.00 	 0.31
 51984 	   9595 	 -1.00 	 0.36
 51984 	 127102 	 -1.00 	 0.31
 51984 	  97838 	 -1.00 	 0.36
 51984 	 128844 	 -1.00 	 0.31
 51984 	 129131 	 -1.00 	 0.36
 51984 	 130983 	 -1.00 	 0.31
 51984 	 126721 	 -1.00 	 0.36
 51984 	  66308 	 -1.00 	 0.36
 51984 	  72459 	 -1.00 	 0.32
 51984 	 100782 	 -1.00 	 0.31
 51984 	  62268 	 -1.00 	 0.36
 51984 	  51767 	 -1.00 	 0.31
 51984 	 122891 	 -1.00 	 0.36
 51984 	   7303 	 -1.00 	 0.35
 51984 	 130419 	 -1.00 	 0.36
105872 	 117081 	 -1.00 	 0.36
105872 	 119111 	 -1.00 	 0.36
105872 	 118768 	 -1.00 	 0.36
105872 	 108254 	 -1.00 	 0.36
101248 	  94927 	 -1.00 	 0.33
101248 	  96511 	 -1.00 	 0.33
101248 	 117891 	 -1.00 	 0.33
101248 	 130665 	 -1.00 	 0.33
101248 	 110571 	 -1.00 	 0.33
101248 	 129434 	 -1.00 	 0.33
101248 	 128492 	 -1.00 	 0.33
101248 	 122600 	 -1.00 	 0.33
101248 	  74885 	 -1.00 	 0.33
101248 	  95409 	 -1.00 	 0.33
101248 	  69513 	 -1.00 	 0.33
101248 	 126248 	 -1.00 	 0.33
101248 	  95513 	 -1.00 	 0.33
101248 	 113610 	 -1.00 	 0.33
101248 	  58883 	 -1.00 	 0.33
101248 	  59944 	 -1.00 	 0.33
101248 	 126646 	 -1.00 	 0.33
101248 	 127707 	 -1.00 	 0.33
 97187 	 127102 	 -1.00 	 0.31
 97187 	 128844 	 -1.00 	 0.31
 97187 	 129131 	 -1.00 	 0.36
 97187 	 105455 	 -1.00 	 0.31
 97187 	 130983 	 -1.00 	 0.31
 97187 	  93950 	 -1.00 	 0.31
 97187 	  75566 	 -1.00 	 0.31
 97187 	  77148 	 -1.00 	 0.31
 97187 	  67993 	 -1.00 	 0.31
 90122 	  82503 	 -1.00 	 0.32
 90122 	  93696 	 -1.00 	 0.32
 76123 	  94908 	 -1.00 	 0.30
 76123 	  94927 	 -1.00 	 0.38
 76123 	  96511 	 -1.00 	 0.38
 76123 	 117891 	 -1.00 	 0.38
 76123 	  92014 	 -1.00 	 0.30
 76123 	 130665 	 -1.00 	 0.38
 76123 	 127242 	 -1.00 	 0.30
 76123 	 126869 	 -1.00 	 0.30
 76123 	 126040 	 -1.00 	 0.30
 76123 	  76155 	 -1.00 	 0.30
 76123 	 106205 	 -1.00 	 0.30
 76123 	 110571 	 -1.00 	 0.38
 76123 	  88333 	 -1.00 	 0.38
 76123 	  70752 	 -1.00 	 0.38
 76123 	  65408 	 -1.00 	 0.30
 76123 	 127649 	 -1.00 	 0.30
 76123 	  92250 	 -1.00 	 0.30
 76123 	 102078 	 -1.00 	 0.30
 76123 	 102503 	 -1.00 	 0.30
 76123 	  94264 	 -1.00 	 0.30
 76123 	 100909 	 -1.00 	 0.30
 76123 	 108185 	 -1.00 	 0.38
 76123 	  99477 	 -1.00 	 0.30
 76123 	 117951 	 -1.00 	 0.30
 76123 	 105970 	 -1.00 	 0.30
 76123 	 101510 	 -1.00 	 0.30
 76123 	 119111 	 -1.00 	 0.30
 76123 	 101544 	 -1.00 	 0.30
 76123 	 118363 	 -1.00 	 0.30
 76123 	 129434 	 -1.00 	 0.38
 76123 	 104295 	 -1.00 	 0.30
 76123 	 128492 	 -1.00 	 0.38
 76123 	 122251 	 -1.00 	 0.30
 76123 	 124080 	 -1.00 	 0.30
 76123 	   2622 	 -1.00 	 0.30
 76123 	 103133 	 -1.00 	 0.30
 76123 	  73957 	 -1.00 	 0.38
 76123 	  99159 	 -1.00 	 0.38
 76123 	  99455 	 -1.00 	 0.30
 76123 	 102481 	 -1.00 	 0.30
 76123 	  92527 	 -1.00 	 0.30
 76123 	 101749 	 -1.00 	 0.30
 76123 	 103677 	 -1.00 	 0.30
 76123 	 122600 	 -1.00 	 0.38
 76123 	 115220 	 -1.00 	 0.30
 76123 	 116898 	 -1.00 	 0.38
 76123 	 105156 	 -1.00 	 0.38
 76123 	  95409 	 -1.00 	 0.38
 76123 	 126248 	 -1.00 	 0.38
 76123 	 120346 	 -1.00 	 0.30
 76123 	 118432 	 -1.00 	 0.38
 76123 	  94015 	 -1.00 	 0.38
 76123 	 117950 	 -1.00 	 0.30
 76123 	 113610 	 -1.00 	 0.38
 76123 	 103091 	 -1.00 	 0.38
 76123 	 118234 	 -1.00 	 0.30
 76123 	 115883 	 -1.00 	 0.30
 76123 	 103973 	 -1.00 	 0.30
 76123 	 121157 	 -1.00 	 0.38
 76123 	 128300 	 -1.00 	 0.30
 76123 	 126646 	 -1.00 	 0.38
 76123 	 127707 	 -1.00 	 0.38
 76123 	 127382 	 -1.00 	 0.38
 76123 	 117924 	 -1.00 	 0.30
 76123 	 126992 	 -1.00 	 0.30
 76123 	 101248 	 -1.00 	 0.38
 66016 	  63310 	 -1.00 	 0.36
102704 	  65978 	 -1.00 	 0.36
102704 	  76123 	 -1.00 	 0.30
131601 	  76155 	 -1.00 	 0.36
131601 	   2911 	 -1.00 	 0.36
131601 	 103133 	 -1.00 	 0.36
131601 	  51767 	 -1.00 	 0.38
131601 	 128300 	 -1.00 	 0.36
131601 	 119890 	 -1.00 	 0.36
131601 	  76123 	 -1.00 	 0.30
111569 	  76123 	 -1.00 	 0.30
101342 	  99902 	 -1.00 	 0.36
101342 	 105455 	 -1.00 	 0.31
101342 	  93950 	 -1.00 	 0.31
101342 	  75566 	 -1.00 	 0.31
101342 	  52224 	 -1.00 	 0.31
 68241 	 113027 	 -1.00 	 0.30
 68241 	 109370 	 -1.00 	 0.30
 68241 	 122945 	 -1.00 	 0.30
 68241 	 114259 	 -1.00 	 0.30
 68241 	  91740 	 -1.00 	 0.30
124365 	  92753 	 -1.00 	 0.33
124365 	  81305 	 -1.00 	 0.33
124365 	 205919 	 -1.00 	 0.33
124365 	 109693 	 -1.00 	 0.33
124365 	 122022 	 -1.00 	 0.33
124365 	  93171 	 -1.00 	 0.33
124365 	 110268 	 -1.00 	 0.33
124365 	  69026 	 -1.00 	 0.33
124365 	  51289 	 -1.00 	 0.33
124365 	  70646 	 -1.00 	 0.33
124365 	  85972 	 -1.00 	 0.33
124365 	 109370 	 -1.00 	 0.33
124365 	 128974 	 -1.00 	 0.33
124365 	  10274 	 -1.00 	 0.33
124365 	  79768 	 -1.00 	 0.33
124365 	 122945 	 -1.00 	 0.33
124365 	  96900 	 -1.00 	 0.33
124365 	  81262 	 -1.00 	 0.33
124365 	  70314 	 -1.00 	 0.33
124365 	  48728 	 -1.00 	 0.33
124365 	  94015 	 -1.00 	 0.33
124365 	 117213 	 -1.00 	 0.33
124365 	 122891 	 -1.00 	 0.32
124365 	  31394 	 -1.00 	 0.33
124365 	  50309 	 -1.00 	 0.36
124365 	  91740 	 -1.00 	 0.33
124365 	  80885 	 -1.00 	 0.33
124365 	 119270 	 -1.00 	 0.33
124365 	  86131 	 -1.00 	 0.33
124365 	  66058 	 -1.00 	 0.33
124365 	  68575 	 -1.00 	 0.33
 86570 	  92753 	 -1.00 	 0.33
 86570 	  88141 	 -1.00 	 0.33
 86570 	  15511 	 -1.00 	 0.33
 86570 	 109693 	 -1.00 	 0.33
 86570 	 122022 	 -1.00 	 0.33
 86570 	   8980 	 -1.00 	 0.33
 86570 	 129131 	 -1.00 	 0.32
 86570 	  93171 	 -1.00 	 0.33
 86570 	 110268 	 -1.00 	 0.33
 86570 	  69026 	 -1.00 	 0.33
 86570 	 108185 	 -1.00 	 0.33
 86570 	  75641 	 -1.00 	 0.39
 86570 	  85972 	 -1.00 	 0.33
 86570 	  91637 	 -1.00 	 0.37
 86570 	  65887 	 -1.00 	 0.30
 86570 	 109370 	 -1.00 	 0.33
 86570 	  91880 	 -1.00 	 0.33
 86570 	 128974 	 -1.00 	 0.33
 86570 	 122945 	 -1.00 	 0.33
 86570 	  96900 	 -1.00 	 0.33
 86570 	 114259 	 -1.00 	 0.33
 86570 	   2251 	 -1.00 	 0.33
 86570 	   1531 	 -1.00 	 0.33
 86570 	 116898 	 -1.00 	 0.33
 86570 	 119685 	 -1.00 	 0.33
 86570 	 121157 	 -1.00 	 0.33
 86570 	  91740 	 -1.00 	 0.33
 86570 	  68575 	 -1.00 	 0.33
 86570 	 124365 	 -1.00 	 0.33
113690 	 100617 	 -1.00 	 0.32
113690 	  85890 	 -1.00 	 0.33
113690 	 119112 	 -1.00 	 0.33
 94367 	 119680 	 -1.00 	 0.33
 94367 	 106302 	 -1.00 	 0.33
 94367 	 122022 	 -1.00 	 0.33
 94367 	 131018 	 -1.00 	 0.33
 94367 	 127451 	 -1.00 	 0.33
 94367 	  85890 	 -1.00 	 0.33
 94367 	  68681 	 -1.00 	 0.33
 94367 	 109370 	 -1.00 	 0.33
 94367 	  97207 	 -1.00 	 0.33
 94367 	 120065 	 -1.00 	 0.33
 94367 	  96012 	 -1.00 	 0.33
 94367 	 119112 	 -1.00 	 0.33
 94367 	  95781 	 -1.00 	 0.33
 94367 	 105156 	 -1.00 	 0.33
 94367 	  69513 	 -1.00 	 0.33
 94367 	 118432 	 -1.00 	 0.33
 94367 	  95350 	 -1.00 	 0.33
 94367 	 109086 	 -1.00 	 0.33
 94367 	 129421 	 -1.00 	 0.33
 94367 	  58883 	 -1.00 	 0.33
 94367 	  59944 	 -1.00 	 0.33
 94367 	 106244 	 -1.00 	 0.33
 94367 	  99548 	 -1.00 	 0.33
 94367 	 126574 	 -1.00 	 0.33
 94367 	 101248 	 -1.00 	 0.33
128822 	  50309 	 -1.00 	 0.36
128975 	 126040 	 -1.00 	 0.31
128975 	  75030 	 -1.00 	 0.31
128975 	 129131 	 -1.00 	 0.36
128975 	 126200 	 -1.00 	 0.31
123702 	  92753 	 -1.00 	 0.33
123702 	  81305 	 -1.00 	 0.33
123702 	 205919 	 -1.00 	 0.33
123702 	  15511 	 -1.00 	 0.33
123702 	 109693 	 -1.00 	 0.33
123702 	  93171 	 -1.00 	 0.33
123702 	  69026 	 -1.00 	 0.33
123702 	  51289 	 -1.00 	 0.33
123702 	  70646 	 -1.00 	 0.33
123702 	  85972 	 -1.00 	 0.33
123702 	 109370 	 -1.00 	 0.33
123702 	  91880 	 -1.00 	 0.33
123702 	 120065 	 -1.00 	 0.33
123702 	  10274 	 -1.00 	 0.33
123702 	  79768 	 -1.00 	 0.33
123702 	  96900 	 -1.00 	 0.33
123702 	   2251 	 -1.00 	 0.33
123702 	  52786 	 -1.00 	 0.33
123702 	  81262 	 -1.00 	 0.33
123702 	  70314 	 -1.00 	 0.33
123702 	 115258 	 -1.00 	 0.33
123702 	  69513 	 -1.00 	 0.33
123702 	  48728 	 -1.00 	 0.33
123702 	  95513 	 -1.00 	 0.33
123702 	  94015 	 -1.00 	 0.33
123702 	 117213 	 -1.00 	 0.33
123702 	  31394 	 -1.00 	 0.33
123702 	  91740 	 -1.00 	 0.33
123702 	  80885 	 -1.00 	 0.33
123702 	 119270 	 -1.00 	 0.33
123702 	  86131 	 -1.00 	 0.33
123702 	  68575 	 -1.00 	 0.33
123702 	  86570 	 -1.00 	 0.33
126225 	 119890 	 -1.00 	 0.36
113068 	  92753 	 -1.00 	 0.33
113068 	  88141 	 -1.00 	 0.33
113068 	  81305 	 -1.00 	 0.33
113068 	 205919 	 -1.00 	 0.33
113068 	   8980 	 -1.00 	 0.33
113068 	 130780 	 -1.00 	 0.33
113068 	  93171 	 -1.00 	 0.33
113068 	  69026 	 -1.00 	 0.33
113068 	  51289 	 -1.00 	 0.33
113068 	 108185 	 -1.00 	 0.33
113068 	  85890 	 -1.00 	 0.33
113068 	  85972 	 -1.00 	 0.33
113068 	 109370 	 -1.00 	 0.33
113068 	  91880 	 -1.00 	 0.33
113068 	 128974 	 -1.00 	 0.33
113068 	 101365 	 -1.00 	 0.33
113068 	  10274 	 -1.00 	 0.33
113068 	  79768 	 -1.00 	 0.33
113068 	 122945 	 -1.00 	 0.33
113068 	  96900 	 -1.00 	 0.33
113068 	 114259 	 -1.00 	 0.33
113068 	  81262 	 -1.00 	 0.33
113068 	 119685 	 -1.00 	 0.33
113068 	  70314 	 -1.00 	 0.33
113068 	  69513 	 -1.00 	 0.33
113068 	  48728 	 -1.00 	 0.33
113068 	  95513 	 -1.00 	 0.33
113068 	  94015 	 -1.00 	 0.33
113068 	 129421 	 -1.00 	 0.33
113068 	  58883 	 -1.00 	 0.33
113068 	  31394 	 -1.00 	 0.33
113068 	  91740 	 -1.00 	 0.33
113068 	  59944 	 -1.00 	 0.33
113068 	  80885 	 -1.00 	 0.33
113068 	 119270 	 -1.00 	 0.33
113068 	  86131 	 -1.00 	 0.33
113068 	 101248 	 -1.00 	 0.33
113068 	  86570 	 -1.00 	 0.33
113068 	  94367 	 -1.00 	 0.33
 95748 	 122022 	 -1.00 	 0.33
 95748 	  88333 	 -1.00 	 0.33
 95748 	  92865 	 -1.00 	 0.33
 95748 	 127451 	 -1.00 	 0.33
 95748 	  68681 	 -1.00 	 0.33
 95748 	  96012 	 -1.00 	 0.33
 95748 	 119112 	 -1.00 	 0.33
 95748 	 105156 	 -1.00 	 0.33
 95748 	 121308 	 -1.00 	 0.33
 95748 	 118432 	 -1.00 	 0.33
 95748 	  95350 	 -1.00 	 0.33
 95748 	 129421 	 -1.00 	 0.33
 95748 	  58883 	 -1.00 	 0.33
 95748 	  77586 	 -1.00 	 0.33
 95748 	  99548 	 -1.00 	 0.33
 95748 	  94367 	 -1.00 	 0.33
 76053 	 100617 	 -1.00 	 0.36
 76053 	  66308 	 -1.00 	 0.36
 76053 	  75566 	 -1.00 	 0.31
 76053 	  93696 	 -1.00 	 0.36
 76053 	  75661 	 -1.00 	 0.36
 90406 	  77153 	 -1.00 	 0.32
 90406 	  65192 	 -1.00 	 0.37
 90406 	  62649 	 -1.00 	 0.34
 90406 	  61753 	 -1.00 	 0.34
117793 	  95182 	 -1.00 	 0.36
117793 	 127533 	 -1.00 	 0.36
117793 	  65408 	 -1.00 	 0.36
117793 	 101280 	 -1.00 	 0.36
117793 	 113290 	 -1.00 	 0.36
117793 	 122251 	 -1.00 	 0.36
117793 	 130217 	 -1.00 	 0.36
117793 	  83275 	 -1.00 	 0.36
117793 	 120346 	 -1.00 	 0.36
117793 	 129747 	 -1.00 	 0.36
117793 	 116540 	 -1.00 	 0.36
117793 	 117924 	 -1.00 	 0.36
117793 	  76123 	 -1.00 	 0.30
125108 	 101463 	 -1.00 	 0.39
125108 	 119890 	 -1.00 	 0.36
125108 	  97187 	 -1.00 	 0.39
117490 	   9595 	 -1.00 	 0.32
117490 	 129131 	 -1.00 	 0.32
117490 	  82503 	 -1.00 	 0.32
117344 	  53106 	 -1.00 	 0.31
117344 	 102383 	 -1.00 	 0.31
117344 	  43129 	 -1.00 	 0.31
117344 	  69633 	 -1.00 	 0.31
117344 	  16404 	 -1.00 	 0.31
117344 	 103973 	 -1.00 	 0.31
117344 	   7303 	 -1.00 	 0.35
 97464 	 100617 	 -1.00 	 0.36
 97464 	 127102 	 -1.00 	 0.31
 97464 	 128844 	 -1.00 	 0.31
 97464 	  99902 	 -1.00 	 0.36
 97464 	 130983 	 -1.00 	 0.31
 97464 	 127855 	 -1.00 	 0.31
 97464 	  53106 	 -1.00 	 0.31
 97464 	  43129 	 -1.00 	 0.31
 97464 	   2524 	 -1.00 	 0.31
 97464 	  16404 	 -1.00 	 0.31
 97464 	 103973 	 -1.00 	 0.31
 97464 	 123045 	 -1.00 	 0.31
 97464 	   7303 	 -1.00 	 0.35
 97464 	  51984 	 -1.00 	 0.31
 69636 	  97838 	 -1.00 	 0.36
 69636 	 129131 	 -1.00 	 0.36
 69636 	 126721 	 -1.00 	 0.36
 69636 	  66308 	 -1.00 	 0.36
 69636 	  75641 	 -1.00 	 0.30
 69636 	  72459 	 -1.00 	 0.32
 69636 	  58632 	 -1.00 	 0.36
 69636 	  62268 	 -1.00 	 0.36
 69636 	  58416 	 -1.00 	 0.36
 69636 	  77148 	 -1.00 	 0.31
 69636 	  65978 	 -1.00 	 0.36
 69636 	 122891 	 -1.00 	 0.36
 69636 	  67993 	 -1.00 	 0.31
 69636 	 123045 	 -1.00 	 0.31
 69636 	 130419 	 -1.00 	 0.36
 52076 	 129131 	 -1.00 	 0.34
 52076 	  95442 	 -1.00 	 0.31
 52076 	 127855 	 -1.00 	 0.31
 52076 	   4363 	 -1.00 	 0.31
 52076 	  93950 	 -1.00 	 0.31
 52076 	  67846 	 -1.00 	 0.31
 52076 	 129960 	 -1.00 	 0.34
 52076 	  81306 	 -1.00 	 0.31
 52076 	  65887 	 -1.00 	 0.31
 52076 	  69633 	 -1.00 	 0.31
 52076 	  16404 	 -1.00 	 0.31
 52076 	 103973 	 -1.00 	 0.31
 52076 	   7303 	 -1.00 	 0.35
 52076 	 108160 	 -1.00 	 0.31
 52076 	  51984 	 -1.00 	 0.31
 52076 	  69636 	 -1.00 	 0.31
 34899 	   9595 	 -1.00 	 0.36
 34899 	  97838 	 -1.00 	 0.36
 34899 	 129131 	 -1.00 	 0.36
 34899 	 126721 	 -1.00 	 0.36
 34899 	  66308 	 -1.00 	 0.36
 34899 	  75566 	 -1.00 	 0.31
 34899 	  51767 	 -1.00 	 0.31
 34899 	  77148 	 -1.00 	 0.31
 34899 	  65978 	 -1.00 	 0.36
 34899 	 122891 	 -1.00 	 0.36
 34899 	  93696 	 -1.00 	 0.36
 34899 	 123045 	 -1.00 	 0.31
 34899 	  75661 	 -1.00 	 0.36
 34899 	  52076 	 -1.00 	 0.31
 94032 	 122891 	 -1.00 	 0.32
 98993 	  81305 	 -1.00 	 0.33
 98993 	  88333 	 -1.00 	 0.33
 98993 	  69026 	 -1.00 	 0.33
 98993 	 108185 	 -1.00 	 0.33
 98993 	  85972 	 -1.00 	 0.33
 98993 	 119685 	 -1.00 	 0.33
 98993 	 118432 	 -1.00 	 0.33
 98993 	  94015 	 -1.00 	 0.33
 98993 	 121157 	 -1.00 	 0.33
 98993 	  76123 	 -1.00 	 0.38
129520 	  73957 	 -1.00 	 0.32
129520 	 117213 	 -1.00 	 0.32
129520 	  58883 	 -1.00 	 0.32
 50841 	  82503 	 -1.00 	 0.32
 91849 	 130986 	 -1.00 	 0.35
 91849 	  58632 	 -1.00 	 0.32
 91849 	  58416 	 -1.00 	 0.32
 91849 	 101648 	 -1.00 	 0.35
117925 	  65408 	 -1.00 	 0.36
117925 	 100909 	 -1.00 	 0.36
117925 	 104295 	 -1.00 	 0.36
117925 	 122251 	 -1.00 	 0.36
117925 	 101749 	 -1.00 	 0.36
117925 	 115220 	 -1.00 	 0.36
117925 	  76123 	 -1.00 	 0.30
 93364 	  39079 	 -1.00 	 0.32
 93364 	 127242 	 -1.00 	 0.36
 93364 	 105455 	 -1.00 	 0.36
 93364 	 127649 	 -1.00 	 0.36
 93364 	 108185 	 -1.00 	 0.32
 93364 	 101510 	 -1.00 	 0.36
 93364 	 118363 	 -1.00 	 0.36
 93364 	 130986 	 -1.00 	 0.36
 93364 	 102383 	 -1.00 	 0.36
 93364 	 102481 	 -1.00 	 0.36
 93364 	  52224 	 -1.00 	 0.36
 93364 	 115258 	 -1.00 	 0.32
 93364 	  67993 	 -1.00 	 0.34
 93364 	  98991 	 -1.00 	 0.36
 93364 	 123022 	 -1.00 	 0.36
 93364 	 115883 	 -1.00 	 0.36
 93364 	 103973 	 -1.00 	 0.36
 93364 	  75661 	 -1.00 	 0.30
 93364 	  90122 	 -1.00 	 0.32
 93364 	 128822 	 -1.00 	 0.32
 93364 	  34899 	 -1.00 	 0.36
125120 	 101463 	 -1.00 	 0.39
125120 	  93696 	 -1.00 	 0.32
125120 	 119890 	 -1.00 	 0.36
125120 	  97187 	 -1.00 	 0.39
101626 	  83275 	 -1.00 	 0.36
129161 	 128397 	 -1.00 	 0.31
129161 	 127649 	 -1.00 	 0.31
129161 	  76123 	 -1.00 	 0.30
 31821 	  95442 	 -1.00 	 0.31
 31821 	  94332 	 -1.00 	 0.38
 31821 	 127855 	 -1.00 	 0.31
 31821 	   4363 	 -1.00 	 0.31
 31821 	  93950 	 -1.00 	 0.31
 31821 	  58481 	 -1.00 	 0.38
 31821 	  67846 	 -1.00 	 0.31
 31821 	  53106 	 -1.00 	 0.31
 31821 	  43129 	 -1.00 	 0.31
 31821 	  85142 	 -1.00 	 0.38
 31821 	   2524 	 -1.00 	 0.31
 31821 	  37464 	 -1.00 	 0.38
 31821 	  65782 	 -1.00 	 0.38
 31821 	  28201 	 -1.00 	 0.31
 31821 	 103973 	 -1.00 	 0.31
 31821 	 108160 	 -1.00 	 0.31
 31821 	  51984 	 -1.00 	 0.31
 31821 	  69636 	 -1.00 	 0.31
 98813 	  94908 	 -1.00 	 0.36
 98813 	  76155 	 -1.00 	 0.36
 98813 	  92250 	 -1.00 	 0.36
 98813 	 100909 	 -1.00 	 0.36
 98813 	 117951 	 -1.00 	 0.36
 98813 	 119111 	 -1.00 	 0.36
 98813 	 101544 	 -1.00 	 0.36
 98813 	 104295 	 -1.00 	 0.36
 98813 	 103133 	 -1.00 	 0.36
 98813 	 101749 	 -1.00 	 0.36
 98813 	 103677 	 -1.00 	 0.36
 98813 	 115220 	 -1.00 	 0.36
 98813 	 128300 	 -1.00 	 0.36
 98813 	 117924 	 -1.00 	 0.36
 98813 	  76123 	 -1.00 	 0.30
 98813 	 117793 	 -1.00 	 0.36
 98813 	 117925 	 -1.00 	 0.36
 61674 	  88333 	 -1.00 	 0.33
 61674 	   8980 	 -1.00 	 0.33
 61674 	 131018 	 -1.00 	 0.33
 61674 	 127451 	 -1.00 	 0.33
 61674 	  97207 	 -1.00 	 0.33
 61674 	 120065 	 -1.00 	 0.33
 61674 	  96012 	 -1.00 	 0.33
 61674 	 119112 	 -1.00 	 0.33
 61674 	  95781 	 -1.00 	 0.33
 61674 	 105156 	 -1.00 	 0.33
 61674 	 118432 	 -1.00 	 0.33
 61674 	  95513 	 -1.00 	 0.33
 61674 	 129421 	 -1.00 	 0.33
 61674 	 106244 	 -1.00 	 0.33
 61674 	  99548 	 -1.00 	 0.33
 61674 	 126574 	 -1.00 	 0.33
 61674 	 101248 	 -1.00 	 0.33
 61674 	  94367 	 -1.00 	 0.33
 61674 	  95748 	 -1.00 	 0.33
121983 	  92753 	 -1.00 	 0.33
121983 	  88141 	 -1.00 	 0.33
121983 	  81305 	 -1.00 	 0.33
121983 	 205919 	 -1.00 	 0.33
121983 	  80370 	 -1.00 	 0.33
121983 	 109693 	 -1.00 	 0.33
121983 	 122022 	 -1.00 	 0.33
121983 	  93171 	 -1.00 	 0.33
121983 	 110268 	 -1.00 	 0.33
121983 	  69026 	 -1.00 	 0.33
121983 	  51289 	 -1.00 	 0.33
121983 	  70646 	 -1.00 	 0.33
121983 	  85972 	 -1.00 	 0.33
121983 	 125839 	 -1.00 	 0.33
121983 	 109370 	 -1.00 	 0.33
121983 	  10274 	 -1.00 	 0.33
121983 	  79768 	 -1.00 	 0.33
121983 	 122945 	 -1.00 	 0.33
121983 	 119617 	 -1.00 	 0.33
121983 	  96900 	 -1.00 	 0.33
121983 	 114259 	 -1.00 	 0.33
121983 	 119112 	 -1.00 	 0.33
121983 	   1531 	 -1.00 	 0.33
121983 	  52786 	 -1.00 	 0.33
121983 	 124477 	 -1.00 	 0.33
121983 	  81262 	 -1.00 	 0.33
121983 	 119685 	 -1.00 	 0.33
121983 	 121308 	 -1.00 	 0.33
121983 	  70314 	 -1.00 	 0.33
121983 	  69513 	 -1.00 	 0.33
121983 	  48728 	 -1.00 	 0.33
121983 	  94015 	 -1.00 	 0.33
121983 	 117213 	 -1.00 	 0.33
121983 	 109086 	 -1.00 	 0.33
121983 	 129421 	 -1.00 	 0.33
121983 	  31394 	 -1.00 	 0.33
121983 	  80885 	 -1.00 	 0.33
121983 	 119270 	 -1.00 	 0.33
121983 	  86131 	 -1.00 	 0.33
121983 	  66058 	 -1.00 	 0.33
121983 	 124069 	 -1.00 	 0.33
121983 	  68575 	 -1.00 	 0.33
121983 	  86570 	 -1.00 	 0.33
121983 	 113690 	 -1.00 	 0.33
121983 	 113068 	 -1.00 	 0.33
125231 	 100617 	 -1.00 	 0.36
125231 	 106205 	 -1.00 	 0.31
125231 	 122891 	 -1.00 	 0.36
125231 	 113681 	 -1.00 	 0.31
125231 	  76123 	 -1.00 	 0.30
 92153 	  68241 	 -1.00 	 0.30
 95496 	  94908 	 -1.00 	 0.36
 95496 	 103813 	 -1.00 	 0.36
 95496 	 124080 	 -1.00 	 0.36
 95496 	 110588 	 -1.00 	 0.36
 95496 	 103677 	 -1.00 	 0.36
 95496 	  83275 	 -1.00 	 0.36
 95496 	 117884 	 -1.00 	 0.36
 95496 	 106697 	 -1.00 	 0.36
 95496 	 110898 	 -1.00 	 0.36
 95496 	 110974 	 -1.00 	 0.36
 95496 	 128300 	 -1.00 	 0.36
 95496 	 103084 	 -1.00 	 0.36
 95496 	 117793 	 -1.00 	 0.36
 92477 	 119111 	 -1.00 	 0.36
 96106 	 129131 	 -1.00 	 0.36
 96106 	  66308 	 -1.00 	 0.36
 96106 	  62268 	 -1.00 	 0.36
 96106 	  67993 	 -1.00 	 0.31
 96106 	  75661 	 -1.00 	 0.36
 96106 	  93364 	 -1.00 	 0.36
111453 	  93950 	 -1.00 	 0.35
 82662 	 127102 	 -1.00 	 0.31
 82662 	 128844 	 -1.00 	 0.31
 82662 	 129131 	 -1.00 	 0.36
 82662 	 130983 	 -1.00 	 0.31
 82662 	  95442 	 -1.00 	 0.31
 82662 	  31490 	 -1.00 	 0.34
 82662 	 127855 	 -1.00 	 0.31
 82662 	  93950 	 -1.00 	 0.31
 82662 	 100782 	 -1.00 	 0.31
 82662 	  53106 	 -1.00 	 0.31
 82662 	  43129 	 -1.00 	 0.31
 82662 	 101463 	 -1.00 	 0.31
 82662 	   2524 	 -1.00 	 0.31
 82662 	  75566 	 -1.00 	 0.31
 82662 	  16404 	 -1.00 	 0.31
 82662 	 103973 	 -1.00 	 0.31
 82662 	   7303 	 -1.00 	 0.35
 82662 	  94837 	 -1.00 	 0.39
 82662 	  51984 	 -1.00 	 0.31
 82662 	  97187 	 -1.00 	 0.31
 82662 	 101342 	 -1.00 	 0.31
 82662 	 117344 	 -1.00 	 0.31
 82662 	  97464 	 -1.00 	 0.31
 82662 	  91849 	 -1.00 	 0.35
 64212 	  82555 	 -1.00 	 0.36
 64212 	  76155 	 -1.00 	 0.36
 64212 	  85142 	 -1.00 	 0.36
 64212 	  37464 	 -1.00 	 0.36
 64212 	 107489 	 -1.00 	 0.36
 64212 	  94837 	 -1.00 	 0.36
 64212 	  31821 	 -1.00 	 0.38
 89982 	  92753 	 -1.00 	 0.33
 89982 	  15511 	 -1.00 	 0.33
 89982 	 109693 	 -1.00 	 0.33
 89982 	 122022 	 -1.00 	 0.33
 89982 	   8980 	 -1.00 	 0.33
 89982 	  93171 	 -1.00 	 0.33
 89982 	 110268 	 -1.00 	 0.33
 89982 	  69026 	 -1.00 	 0.33
 89982 	 108185 	 -1.00 	 0.33
 89982 	  75641 	 -1.00 	 0.39
 89982 	  85972 	 -1.00 	 0.33
 89982 	  91637 	 -1.00 	 0.37
 89982 	  65887 	 -1.00 	 0.30
 89982 	 109370 	 -1.00 	 0.33
 89982 	  91880 	 -1.00 	 0.33
 89982 	 120065 	 -1.00 	 0.33
 89982 	 128974 	 -1.00 	 0.33
 89982 	 101365 	 -1.00 	 0.33
 89982 	 122945 	 -1.00 	 0.33
 89982 	  96900 	 -1.00 	 0.33
 89982 	 114259 	 -1.00 	 0.33
 89982 	   2251 	 -1.00 	 0.33
 89982 	   1531 	 -1.00 	 0.33
 89982 	  52786 	 -1.00 	 0.33
 89982 	 116898 	 -1.00 	 0.33
 89982 	 119685 	 -1.00 	 0.33
 89982 	  94015 	 -1.00 	 0.33
 89982 	 117213 	 -1.00 	 0.33
 89982 	 121157 	 -1.00 	 0.33
 89982 	  91740 	 -1.00 	 0.33
 89982 	 119270 	 -1.00 	 0.33
 89982 	  68575 	 -1.00 	 0.33
 89982 	 124365 	 -1.00 	 0.33
 89982 	 123702 	 -1.00 	 0.33
 89982 	 113068 	 -1.00 	 0.33
 89982 	 121983 	 -1.00 	 0.33
116362 	 111453 	 -1.00 	 0.39
105591 	 115606 	 -1.00 	 0.35
105591 	 101648 	 -1.00 	 0.35
105591 	  51984 	 -1.00 	 0.35
105591 	 101342 	 -1.00 	 0.35
128928 	 117924 	 -1.00 	 0.36
128928 	  98813 	 -1.00 	 0.36
122396 	 104295 	 -1.00 	 0.36
122396 	 101749 	 -1.00 	 0.36
122396 	 105872 	 -1.00 	 0.36
122396 	  98813 	 -1.00 	 0.36
 88019 	  94927 	 -1.00 	 0.33
 88019 	  96511 	 -1.00 	 0.33
 88019 	 117891 	 -1.00 	 0.33
 88019 	 130665 	 -1.00 	 0.33
 88019 	 110571 	 -1.00 	 0.33
 88019 	  88333 	 -1.00 	 0.33
 88019 	 108185 	 -1.00 	 0.33
 88019 	 129434 	 -1.00 	 0.33
 88019 	 128492 	 -1.00 	 0.33
 88019 	  99159 	 -1.00 	 0.33
 88019 	 122600 	 -1.00 	 0.33
 88019 	 105156 	 -1.00 	 0.33
 88019 	  95409 	 -1.00 	 0.33
 88019 	 126248 	 -1.00 	 0.33
 88019 	 118432 	 -1.00 	 0.33
 88019 	  94015 	 -1.00 	 0.33
 88019 	 122891 	 -1.00 	 0.32
 88019 	 113610 	 -1.00 	 0.33
 88019 	 103091 	 -1.00 	 0.33
 88019 	 121157 	 -1.00 	 0.33
 88019 	 126646 	 -1.00 	 0.33
 88019 	 127382 	 -1.00 	 0.33
 88019 	 101248 	 -1.00 	 0.33
 88019 	  76123 	 -1.00 	 0.38
 88019 	  98993 	 -1.00 	 0.33
118243 	  65408 	 -1.00 	 0.36
118243 	 100909 	 -1.00 	 0.36
118243 	 104295 	 -1.00 	 0.36
118243 	 124080 	 -1.00 	 0.36
118243 	 101673 	 -1.00 	 0.36
118243 	 101749 	 -1.00 	 0.36
118243 	 115220 	 -1.00 	 0.36
118243 	 116540 	 -1.00 	 0.36
118243 	  76123 	 -1.00 	 0.30
112063 	  95182 	 -1.00 	 0.36
112063 	  65408 	 -1.00 	 0.36
112063 	 102078 	 -1.00 	 0.36
112063 	 113290 	 -1.00 	 0.36
112063 	 105970 	 -1.00 	 0.36
112063 	 101544 	 -1.00 	 0.36
112063 	  83275 	 -1.00 	 0.36
112063 	 120346 	 -1.00 	 0.36
112063 	 117950 	 -1.00 	 0.36
112063 	 116540 	 -1.00 	 0.36
112063 	  76123 	 -1.00 	 0.30
112063 	 117925 	 -1.00 	 0.36
112063 	  98813 	 -1.00 	 0.36
112063 	 118243 	 -1.00 	 0.36
100687 	 104295 	 -1.00 	 0.36
100687 	 103133 	 -1.00 	 0.36
100687 	 101749 	 -1.00 	 0.36
100687 	 115220 	 -1.00 	 0.36
100687 	 106697 	 -1.00 	 0.36
100687 	 102995 	 -1.00 	 0.36
100687 	 103084 	 -1.00 	 0.36
100687 	 112063 	 -1.00 	 0.36
123347 	  90147 	 -1.00 	 0.36
123347 	  58481 	 -1.00 	 0.36
123347 	  90137 	 -1.00 	 0.36
 58385 	 119680 	 -1.00 	 0.33
 58385 	  88333 	 -1.00 	 0.33
 58385 	   8980 	 -1.00 	 0.33
 58385 	 130780 	 -1.00 	 0.33
 58385 	 129131 	 -1.00 	 0.32
 58385 	 131018 	 -1.00 	 0.33
 58385 	  66308 	 -1.00 	 0.32
 58385 	 127451 	 -1.00 	 0.33
 58385 	  97207 	 -1.00 	 0.33
 58385 	 120065 	 -1.00 	 0.33
 58385 	  96012 	 -1.00 	 0.33
 58385 	 119112 	 -1.00 	 0.33
 58385 	  95781 	 -1.00 	 0.33
 58385 	 105156 	 -1.00 	 0.33
 58385 	 118432 	 -1.00 	 0.33
 58385 	  95513 	 -1.00 	 0.33
 58385 	  75661 	 -1.00 	 0.32
 58385 	 106244 	 -1.00 	 0.33
 58385 	  99548 	 -1.00 	 0.33
 58385 	 126574 	 -1.00 	 0.33
 58385 	 101248 	 -1.00 	 0.33
 58385 	  94367 	 -1.00 	 0.33
 58385 	 113068 	 -1.00 	 0.33
 58385 	  95748 	 -1.00 	 0.33
105144 	 205919 	 -1.00 	 0.33
105144 	  80370 	 -1.00 	 0.33
105144 	  15511 	 -1.00 	 0.33
105144 	  93171 	 -1.00 	 0.33
105144 	  66308 	 -1.00 	 0.32
105144 	  51289 	 -1.00 	 0.33
105144 	 108185 	 -1.00 	 0.33
105144 	  70646 	 -1.00 	 0.33
105144 	  73957 	 -1.00 	 0.33
105144 	  10274 	 -1.00 	 0.33
105144 	 121308 	 -1.00 	 0.33
105144 	  70314 	 -1.00 	 0.33
105144 	 117213 	 -1.00 	 0.33
105144 	  31394 	 -1.00 	 0.33
105144 	  80885 	 -1.00 	 0.33
105144 	  86131 	 -1.00 	 0.33
105144 	  89982 	 -1.00 	 0.33
130531 	 130665 	 -1.00 	 0.33
130531 	 110571 	 -1.00 	 0.33
130531 	  88333 	 -1.00 	 0.33
130531 	  70752 	 -1.00 	 0.33
130531 	 108185 	 -1.00 	 0.33
130531 	  73957 	 -1.00 	 0.33
130531 	 116898 	 -1.00 	 0.33
130531 	 105156 	 -1.00 	 0.33
130531 	 118432 	 -1.00 	 0.33
130531 	 113610 	 -1.00 	 0.33
130531 	 121157 	 -1.00 	 0.33
130531 	  76123 	 -1.00 	 0.38
130531 	  88019 	 -1.00 	 0.33
 69502 	  97838 	 -1.00 	 0.36
 69502 	 129131 	 -1.00 	 0.36
 69502 	 126721 	 -1.00 	 0.36
 69502 	  66308 	 -1.00 	 0.36
 69502 	  58632 	 -1.00 	 0.36
 69502 	  62268 	 -1.00 	 0.36
 69502 	  58416 	 -1.00 	 0.36
 69502 	  77148 	 -1.00 	 0.31
 69502 	 122891 	 -1.00 	 0.36
 69502 	  67993 	 -1.00 	 0.31
 69502 	 123045 	 -1.00 	 0.31
 69502 	 130419 	 -1.00 	 0.36
 69502 	  52076 	 -1.00 	 0.31
 92655 	  92753 	 -1.00 	 0.33
 92655 	  88141 	 -1.00 	 0.33
 92655 	  91563 	 -1.00 	 0.33
 92655 	 205919 	 -1.00 	 0.33
 92655 	  80370 	 -1.00 	 0.33
 92655 	 110571 	 -1.00 	 0.33
 92655 	 109693 	 -1.00 	 0.33
 92655 	 122022 	 -1.00 	 0.33
 92655 	  88333 	 -1.00 	 0.33
 92655 	  93171 	 -1.00 	 0.33
 92655 	  51289 	 -1.00 	 0.33
 92655 	 108185 	 -1.00 	 0.33
 92655 	  70646 	 -1.00 	 0.33
 92655 	  91880 	 -1.00 	 0.33
 92655 	 101365 	 -1.00 	 0.33
 92655 	  10274 	 -1.00 	 0.33
 92655 	  96900 	 -1.00 	 0.33
 92655 	 114259 	 -1.00 	 0.33
 92655 	  52786 	 -1.00 	 0.33
 92655 	 105156 	 -1.00 	 0.33
 92655 	 121308 	 -1.00 	 0.33
 92655 	  70314 	 -1.00 	 0.33
 92655 	  69513 	 -1.00 	 0.33
 92655 	 126248 	 -1.00 	 0.33
 92655 	 109086 	 -1.00 	 0.33
 92655 	 113610 	 -1.00 	 0.33
 92655 	  93696 	 -1.00 	 0.32
 92655 	  31394 	 -1.00 	 0.33
 92655 	  80885 	 -1.00 	 0.33
 92655 	 119270 	 -1.00 	 0.33
 92655 	  86131 	 -1.00 	 0.33
 92655 	  66058 	 -1.00 	 0.33
 92655 	 127382 	 -1.00 	 0.33
 92655 	  68575 	 -1.00 	 0.33
 92655 	 101248 	 -1.00 	 0.33
 92655 	  76123 	 -1.00 	 0.38
 92655 	 123702 	 -1.00 	 0.33
 92655 	 121983 	 -1.00 	 0.33
 92655 	  89982 	 -1.00 	 0.33
 92655 	  88019 	 -1.00 	 0.33
 92655 	 130531 	 -1.00 	 0.33
  8991 	  97838 	 -1.00 	 0.36
  8991 	 126721 	 -1.00 	 0.36
  8991 	  62268 	 -1.00 	 0.36
  8991 	  51767 	 -1.00 	 0.31
  8991 	 122891 	 -1.00 	 0.36
  8991 	 130419 	 -1.00 	 0.36
  8991 	  91849 	 -1.00 	 0.35
  8991 	  31821 	 -1.00 	 0.31
 66646 	  67846 	 -1.00 	 0.36
 66646 	  53106 	 -1.00 	 0.36
 66646 	  81306 	 -1.00 	 0.36
 66646 	  43129 	 -1.00 	 0.36
 66646 	  69633 	 -1.00 	 0.36
 66646 	   2524 	 -1.00 	 0.36
 66646 	  16404 	 -1.00 	 0.36
 66646 	  28201 	 -1.00 	 0.36
 66646 	  69636 	 -1.00 	 0.36
 66646 	  69502 	 -1.00 	 0.36
113084 	  58481 	 -1.00 	 0.36
 98306 	 113290 	 -1.00 	 0.36
 98306 	  83275 	 -1.00 	 0.36
122256 	 103084 	 -1.00 	 0.36
103607 	  65408 	 -1.00 	 0.36
103607 	  92250 	 -1.00 	 0.36
103607 	  76123 	 -1.00 	 0.30
103607 	  95496 	 -1.00 	 0.36
103607 	 118243 	 -1.00 	 0.36
