 39079 	  59539 	 0.39 	 0.26
 39079 	 102380 	 0.37 	 0.23
 91563 	 102380 	 0.32 	 0.23
 91563 	  39337 	 0.38 	 0.26
 91563 	  92014 	 0.33 	 0.25
127242 	  91563 	 0.33 	 0.25
126869 	  92014 	 0.32 	 0.20
 82555 	 110641 	 0.35 	 0.26
 52768 	  92753 	 0.33 	 0.26
 52768 	  39079 	 0.36 	 0.26
  5543 	  50275 	 0.36 	 0.26
  5543 	 100225 	 0.32 	 0.26
  5543 	  82555 	 0.31 	 0.26
  5543 	  95182 	 0.31 	 0.26
  5543 	  52768 	 0.36 	 0.26
 80370 	  97838 	 0.36 	 0.21
 80370 	  95182 	 0.39 	 0.26
126040 	  39337 	 0.36 	 0.20
 76155 	  94927 	 0.37 	 0.26
 76155 	  96511 	 0.39 	 0.26
 76155 	 117891 	 0.36 	 0.26
 75030 	  39337 	 0.33 	 0.20
 75030 	  62372 	 0.31 	 0.20
128844 	  97838 	 0.36 	 0.25
105200 	  96511 	 0.32 	 0.26
105200 	 128397 	 0.39 	 0.20
105200 	 106302 	 0.33 	 0.26
 15511 	  62372 	 0.39 	 0.26
114621 	  93163 	 0.35 	 0.26
114621 	  39079 	 0.35 	 0.26
114621 	   5543 	 0.33 	 0.26
114621 	 106302 	 0.38 	 0.26
109693 	  59539 	 0.31 	 0.26
109693 	 102380 	 0.34 	 0.23
109693 	  97838 	 0.38 	 0.21
109693 	   2986 	 0.34 	 0.26
 99902 	  91563 	 0.30 	 0.21
122022 	  59539 	 0.30 	 0.26
122022 	  52768 	 0.39 	 0.26
 88333 	  39337 	 0.38 	 0.26
 88333 	 126869 	 0.37 	 0.25
 18307 	  75030 	 0.31 	 0.20
 18307 	  15511 	 0.39 	 0.26
 70752 	 126869 	 0.34 	 0.25
 70752 	  97838 	 0.30 	 0.21
 70752 	  52768 	 0.33 	 0.26
  8980 	  94908 	 0.35 	 0.26
  8980 	  39337 	 0.33 	 0.26
  8980 	  52768 	 0.35 	 0.26
  8980 	   2986 	 0.31 	 0.26
  8980 	 105200 	 0.34 	 0.26
130780 	  39337 	 0.38 	 0.26
129131 	 109693 	 0.32 	 0.21
126200 	  91563 	 0.31 	 0.25
105455 	  91563 	 0.34 	 0.25
105455 	  82555 	 0.37 	 0.20
105455 	  52768 	 0.31 	 0.20
105455 	 106302 	 0.36 	 0.25
126626 	  82555 	 0.31 	 0.26
 28241 	   5543 	 0.33 	 0.26
 28241 	 105455 	 0.39 	 0.20
130983 	  97838 	 0.36 	 0.25
 82246 	  80370 	 0.37 	 0.21
 82246 	 113027 	 0.30 	 0.21
 93171 	  52768 	 0.30 	 0.26
114379 	  52768 	 0.38 	 0.26
114379 	  82246 	 0.31 	 0.21
131151 	 114621 	 0.39 	 0.20
102278 	  39079 	 0.33 	 0.25
102278 	  91563 	 0.32 	 0.25
102278 	   8980 	 0.34 	 0.25
 29716 	  15511 	 0.37 	 0.26
110268 	 102380 	 0.32 	 0.23
110268 	 126869 	 0.30 	 0.25
 85402 	  75030 	 0.35 	 0.20
127649 	  91563 	 0.31 	 0.25
127649 	  52768 	 0.30 	 0.20
127649 	  80370 	 0.37 	 0.25
127649 	 105455 	 0.38 	 0.20
127649 	  28241 	 0.38 	 0.20
 90147 	 126040 	 0.33 	 0.20
 90147 	 101160 	 0.34 	 0.26
 66308 	  91563 	 0.30 	 0.21
 91926 	  59539 	 0.34 	 0.26
 91926 	  92014 	 0.33 	 0.25
 91926 	 127242 	 0.37 	 0.25
 91926 	 106205 	 0.30 	 0.25
 91926 	  99902 	 0.31 	 0.21
 91926 	 129131 	 0.39 	 0.21
 91926 	 105455 	 0.33 	 0.25
 91926 	 126721 	 0.33 	 0.21
 91926 	 102278 	 0.33 	 0.25
 91926 	 127649 	 0.37 	 0.25
 91926 	  66308 	 0.31 	 0.21
 95442 	  82555 	 0.32 	 0.20
 95442 	 105200 	 0.39 	 0.20
 95442 	  91926 	 0.31 	 0.25
117081 	   5543 	 0.36 	 0.26
 92865 	 102380 	 0.33 	 0.23
 92865 	 126040 	 0.39 	 0.25
  5646 	  39337 	 0.36 	 0.26
  5646 	  28241 	 0.35 	 0.26
  5646 	  90147 	 0.35 	 0.26
  5646 	 117081 	 0.32 	 0.26
 92250 	  94927 	 0.31 	 0.26
 92250 	  96511 	 0.36 	 0.26
 92250 	 117891 	 0.31 	 0.26
 82503 	 102278 	 0.32 	 0.25
 94332 	  39079 	 0.36 	 0.26
 94332 	   5543 	 0.33 	 0.26
 94332 	 122022 	 0.39 	 0.26
 94332 	 105455 	 0.31 	 0.20
 94332 	 127649 	 0.30 	 0.20
 69026 	  10217 	 0.39 	 0.21
114535 	 128397 	 0.33 	 0.20
114535 	   8980 	 0.39 	 0.26
 96113 	  39079 	 0.36 	 0.26
 96113 	 128397 	 0.34 	 0.20
 96113 	 127242 	 0.31 	 0.20
 96113 	 106205 	 0.30 	 0.20
 96113 	  88333 	 0.30 	 0.26
 96113 	 126200 	 0.31 	 0.20
 96113 	 102278 	 0.34 	 0.20
102078 	  94927 	 0.39 	 0.26
102078 	 130665 	 0.38 	 0.26
 51289 	 105200 	 0.38 	 0.26
 94264 	 117891 	 0.35 	 0.25
 94264 	 114621 	 0.33 	 0.20
111407 	  75030 	 0.33 	 0.20
111407 	 105455 	 0.36 	 0.20
111407 	  93171 	 0.39 	 0.26
111407 	 102278 	 0.31 	 0.20
111407 	 101160 	 0.35 	 0.26
113290 	 130665 	 0.34 	 0.26
113290 	 110571 	 0.38 	 0.26
113290 	 126626 	 0.39 	 0.26
122840 	 105200 	 0.30 	 0.26
122840 	  28241 	 0.30 	 0.26
122840 	 117081 	 0.36 	 0.26
122840 	 111407 	 0.36 	 0.26
100909 	  96511 	 0.38 	 0.26
100909 	 130387 	 0.35 	 0.20
100909 	 126869 	 0.31 	 0.20
100909 	 126040 	 0.34 	 0.20
100909 	 106205 	 0.33 	 0.20
100909 	 102503 	 0.32 	 0.20
100909 	  94264 	 0.32 	 0.20
 65863 	 128397 	 0.33 	 0.20
 65863 	   8980 	 0.39 	 0.26
 65863 	 127649 	 0.37 	 0.20
 65863 	  95442 	 0.31 	 0.20
 65863 	 122840 	 0.32 	 0.26
 53672 	  39079 	 0.32 	 0.26
 53672 	   5543 	 0.38 	 0.26
 53672 	 109693 	 0.37 	 0.26
 53672 	 122022 	 0.35 	 0.26
 53672 	   8980 	 0.31 	 0.26
 53672 	 113027 	 0.39 	 0.26
108185 	 102380 	 0.38 	 0.23
108185 	 126869 	 0.36 	 0.25
108185 	 126040 	 0.37 	 0.25
108185 	 105455 	 0.33 	 0.25
108185 	 131151 	 0.38 	 0.25
108185 	  92250 	 0.33 	 0.26
108185 	 102503 	 0.32 	 0.25
 99477 	  76155 	 0.35 	 0.20
 99477 	 105455 	 0.31 	 0.20
 99477 	 110268 	 0.37 	 0.25
 99477 	 127649 	 0.30 	 0.20
 99477 	 108185 	 0.39 	 0.25
117951 	  94927 	 0.31 	 0.26
117951 	 110641 	 0.39 	 0.26
117951 	 130665 	 0.34 	 0.26
117951 	 127242 	 0.35 	 0.20
117951 	 106205 	 0.38 	 0.20
117951 	 110571 	 0.38 	 0.26
117951 	  70752 	 0.36 	 0.26
117951 	   8980 	 0.38 	 0.26
117951 	 126626 	 0.39 	 0.26
117951 	   5646 	 0.33 	 0.26
117951 	 102503 	 0.36 	 0.20
105970 	  94927 	 0.36 	 0.26
105970 	 117891 	 0.37 	 0.26
105970 	 110641 	 0.38 	 0.26
105970 	 128397 	 0.38 	 0.20
105970 	 130665 	 0.31 	 0.26
105970 	 106205 	 0.33 	 0.20
105970 	 110571 	 0.32 	 0.26
105970 	  88333 	 0.38 	 0.26
129134 	  91848 	 0.38 	 0.26
129134 	 114535 	 0.36 	 0.26
129134 	  65863 	 0.33 	 0.26
101510 	   8980 	 0.31 	 0.25
101510 	 100909 	 0.32 	 0.20
127855 	 105200 	 0.35 	 0.20
127451 	 105455 	 0.30 	 0.25
127451 	  29716 	 0.31 	 0.26
 67362 	   5543 	 0.31 	 0.26
 67362 	  91926 	 0.30 	 0.26
119111 	  94927 	 0.33 	 0.26
119111 	  88333 	 0.37 	 0.26
119111 	 126626 	 0.39 	 0.26
119111 	 113027 	 0.36 	 0.26
119325 	  52768 	 0.37 	 0.20
119325 	 109693 	 0.37 	 0.25
 93950 	  80370 	 0.39 	 0.25
 93950 	   8980 	 0.34 	 0.25
 93950 	  91926 	 0.33 	 0.25
 58481 	 205919 	 0.30 	 0.26
 58481 	   5543 	 0.30 	 0.26
 58481 	 109693 	 0.37 	 0.26
 58481 	  88333 	 0.32 	 0.26
 58481 	 105455 	 0.31 	 0.20
 58481 	 101160 	 0.37 	 0.26
 58481 	   5646 	 0.37 	 0.26
 58481 	 122840 	 0.36 	 0.26
 70646 	 102380 	 0.34 	 0.23
 70646 	  82246 	 0.33 	 0.21
118363 	  91563 	 0.33 	 0.25
118363 	 105200 	 0.35 	 0.20
118363 	  28241 	 0.38 	 0.20
118363 	  91926 	 0.30 	 0.25
118363 	 117081 	 0.39 	 0.20
118363 	 114535 	 0.35 	 0.20
118363 	 100909 	 0.34 	 0.20
118363 	  65863 	 0.35 	 0.20
 67846 	 108185 	 0.38 	 0.25
 67846 	  58481 	 0.35 	 0.20
100782 	 105200 	 0.37 	 0.20
100782 	 109693 	 0.36 	 0.25
100782 	  91926 	 0.36 	 0.25
 53106 	 109693 	 0.32 	 0.25
 53106 	 105455 	 0.33 	 0.20
 53106 	  65408 	 0.35 	 0.20
 53106 	 117081 	 0.35 	 0.20
 53106 	  69026 	 0.32 	 0.25
 53106 	 111407 	 0.30 	 0.20
 53106 	  65863 	 0.34 	 0.20
 53106 	  58481 	 0.38 	 0.20
129960 	  91926 	 0.34 	 0.21
129960 	 108185 	 0.36 	 0.21
101892 	   4793 	 0.32 	 0.26
126216 	  82555 	 0.36 	 0.26
126216 	 105200 	 0.38 	 0.26
126216 	 114535 	 0.37 	 0.26
126216 	  58481 	 0.38 	 0.26
130986 	 119680 	 0.38 	 0.25
 85972 	  52768 	 0.38 	 0.26
 85972 	 105455 	 0.36 	 0.25
 85972 	  51213 	 0.31 	 0.26
129434 	  92250 	 0.31 	 0.26
129434 	 113290 	 0.32 	 0.26
129434 	 105970 	 0.37 	 0.26
 94785 	  92014 	 0.32 	 0.20
 94785 	   5543 	 0.35 	 0.26
 94785 	 126040 	 0.35 	 0.20
 94785 	  88333 	 0.36 	 0.26
 94785 	   8980 	 0.39 	 0.26
 94785 	 126200 	 0.37 	 0.20
 94785 	 105455 	 0.36 	 0.20
 94785 	 101160 	 0.30 	 0.26
 94785 	 127649 	 0.37 	 0.20
 94785 	 122840 	 0.32 	 0.26
 94785 	  67846 	 0.31 	 0.20
 94785 	 100782 	 0.39 	 0.20
 94785 	  53106 	 0.31 	 0.20
124419 	  52768 	 0.33 	 0.26
124419 	 105200 	 0.35 	 0.26
124419 	  82246 	 0.30 	 0.21
124419 	  96113 	 0.31 	 0.26
124419 	  53672 	 0.30 	 0.26
128492 	  50275 	 0.30 	 0.26
128492 	  76155 	 0.36 	 0.26
128492 	 113290 	 0.36 	 0.26
128492 	 117951 	 0.34 	 0.26
128492 	 105970 	 0.33 	 0.26
 91637 	  94332 	 0.37 	 0.26
102383 	  80370 	 0.34 	 0.25
102383 	 109693 	 0.32 	 0.25
102383 	  70752 	 0.32 	 0.25
102383 	  91926 	 0.31 	 0.25
102383 	 117081 	 0.38 	 0.20
102383 	 100909 	 0.35 	 0.20
102383 	 117951 	 0.38 	 0.20
102383 	  94785 	 0.31 	 0.20
122251 	  94927 	 0.39 	 0.26
122251 	 110641 	 0.37 	 0.26
122251 	  88333 	 0.35 	 0.26
122251 	   8980 	 0.31 	 0.26
122251 	  99477 	 0.33 	 0.20
125161 	  95573 	 0.33 	 0.22
125161 	  95603 	 0.33 	 0.22
125161 	  94332 	 0.31 	 0.22
125161 	  58481 	 0.31 	 0.22
125161 	 124419 	 0.30 	 0.29
 52894 	  95182 	 0.30 	 0.26
 52894 	  82246 	 0.37 	 0.21
 52894 	  96113 	 0.35 	 0.26
105733 	  93163 	 0.31 	 0.26
105733 	   5543 	 0.31 	 0.26
105733 	  70752 	 0.31 	 0.26
105733 	 131151 	 0.32 	 0.20
105733 	 108185 	 0.31 	 0.26
105733 	 127451 	 0.31 	 0.26
103296 	   5543 	 0.30 	 0.26
103296 	  91926 	 0.32 	 0.26
103296 	 125161 	 0.32 	 0.22
 65887 	  53106 	 0.30 	 0.23
119311 	  52768 	 0.37 	 0.20
119311 	 109693 	 0.37 	 0.25
128762 	   8980 	 0.38 	 0.25
128762 	  91926 	 0.33 	 0.25
128762 	  96113 	 0.32 	 0.20
128762 	 111407 	 0.36 	 0.20
125839 	 105200 	 0.30 	 0.26
125839 	 105455 	 0.37 	 0.25
 43129 	 127102 	 0.36 	 0.20
 43129 	 128844 	 0.36 	 0.20
 43129 	 130983 	 0.36 	 0.20
 43129 	 110268 	 0.35 	 0.25
 43129 	 127649 	 0.31 	 0.20
 43129 	  85972 	 0.35 	 0.25
  5103 	   5543 	 0.33 	 0.26
  5103 	 126216 	 0.34 	 0.26
  8179 	 128397 	 0.30 	 0.20
  8179 	 109693 	 0.33 	 0.26
  8179 	   8980 	 0.33 	 0.26
  8179 	 131018 	 0.36 	 0.26
  8179 	 101160 	 0.30 	 0.26
  8179 	 127649 	 0.32 	 0.20
  8179 	  94264 	 0.30 	 0.20
  8179 	 122840 	 0.32 	 0.26
  8179 	 127451 	 0.32 	 0.26
  8179 	  93950 	 0.33 	 0.20
  8179 	  67846 	 0.31 	 0.20
109370 	 105455 	 0.32 	 0.25
109370 	 131151 	 0.36 	 0.25
109370 	  92250 	 0.39 	 0.26
109370 	 105733 	 0.30 	 0.26
  2622 	  39337 	 0.32 	 0.20
  2622 	 109693 	 0.33 	 0.25
  2622 	 110268 	 0.37 	 0.25
  2622 	  92865 	 0.34 	 0.25
  2622 	 100909 	 0.34 	 0.20
  2622 	 108185 	 0.34 	 0.25
  2622 	 117951 	 0.31 	 0.20
  2622 	 122251 	 0.33 	 0.20
  2622 	   8179 	 0.32 	 0.20
 97207 	  96113 	 0.35 	 0.26
 97207 	 105733 	 0.35 	 0.26
116522 	 101160 	 0.38 	 0.26
116522 	 122840 	 0.31 	 0.26
116522 	 126216 	 0.33 	 0.26
  5133 	  93163 	 0.35 	 0.26
  5133 	   5543 	 0.32 	 0.26
  5133 	  80370 	 0.33 	 0.26
  5133 	 109693 	 0.36 	 0.26
  5133 	  88333 	 0.31 	 0.26
  5133 	   8980 	 0.31 	 0.26
  5133 	 102278 	 0.33 	 0.20
  5133 	 101160 	 0.39 	 0.26
  5133 	  51289 	 0.33 	 0.26
  5133 	 122840 	 0.32 	 0.26
  5133 	 127855 	 0.31 	 0.20
  5133 	 119325 	 0.30 	 0.20
  5133 	  70646 	 0.37 	 0.26
  5133 	  53106 	 0.31 	 0.20
  5133 	 126216 	 0.37 	 0.26
  5133 	 124419 	 0.32 	 0.26
  5133 	 119311 	 0.30 	 0.20
 91880 	  94908 	 0.33 	 0.26
 91880 	 100909 	 0.32 	 0.26
 91880 	 104295 	 0.36 	 0.26
 91880 	  43129 	 0.35 	 0.25
 91880 	 124080 	 0.33 	 0.26
103133 	   8980 	 0.38 	 0.26
103133 	  91880 	 0.36 	 0.26
101463 	  91926 	 0.31 	 0.25
101463 	  53672 	 0.37 	 0.20
108127 	  50275 	 0.37 	 0.26
108127 	 105200 	 0.37 	 0.26
108127 	 114621 	 0.34 	 0.26
108127 	  94332 	 0.35 	 0.26
108127 	  53672 	 0.31 	 0.26
108127 	 117951 	 0.35 	 0.26
108127 	 119111 	 0.38 	 0.26
108127 	  94785 	 0.39 	 0.26
120065 	  94908 	 0.33 	 0.26
120065 	  97838 	 0.30 	 0.21
120065 	  99902 	 0.35 	 0.21
120065 	 102278 	 0.32 	 0.25
120065 	 100909 	 0.35 	 0.26
120065 	   4363 	 0.35 	 0.25
120065 	 104295 	 0.38 	 0.26
120065 	 102383 	 0.32 	 0.25
120065 	 128762 	 0.37 	 0.25
120065 	   2622 	 0.31 	 0.25
120065 	 103133 	 0.38 	 0.26
114673 	 126040 	 0.35 	 0.20
114673 	  88333 	 0.36 	 0.26
114673 	 101160 	 0.39 	 0.26
114673 	   5646 	 0.32 	 0.26
 96012 	 105200 	 0.38 	 0.26
 96012 	  96113 	 0.39 	 0.26
 96012 	  99477 	 0.31 	 0.25
111666 	  96113 	 0.30 	 0.26
 73957 	 126869 	 0.38 	 0.25
 73957 	  52768 	 0.33 	 0.26
 73957 	   2986 	 0.30 	 0.26
 73957 	 105200 	 0.35 	 0.26
 73957 	  82246 	 0.30 	 0.21
 73957 	  94332 	 0.33 	 0.26
 73957 	 114535 	 0.38 	 0.26
 73957 	 100909 	 0.35 	 0.26
 73957 	  53672 	 0.30 	 0.26
 73957 	  99477 	 0.37 	 0.25
 73957 	 117951 	 0.36 	 0.26
 73957 	   8179 	 0.38 	 0.26
118768 	 126869 	 0.31 	 0.20
118768 	 125839 	 0.37 	 0.26
118768 	 108127 	 0.32 	 0.26
 85142 	  39079 	 0.39 	 0.26
 85142 	   5543 	 0.36 	 0.26
 85142 	   8980 	 0.35 	 0.26
 85142 	 105455 	 0.31 	 0.20
 85142 	 119325 	 0.37 	 0.20
 85142 	  91637 	 0.35 	 0.26
 85142 	 119311 	 0.37 	 0.20
128974 	 127102 	 0.37 	 0.25
128974 	 128844 	 0.37 	 0.25
128974 	 105455 	 0.35 	 0.25
128974 	 130983 	 0.37 	 0.25
128974 	 131151 	 0.31 	 0.25
128974 	 117081 	 0.34 	 0.26
128974 	  53106 	 0.32 	 0.25
128974 	 101892 	 0.36 	 0.26
128974 	  43129 	 0.30 	 0.25
 79310 	 126040 	 0.30 	 0.20
 79310 	 126200 	 0.32 	 0.20
 79310 	 122840 	 0.33 	 0.26
 79310 	 126216 	 0.32 	 0.26
101365 	  59539 	 0.31 	 0.26
101365 	 102380 	 0.35 	 0.23
101365 	   2986 	 0.37 	 0.26
101365 	  99902 	 0.36 	 0.21
101365 	 129859 	 0.37 	 0.26
101365 	  53672 	 0.37 	 0.26
101365 	  67362 	 0.37 	 0.26
101365 	  93950 	 0.35 	 0.25
101365 	  67846 	 0.34 	 0.25
101365 	 128762 	 0.35 	 0.25
101365 	   5133 	 0.30 	 0.26
  3208 	   4793 	 0.33 	 0.26
 79768 	  10217 	 0.39 	 0.21
 79768 	 117081 	 0.30 	 0.26
 99159 	 126040 	 0.32 	 0.25
 99159 	 126721 	 0.37 	 0.21
 99159 	  96113 	 0.32 	 0.26
 99159 	 101510 	 0.35 	 0.25
 66221 	 110268 	 0.35 	 0.26
 66221 	 101160 	 0.36 	 0.26
 66221 	  53106 	 0.30 	 0.20
 66221 	 125161 	 0.31 	 0.22
122945 	   5133 	 0.35 	 0.26
119617 	 118052 	 0.34 	 0.26
119617 	 105200 	 0.31 	 0.26
119617 	 105455 	 0.34 	 0.25
119617 	  96113 	 0.34 	 0.26
119617 	 116522 	 0.36 	 0.26
119617 	 118768 	 0.36 	 0.26
107458 	  75030 	 0.38 	 0.20
107458 	 106302 	 0.38 	 0.26
107458 	 109370 	 0.39 	 0.26
101673 	 126869 	 0.33 	 0.20
101673 	  93950 	 0.35 	 0.20
101673 	 124419 	 0.30 	 0.26
101673 	  99455 	 0.34 	 0.20
 96900 	 105455 	 0.32 	 0.25
 96900 	 100909 	 0.33 	 0.26
114259 	 127102 	 0.39 	 0.25
114259 	 102380 	 0.35 	 0.23
114259 	  97838 	 0.34 	 0.21
114259 	 128844 	 0.39 	 0.25
114259 	 105455 	 0.31 	 0.25
114259 	 130983 	 0.39 	 0.25
114259 	 131151 	 0.33 	 0.25
114259 	 126721 	 0.30 	 0.21
114259 	 127649 	 0.32 	 0.25
114259 	  95442 	 0.35 	 0.25
114259 	 117951 	 0.30 	 0.26
114259 	  53106 	 0.30 	 0.25
114259 	 129960 	 0.35 	 0.21
114259 	 102383 	 0.39 	 0.25
114259 	   2622 	 0.30 	 0.25
102481 	  91563 	 0.35 	 0.25
102481 	 126040 	 0.36 	 0.20
102481 	 109693 	 0.35 	 0.25
102481 	 122022 	 0.37 	 0.25
102481 	  91926 	 0.37 	 0.25
102481 	  53106 	 0.39 	 0.20
102481 	 129434 	 0.38 	 0.25
102481 	 120065 	 0.35 	 0.25
119112 	 116522 	 0.31 	 0.26
  2524 	  95182 	 0.33 	 0.20
  2524 	 105200 	 0.35 	 0.20
  2524 	  91926 	 0.35 	 0.25
  2524 	 114535 	 0.37 	 0.20
  2524 	  65863 	 0.34 	 0.20
  2524 	  94785 	 0.34 	 0.20
  2524 	   8179 	 0.37 	 0.20
  2524 	 109370 	 0.36 	 0.25
  2524 	   5133 	 0.37 	 0.20
  2524 	 120065 	 0.39 	 0.25
 93866 	  69026 	 0.31 	 0.26
 93866 	 107568 	 0.32 	 0.29
108273 	  91563 	 0.37 	 0.26
108273 	 122022 	 0.34 	 0.26
108273 	 129134 	 0.32 	 0.26
108273 	 126216 	 0.36 	 0.26
  2996 	  92753 	 0.30 	 0.26
  2996 	   5543 	 0.33 	 0.26
  2996 	   8980 	 0.35 	 0.26
  2996 	 101463 	 0.38 	 0.20
115606 	  91563 	 0.35 	 0.25
115606 	 105200 	 0.30 	 0.20
115606 	 117951 	 0.37 	 0.20
115606 	   8179 	 0.35 	 0.20
115606 	 101365 	 0.34 	 0.25
 15972 	  75030 	 0.31 	 0.20
 15972 	  15511 	 0.37 	 0.26
 92527 	  88141 	 0.33 	 0.25
 92527 	  91563 	 0.39 	 0.25
 92527 	  52768 	 0.34 	 0.20
 92527 	  80370 	 0.39 	 0.25
 92527 	 106302 	 0.36 	 0.25
 92527 	 109693 	 0.37 	 0.25
 92527 	 122022 	 0.38 	 0.25
 92527 	  94332 	 0.31 	 0.20
 92527 	  96113 	 0.32 	 0.20
 92527 	 111407 	 0.38 	 0.20
 92527 	 127451 	 0.32 	 0.25
 92527 	  67362 	 0.31 	 0.20
 92527 	 129434 	 0.32 	 0.25
 92527 	   5133 	 0.30 	 0.20
 92527 	  91880 	 0.32 	 0.25
 92527 	 128974 	 0.35 	 0.25
 92527 	   2996 	 0.31 	 0.20
108174 	  94927 	 0.33 	 0.26
108174 	  96511 	 0.32 	 0.26
108174 	 130665 	 0.30 	 0.26
108174 	 106205 	 0.37 	 0.20
108174 	 110571 	 0.34 	 0.26
108174 	  88333 	 0.34 	 0.26
108174 	 126626 	 0.37 	 0.26
108174 	 122840 	 0.30 	 0.26
108174 	 126216 	 0.32 	 0.26
108174 	 129434 	 0.34 	 0.26
  2251 	 105455 	 0.32 	 0.25
  2251 	 117081 	 0.31 	 0.26
  2251 	  92250 	 0.31 	 0.26
  2251 	 111407 	 0.33 	 0.26
  2251 	  93950 	 0.38 	 0.25
  2251 	  58481 	 0.31 	 0.26
  2251 	 104295 	 0.34 	 0.26
  2251 	 103133 	 0.38 	 0.26
  2251 	 102481 	 0.35 	 0.25
  2251 	 101749 	 0.34 	 0.26
 75566 	  82555 	 0.32 	 0.20
 75566 	  52768 	 0.32 	 0.20
 75566 	  28241 	 0.39 	 0.20
 75566 	 111407 	 0.38 	 0.20
 75566 	  94785 	 0.33 	 0.20
 75566 	  85142 	 0.32 	 0.20
 75566 	   2996 	 0.38 	 0.20
 52224 	  39337 	 0.33 	 0.20
 52224 	  62372 	 0.31 	 0.20
 52224 	  18307 	 0.31 	 0.20
 52224 	 110268 	 0.38 	 0.25
 52224 	 117081 	 0.33 	 0.20
 52224 	 111407 	 0.33 	 0.20
 52224 	 108185 	 0.33 	 0.25
 52224 	  43129 	 0.36 	 0.20
 52224 	   2996 	 0.35 	 0.20
103677 	   8980 	 0.33 	 0.26
103677 	 108185 	 0.37 	 0.26
103677 	  91880 	 0.35 	 0.26
103677 	 120065 	 0.35 	 0.26
103677 	 128974 	 0.38 	 0.26
103677 	  92527 	 0.38 	 0.20
122600 	  50275 	 0.34 	 0.26
122600 	  92014 	 0.32 	 0.25
122600 	  76155 	 0.34 	 0.26
122600 	 106205 	 0.36 	 0.25
122600 	  92250 	 0.33 	 0.26
122600 	 113290 	 0.38 	 0.26
122600 	 117951 	 0.30 	 0.26
122600 	 101892 	 0.32 	 0.26
  1531 	 102380 	 0.36 	 0.23
  1531 	 117081 	 0.35 	 0.26
  1531 	  96113 	 0.31 	 0.26
  1531 	  93950 	 0.34 	 0.25
  1531 	  58481 	 0.33 	 0.26
  1531 	 100782 	 0.33 	 0.25
  1531 	  53106 	 0.35 	 0.25
  1531 	  94785 	 0.30 	 0.26
  1531 	  43129 	 0.31 	 0.25
  1531 	   2622 	 0.31 	 0.25
  1531 	   5133 	 0.30 	 0.26
 90137 	 126040 	 0.33 	 0.20
 90137 	 101160 	 0.34 	 0.26
 90137 	   5646 	 0.33 	 0.26
 90137 	 122840 	 0.39 	 0.26
 90137 	 126216 	 0.35 	 0.26
 94602 	 105455 	 0.32 	 0.22
 94602 	 118363 	 0.34 	 0.22
 94602 	 100782 	 0.31 	 0.22
 94602 	 102383 	 0.35 	 0.22
 94602 	  98252 	 0.35 	 0.22
 94602 	 118768 	 0.39 	 0.22
 94602 	  99455 	 0.36 	 0.22
 94602 	 101673 	 0.36 	 0.22
 82318 	 111666 	 0.33 	 0.26
 64266 	  10217 	 0.38 	 0.25
 83275 	 117891 	 0.31 	 0.26
 83275 	 129434 	 0.31 	 0.26
 83275 	  96900 	 0.37 	 0.26
 62268 	 109693 	 0.38 	 0.21
 62268 	  91926 	 0.34 	 0.21
 62268 	 120065 	 0.38 	 0.21
115220 	 126869 	 0.36 	 0.20
115220 	   8980 	 0.38 	 0.26
115220 	   2251 	 0.38 	 0.26
107489 	 126869 	 0.32 	 0.20
107489 	 101160 	 0.38 	 0.26
107489 	   5646 	 0.31 	 0.26
107489 	 126216 	 0.33 	 0.26
107489 	 119617 	 0.39 	 0.26
107489 	 119112 	 0.39 	 0.26
107489 	  94602 	 0.32 	 0.22
 52786 	  59539 	 0.36 	 0.26
 52786 	  97838 	 0.32 	 0.21
 52786 	  52768 	 0.39 	 0.26
 52786 	   2986 	 0.35 	 0.26
 52786 	  82246 	 0.32 	 0.21
 52786 	  94332 	 0.36 	 0.26
 52786 	 102383 	 0.35 	 0.25
 52786 	   5103 	 0.36 	 0.26
 52786 	   5133 	 0.35 	 0.26
 52786 	 118768 	 0.38 	 0.26
 52786 	 102481 	 0.38 	 0.25
 52786 	  52224 	 0.35 	 0.25
105413 	  92753 	 0.36 	 0.26
105413 	  80370 	 0.38 	 0.26
105413 	   8980 	 0.39 	 0.26
105413 	 105455 	 0.33 	 0.20
105413 	  93171 	 0.34 	 0.26
105413 	 110268 	 0.37 	 0.26
105413 	 127649 	 0.35 	 0.20
105413 	  95442 	 0.31 	 0.20
105413 	   4363 	 0.37 	 0.20
105413 	 119325 	 0.39 	 0.20
105413 	 118363 	 0.35 	 0.20
105413 	  53106 	 0.30 	 0.20
105413 	 126216 	 0.33 	 0.26
105413 	 119311 	 0.39 	 0.20
105413 	 108127 	 0.39 	 0.26
105413 	   2524 	 0.30 	 0.20
105413 	  75566 	 0.33 	 0.20
105413 	   1531 	 0.30 	 0.26
124477 	 105455 	 0.36 	 0.25
124477 	 107489 	 0.39 	 0.26
 48486 	  93163 	 0.38 	 0.26
 48486 	  92014 	 0.35 	 0.20
 48486 	   5543 	 0.30 	 0.26
 48486 	 126040 	 0.30 	 0.20
 48486 	  88333 	 0.34 	 0.26
 48486 	  70752 	 0.38 	 0.26
 48486 	   8980 	 0.34 	 0.26
 48486 	 105455 	 0.31 	 0.20
 48486 	  93171 	 0.37 	 0.26
 48486 	 101160 	 0.31 	 0.26
 48486 	 127649 	 0.32 	 0.20
 48486 	   5646 	 0.30 	 0.26
 48486 	 122840 	 0.30 	 0.26
 48486 	 127855 	 0.35 	 0.20
 48486 	 122945 	 0.38 	 0.26
 48486 	  92527 	 0.39 	 0.20
 48486 	  75566 	 0.31 	 0.20
 37931 	  92753 	 0.33 	 0.26
 37931 	  39079 	 0.36 	 0.26
 37931 	   5543 	 0.36 	 0.26
 37931 	 122022 	 0.39 	 0.26
 37931 	  70752 	 0.33 	 0.26
 37931 	   8980 	 0.35 	 0.26
 37931 	 127649 	 0.33 	 0.20
 37931 	 118363 	 0.31 	 0.20
 37931 	  73957 	 0.36 	 0.26
 37931 	  92527 	 0.31 	 0.20
 37931 	  75566 	 0.32 	 0.20
 37931 	  52786 	 0.36 	 0.26
101648 	 127102 	 0.39 	 0.20
101648 	  91563 	 0.36 	 0.25
101648 	  80370 	 0.37 	 0.25
101648 	 128844 	 0.39 	 0.20
101648 	   8980 	 0.30 	 0.25
101648 	 130983 	 0.39 	 0.20
101648 	  91926 	 0.30 	 0.25
101648 	  58481 	 0.33 	 0.20
101648 	   8179 	 0.30 	 0.20
101648 	 120065 	 0.37 	 0.25
101648 	 101365 	 0.38 	 0.25
101648 	  92527 	 0.35 	 0.20
101648 	   1531 	 0.34 	 0.25
101648 	  94602 	 0.32 	 0.22
101648 	 105413 	 0.32 	 0.20
111297 	  94908 	 0.33 	 0.20
111297 	  91563 	 0.30 	 0.25
111297 	 122022 	 0.35 	 0.25
111297 	 117081 	 0.32 	 0.20
111297 	 122840 	 0.30 	 0.25
111297 	 122945 	 0.32 	 0.25
111297 	  96900 	 0.30 	 0.25
111297 	 114259 	 0.34 	 0.25
111297 	 115606 	 0.37 	 0.20
111297 	 103677 	 0.33 	 0.20
127221 	 125161 	 0.32 	 0.22
106697 	 126869 	 0.39 	 0.20
106697 	   5646 	 0.37 	 0.26
 27623 	  96511 	 0.30 	 0.26
 27623 	 110641 	 0.30 	 0.26
 27623 	  91563 	 0.34 	 0.26
 27623 	   5543 	 0.34 	 0.26
 27623 	  80370 	 0.36 	 0.26
 27623 	 109693 	 0.30 	 0.26
 27623 	 122022 	 0.37 	 0.26
 27623 	  88333 	 0.30 	 0.26
 27623 	 110268 	 0.30 	 0.26
 27623 	  91926 	 0.39 	 0.26
 27623 	  51289 	 0.36 	 0.26
 27623 	 122840 	 0.37 	 0.26
 27623 	  70646 	 0.36 	 0.26
 27623 	 126216 	 0.36 	 0.26
 27623 	 130986 	 0.32 	 0.20
 27623 	  52894 	 0.32 	 0.26
 27623 	 128762 	 0.32 	 0.20
 27623 	  43129 	 0.32 	 0.20
 27623 	 108127 	 0.35 	 0.26
 27623 	 101365 	 0.32 	 0.26
 27623 	   2524 	 0.33 	 0.20
 27623 	 122600 	 0.34 	 0.26
 27623 	   1531 	 0.36 	 0.26
 27623 	  52786 	 0.36 	 0.26
 34379 	 114621 	 0.37 	 0.26
 95781 	 114621 	 0.33 	 0.26
 95781 	   5103 	 0.31 	 0.26
124177 	  96511 	 0.38 	 0.26
124177 	 119680 	 0.34 	 0.26
124177 	 125161 	 0.33 	 0.22
124177 	  98252 	 0.38 	 0.20
 65782 	   5543 	 0.33 	 0.26
 65782 	 109693 	 0.38 	 0.26
 65782 	  91926 	 0.34 	 0.26
 65782 	  91637 	 0.35 	 0.26
 65782 	 125161 	 0.31 	 0.22
116898 	  94908 	 0.37 	 0.26
116898 	  59539 	 0.32 	 0.26
116898 	 130387 	 0.37 	 0.25
116898 	 102380 	 0.33 	 0.23
116898 	 126869 	 0.31 	 0.25
116898 	  97838 	 0.36 	 0.21
116898 	  52768 	 0.35 	 0.26
116898 	 106205 	 0.39 	 0.25
116898 	 102278 	 0.36 	 0.25
116898 	  95442 	 0.39 	 0.25
116898 	 102078 	 0.38 	 0.26
116898 	 100909 	 0.39 	 0.26
116898 	  99477 	 0.30 	 0.25
116898 	 105733 	 0.30 	 0.26
116898 	 128762 	 0.38 	 0.25
116898 	 101463 	 0.39 	 0.25
116898 	 102481 	 0.34 	 0.25
116898 	 115606 	 0.38 	 0.25
116898 	  92527 	 0.33 	 0.25
116898 	 103677 	 0.37 	 0.26
116898 	 105413 	 0.39 	 0.26
116898 	  48486 	 0.34 	 0.26
100142 	   5543 	 0.38 	 0.26
100142 	 106302 	 0.38 	 0.26
100142 	  88333 	 0.36 	 0.26
100142 	 105455 	 0.36 	 0.20
100142 	  92865 	 0.39 	 0.26
100142 	 130986 	 0.38 	 0.20
100142 	   2622 	 0.32 	 0.20
100142 	 129208 	 0.38 	 0.26
100142 	  95781 	 0.38 	 0.26
 28201 	  91563 	 0.33 	 0.25
 28201 	  95182 	 0.33 	 0.20
 28201 	 108185 	 0.33 	 0.25
 28201 	  65887 	 0.30 	 0.23
 28201 	   1531 	 0.39 	 0.25
 28201 	  27623 	 0.30 	 0.20
105156 	  50275 	 0.30 	 0.26
105156 	 126869 	 0.30 	 0.25
105156 	 119111 	 0.38 	 0.26
105156 	 102383 	 0.38 	 0.25
119717 	 125161 	 0.39 	 0.22
119717 	  98252 	 0.33 	 0.20
119717 	 102481 	 0.35 	 0.20
 95409 	 117951 	 0.33 	 0.26
124225 	  98252 	 0.39 	 0.20
 99213 	 100909 	 0.34 	 0.26
119685 	 100617 	 0.33 	 0.21
119685 	  52768 	 0.35 	 0.26
119685 	 105200 	 0.37 	 0.26
119685 	 102278 	 0.34 	 0.25
119685 	  96113 	 0.32 	 0.26
119685 	 102503 	 0.39 	 0.25
119685 	  99477 	 0.36 	 0.25
119685 	 119325 	 0.36 	 0.25
119685 	 100782 	 0.33 	 0.25
119685 	 129960 	 0.38 	 0.21
119685 	 102383 	 0.33 	 0.25
119685 	 119311 	 0.36 	 0.25
119685 	 128762 	 0.32 	 0.25
119685 	   5103 	 0.35 	 0.26
119685 	   8179 	 0.33 	 0.26
119685 	   5133 	 0.33 	 0.26
119685 	 115606 	 0.34 	 0.25
119685 	  62268 	 0.31 	 0.21
119685 	 105413 	 0.34 	 0.26
119685 	 101648 	 0.36 	 0.25
119685 	  27623 	 0.32 	 0.26
121308 	 102380 	 0.31 	 0.23
121308 	  97838 	 0.33 	 0.21
121308 	 114621 	 0.30 	 0.26
121308 	   4363 	 0.35 	 0.25
121308 	  93950 	 0.33 	 0.25
121308 	 118363 	 0.37 	 0.25
121308 	 102383 	 0.36 	 0.25
121308 	 128762 	 0.31 	 0.25
121308 	 102481 	 0.39 	 0.25
121308 	   2524 	 0.35 	 0.25
121308 	  52224 	 0.33 	 0.25
128471 	  76155 	 0.34 	 0.26
128471 	  92250 	 0.31 	 0.26
128471 	 113290 	 0.38 	 0.26
128471 	 117951 	 0.34 	 0.26
128471 	 105970 	 0.30 	 0.26
128471 	 122251 	 0.32 	 0.26
128471 	 107458 	 0.35 	 0.26
128471 	  83275 	 0.35 	 0.26
 77148 	  52224 	 0.33 	 0.21
 96223 	 131018 	 0.37 	 0.26
 70314 	  58481 	 0.30 	 0.26
  3715 	  39079 	 0.36 	 0.26
  3715 	 122022 	 0.39 	 0.26
  3715 	  73957 	 0.33 	 0.26
  3715 	  92527 	 0.31 	 0.20
  3715 	  75566 	 0.32 	 0.20
  3715 	  52224 	 0.30 	 0.20
  3715 	  52786 	 0.36 	 0.26
115258 	  96113 	 0.30 	 0.26
 69513 	 102380 	 0.38 	 0.23
 69513 	  82246 	 0.35 	 0.21
 69513 	  66221 	 0.30 	 0.26
 69513 	 111297 	 0.30 	 0.25
 69513 	  27623 	 0.31 	 0.26
126248 	 105200 	 0.31 	 0.26
126248 	 100909 	 0.37 	 0.26
126248 	  92527 	 0.38 	 0.25
102995 	 117891 	 0.38 	 0.26
102995 	   5646 	 0.37 	 0.26
120346 	  70752 	 0.38 	 0.26
120346 	   8980 	 0.30 	 0.26
120346 	   2622 	 0.39 	 0.20
118432 	 105455 	 0.31 	 0.25
118432 	 100909 	 0.36 	 0.26
  2267 	 106302 	 0.30 	 0.26
  2267 	 109693 	 0.33 	 0.26
  2267 	   8980 	 0.33 	 0.26
  2267 	 127649 	 0.37 	 0.20
  2267 	 122840 	 0.35 	 0.26
  2267 	 127451 	 0.32 	 0.26
  2267 	  93950 	 0.38 	 0.20
  2267 	 118363 	 0.37 	 0.20
  2267 	 100782 	 0.39 	 0.20
  2267 	  53106 	 0.37 	 0.20
  2267 	 126216 	 0.34 	 0.26
  2267 	 125161 	 0.33 	 0.22
  2267 	   2524 	 0.37 	 0.20
  2267 	  95781 	 0.32 	 0.26
   514 	  92753 	 0.30 	 0.26
   514 	  39079 	 0.39 	 0.26
   514 	   5543 	 0.36 	 0.26
   514 	 122022 	 0.39 	 0.26
   514 	  70752 	 0.33 	 0.26
   514 	   8980 	 0.35 	 0.26
   514 	 105455 	 0.31 	 0.20
   514 	  93171 	 0.30 	 0.26
   514 	 114379 	 0.38 	 0.26
   514 	 127649 	 0.30 	 0.20
   514 	 119325 	 0.37 	 0.20
   514 	 118363 	 0.31 	 0.20
   514 	 119311 	 0.37 	 0.20
   514 	 108127 	 0.35 	 0.26
   514 	  73957 	 0.33 	 0.26
   514 	  92527 	 0.31 	 0.20
   514 	  75566 	 0.38 	 0.20
   514 	  52224 	 0.35 	 0.20
   514 	  52786 	 0.39 	 0.26
 82463 	  93866 	 0.36 	 0.26
115465 	   5646 	 0.31 	 0.21
115465 	 119617 	 0.36 	 0.21
107890 	 126216 	 0.39 	 0.26
 95790 	  98252 	 0.37 	 0.20
 95350 	  52768 	 0.38 	 0.26
 95350 	  53672 	 0.34 	 0.26
 95350 	   5133 	 0.36 	 0.26
 95350 	  27623 	 0.30 	 0.26
 95350 	   3715 	 0.31 	 0.26
 95350 	    514 	 0.38 	 0.26
101809 	 100909 	 0.35 	 0.26
 95513 	 100909 	 0.39 	 0.26
 95513 	  94785 	 0.33 	 0.26
 94015 	 102380 	 0.39 	 0.23
 94015 	  97838 	 0.30 	 0.21
 94015 	  82555 	 0.38 	 0.26
 94015 	  52768 	 0.31 	 0.26
 94015 	  28241 	 0.37 	 0.26
 94015 	 102278 	 0.34 	 0.25
 94015 	  65408 	 0.31 	 0.26
 94015 	  94332 	 0.38 	 0.26
 94015 	  53672 	 0.34 	 0.26
 94015 	  93950 	 0.39 	 0.25
 94015 	  53106 	 0.32 	 0.25
 94015 	  94785 	 0.39 	 0.26
 94015 	  43129 	 0.30 	 0.25
 94015 	 124080 	 0.33 	 0.26
 94015 	   5133 	 0.36 	 0.26
 94015 	 102481 	 0.35 	 0.25
 94015 	   2524 	 0.36 	 0.25
 94015 	   2996 	 0.38 	 0.26
 94015 	  37931 	 0.38 	 0.26
 94015 	 101648 	 0.33 	 0.25
 94015 	  27623 	 0.32 	 0.26
 94015 	  28201 	 0.34 	 0.25
 94015 	   3715 	 0.38 	 0.26
 94015 	    514 	 0.31 	 0.26
117213 	  39337 	 0.33 	 0.26
117213 	  97838 	 0.37 	 0.21
117213 	  99902 	 0.30 	 0.21
117213 	 126721 	 0.34 	 0.21
117213 	 117081 	 0.37 	 0.26
117213 	  94264 	 0.30 	 0.25
117213 	 119325 	 0.38 	 0.25
117213 	  93950 	 0.33 	 0.25
117213 	 118363 	 0.32 	 0.25
117213 	  53106 	 0.37 	 0.25
117213 	 102383 	 0.31 	 0.25
117213 	 119311 	 0.38 	 0.25
117213 	 102481 	 0.31 	 0.25
117213 	 105413 	 0.32 	 0.26
117213 	  27623 	 0.38 	 0.26
117213 	   2267 	 0.30 	 0.26
 94005 	 128397 	 0.35 	 0.20
 94005 	 101160 	 0.33 	 0.26
 94005 	 122840 	 0.32 	 0.26
 94005 	 129134 	 0.36 	 0.26
 94005 	  67846 	 0.31 	 0.20
 94005 	 100782 	 0.39 	 0.20
 94005 	  53106 	 0.31 	 0.20
 94005 	 126216 	 0.37 	 0.26
 94005 	   2524 	 0.37 	 0.20
 65978 	   2524 	 0.35 	 0.27
117950 	 130387 	 0.37 	 0.20
117950 	 110641 	 0.38 	 0.26
117950 	 130665 	 0.36 	 0.26
117950 	 127242 	 0.36 	 0.20
117950 	 106205 	 0.37 	 0.20
117950 	 110571 	 0.39 	 0.26
117950 	  70752 	 0.30 	 0.26
117950 	 127649 	 0.34 	 0.20
117950 	   2622 	 0.30 	 0.20
117950 	 122600 	 0.36 	 0.26
117950 	 128471 	 0.32 	 0.26
109086 	 102380 	 0.30 	 0.23
109086 	  97838 	 0.32 	 0.21
109086 	 106205 	 0.35 	 0.25
109086 	  99902 	 0.30 	 0.21
109086 	 129131 	 0.38 	 0.21
109086 	  82246 	 0.30 	 0.21
109086 	 126721 	 0.37 	 0.21
109086 	  96113 	 0.30 	 0.26
109086 	 101510 	 0.33 	 0.25
109086 	   4363 	 0.36 	 0.25
109086 	 118363 	 0.38 	 0.25
109086 	 129960 	 0.33 	 0.21
109086 	 102383 	 0.33 	 0.25
109086 	 105733 	 0.35 	 0.26
109086 	 128762 	 0.37 	 0.25
109086 	 102481 	 0.34 	 0.25
109086 	   2524 	 0.34 	 0.25
109086 	 115606 	 0.38 	 0.25
109086 	  75566 	 0.35 	 0.25
109086 	 101648 	 0.34 	 0.25
122891 	  91563 	 0.32 	 0.21
122891 	 109693 	 0.34 	 0.21
122891 	   8980 	 0.39 	 0.21
122891 	  91926 	 0.34 	 0.21
122891 	 114259 	 0.30 	 0.21
122891 	   1531 	 0.31 	 0.21
122891 	 119685 	 0.31 	 0.21
122891 	 109086 	 0.33 	 0.21
124881 	  52768 	 0.33 	 0.26
124881 	 105200 	 0.35 	 0.26
124881 	  82246 	 0.30 	 0.21
124881 	  96113 	 0.31 	 0.26
124881 	 101673 	 0.30 	 0.26
124881 	   3715 	 0.33 	 0.26
124881 	    514 	 0.33 	 0.26
126974 	  91563 	 0.34 	 0.25
126974 	  91926 	 0.36 	 0.25
126974 	 126216 	 0.34 	 0.25
126974 	 120065 	 0.37 	 0.25
126974 	 114259 	 0.38 	 0.25
126974 	 121308 	 0.36 	 0.25
129421 	 102380 	 0.39 	 0.23
129421 	 105455 	 0.37 	 0.25
129421 	  82246 	 0.38 	 0.21
129421 	  65408 	 0.30 	 0.26
129421 	 102383 	 0.34 	 0.25
129421 	  48486 	 0.39 	 0.26
129421 	 101648 	 0.33 	 0.25
129421 	  65978 	 0.32 	 0.24
113610 	 105200 	 0.30 	 0.26
113610 	 100909 	 0.38 	 0.26
113610 	 105970 	 0.38 	 0.26
103091 	  39337 	 0.34 	 0.26
103091 	 100909 	 0.35 	 0.26
103091 	 105970 	 0.37 	 0.26
103091 	 108174 	 0.31 	 0.26
 98991 	 127102 	 0.35 	 0.20
 98991 	 119680 	 0.38 	 0.25
 98991 	  39079 	 0.32 	 0.25
 98991 	 128844 	 0.35 	 0.20
 98991 	 109693 	 0.35 	 0.25
 98991 	 122022 	 0.37 	 0.25
 98991 	   8980 	 0.30 	 0.25
 98991 	 130983 	 0.35 	 0.20
 98991 	 110268 	 0.35 	 0.25
 98991 	  96113 	 0.31 	 0.20
 98991 	  51289 	 0.30 	 0.25
 98991 	 108185 	 0.39 	 0.25
 98991 	  58481 	 0.38 	 0.20
 98991 	  70646 	 0.30 	 0.25
 98991 	 103296 	 0.35 	 0.20
 98991 	 118768 	 0.36 	 0.20
 98991 	 122945 	 0.36 	 0.25
 98991 	 114259 	 0.32 	 0.25
 98991 	   1531 	 0.35 	 0.25
 98991 	 111297 	 0.31 	 0.20
 98991 	 100142 	 0.37 	 0.20
 98991 	 119685 	 0.35 	 0.25
 98991 	  94015 	 0.35 	 0.25
 98991 	 117213 	 0.39 	 0.25
 93696 	 122022 	 0.36 	 0.21
 93696 	 108185 	 0.30 	 0.21
 93696 	 114259 	 0.31 	 0.21
 93696 	  94015 	 0.33 	 0.21
 93696 	 117213 	 0.36 	 0.21
 58883 	  52768 	 0.39 	 0.26
 58883 	   2986 	 0.32 	 0.26
 58883 	  62372 	 0.33 	 0.26
 58883 	  18307 	 0.33 	 0.26
 58883 	  82246 	 0.32 	 0.21
 58883 	  29716 	 0.31 	 0.26
 58883 	  94332 	 0.36 	 0.26
 58883 	  53672 	 0.32 	 0.26
 58883 	  67362 	 0.32 	 0.26
 58883 	  66221 	 0.36 	 0.26
 58883 	 105413 	 0.38 	 0.26
 58883 	  37931 	 0.39 	 0.26
 58883 	  65782 	 0.36 	 0.26
 58883 	 100142 	 0.32 	 0.26
 58883 	   3715 	 0.39 	 0.26
119884 	  94264 	 0.32 	 0.20
119884 	 122840 	 0.30 	 0.26
119884 	  93950 	 0.35 	 0.20
119884 	 126216 	 0.36 	 0.26
119884 	  97207 	 0.38 	 0.26
119884 	  95781 	 0.34 	 0.26
123022 	 109693 	 0.35 	 0.25
123022 	 122022 	 0.37 	 0.25
123022 	  70752 	 0.39 	 0.25
123022 	   8980 	 0.39 	 0.25
123022 	 105455 	 0.31 	 0.20
123022 	 117081 	 0.37 	 0.20
123022 	  58481 	 0.35 	 0.20
123022 	  94785 	 0.32 	 0.20
123022 	   8179 	 0.32 	 0.20
123022 	 120065 	 0.31 	 0.25
123022 	 101365 	 0.38 	 0.25
123022 	  52786 	 0.36 	 0.25
123022 	  48486 	 0.30 	 0.20
123022 	 116898 	 0.32 	 0.25
123022 	   2267 	 0.35 	 0.20
123022 	  94015 	 0.31 	 0.25
123022 	 117213 	 0.32 	 0.25
123022 	 109086 	 0.34 	 0.25
123022 	 129421 	 0.35 	 0.25
100744 	   5543 	 0.38 	 0.26
100744 	 106302 	 0.38 	 0.26
100744 	  88333 	 0.36 	 0.26
100744 	 105455 	 0.36 	 0.20
100744 	 131151 	 0.36 	 0.20
100744 	   2622 	 0.32 	 0.20
100744 	 108127 	 0.39 	 0.26
100744 	 129208 	 0.35 	 0.26
100744 	  92527 	 0.30 	 0.20
100744 	  98991 	 0.37 	 0.20
100744 	  58883 	 0.38 	 0.26
118234 	 110641 	 0.32 	 0.26
118234 	 130665 	 0.34 	 0.26
118234 	 106205 	 0.36 	 0.20
118234 	 110571 	 0.38 	 0.26
118234 	   8980 	 0.32 	 0.26
118234 	 126626 	 0.39 	 0.26
118234 	 120065 	 0.30 	 0.26
118234 	 116898 	 0.35 	 0.26
118234 	 105156 	 0.34 	 0.26
118234 	 113610 	 0.39 	 0.26
118234 	 123022 	 0.38 	 0.20
122171 	 101160 	 0.33 	 0.26
122171 	 122840 	 0.38 	 0.26
122171 	 125161 	 0.36 	 0.22
115883 	   8980 	 0.37 	 0.25
115883 	 102078 	 0.39 	 0.20
115883 	 113290 	 0.39 	 0.20
115883 	 122251 	 0.38 	 0.20
115883 	   5133 	 0.30 	 0.20
115883 	  91880 	 0.30 	 0.25
115883 	 116898 	 0.38 	 0.25
115883 	 121308 	 0.32 	 0.25
115883 	  94015 	 0.30 	 0.25
115883 	 117213 	 0.33 	 0.25
115883 	 109086 	 0.33 	 0.25
103973 	  80370 	 0.37 	 0.25
103973 	   8980 	 0.32 	 0.25
103973 	  91926 	 0.37 	 0.25
103973 	  65863 	 0.37 	 0.20
103973 	  94785 	 0.37 	 0.20
103973 	  48486 	 0.32 	 0.20
103973 	 119685 	 0.35 	 0.25
103973 	  94005 	 0.37 	 0.20
111227 	 125161 	 0.30 	 0.22
121157 	  52768 	 0.36 	 0.26
121157 	  53672 	 0.39 	 0.26
121157 	 105413 	 0.38 	 0.26
121157 	  48486 	 0.35 	 0.26
121157 	 101648 	 0.39 	 0.25
121157 	   3715 	 0.33 	 0.26
121157 	    514 	 0.33 	 0.26
 31394 	  58481 	 0.33 	 0.26
 81503 	  92753 	 0.33 	 0.26
 81503 	  39079 	 0.39 	 0.26
 81503 	  70752 	 0.36 	 0.26
 81503 	 105455 	 0.31 	 0.20
 81503 	 113027 	 0.36 	 0.26
 81503 	 114379 	 0.38 	 0.26
 81503 	 127649 	 0.33 	 0.20
 81503 	 118363 	 0.31 	 0.20
 81503 	 108127 	 0.35 	 0.26
 81503 	  73957 	 0.33 	 0.26
 81503 	  92527 	 0.31 	 0.20
 81503 	  75566 	 0.32 	 0.20
 81503 	  52786 	 0.39 	 0.26
 81503 	  94015 	 0.31 	 0.26
 81503 	  58883 	 0.36 	 0.26
116540 	   5543 	 0.33 	 0.26
116540 	  92865 	 0.39 	 0.26
116540 	  93950 	 0.33 	 0.20
116540 	 121308 	 0.33 	 0.26
116540 	 128471 	 0.33 	 0.26
116540 	 109086 	 0.32 	 0.26
123045 	 127102 	 0.32 	 0.20
123045 	 128844 	 0.32 	 0.20
123045 	 130983 	 0.32 	 0.20
123045 	 117081 	 0.31 	 0.20
123045 	 126216 	 0.32 	 0.25
123045 	   5133 	 0.30 	 0.20
123045 	 126974 	 0.37 	 0.20
  2268 	 128397 	 0.35 	 0.20
  2268 	   8980 	 0.31 	 0.26
  2268 	 101160 	 0.33 	 0.26
  2268 	 122840 	 0.35 	 0.26
  2268 	  93950 	 0.38 	 0.20
  2268 	 118363 	 0.32 	 0.20
  2268 	 100782 	 0.39 	 0.20
  2268 	  53106 	 0.34 	 0.20
  2268 	 126216 	 0.37 	 0.26
  2268 	  73957 	 0.38 	 0.26
  2268 	   2524 	 0.37 	 0.20
  2268 	  95781 	 0.38 	 0.26
  2268 	 115258 	 0.34 	 0.26
  7303 	 105200 	 0.36 	 0.22
  7303 	 109693 	 0.39 	 0.29
  7303 	  28241 	 0.36 	 0.22
  7303 	  91926 	 0.34 	 0.29
  7303 	 111407 	 0.34 	 0.22
  7303 	 108273 	 0.30 	 0.22
  7303 	  92527 	 0.30 	 0.22
  7303 	 108174 	 0.33 	 0.22
  7303 	   1531 	 0.37 	 0.29
  7303 	 107489 	 0.38 	 0.22
  7303 	 121308 	 0.35 	 0.29
  7303 	   2267 	 0.35 	 0.22
  7303 	 109399 	 0.33 	 0.22
  7303 	 117213 	 0.33 	 0.29
  7303 	  94005 	 0.32 	 0.22
  7303 	 109086 	 0.33 	 0.29
  7303 	 122171 	 0.36 	 0.22
126651 	 101365 	 0.39 	 0.25
 92509 	  94927 	 0.36 	 0.26
 92509 	  96511 	 0.30 	 0.26
 92509 	 130387 	 0.37 	 0.20
 92509 	 110641 	 0.38 	 0.26
 92509 	 130665 	 0.35 	 0.26
 92509 	 110571 	 0.39 	 0.26
 92509 	 101160 	 0.32 	 0.26
 92509 	 122840 	 0.34 	 0.26
 92509 	  99477 	 0.31 	 0.20
 92509 	 126216 	 0.36 	 0.26
 92509 	 129434 	 0.35 	 0.26
 92509 	 125161 	 0.30 	 0.22
 92509 	 122600 	 0.32 	 0.26
 92509 	 128471 	 0.39 	 0.26
 92509 	 126248 	 0.36 	 0.26
 92509 	 118432 	 0.35 	 0.26
 92509 	 103091 	 0.34 	 0.26
 92509 	   7303 	 0.38 	 0.22
 82242 	 126040 	 0.30 	 0.20
 82242 	  88333 	 0.33 	 0.26
 82242 	 126200 	 0.32 	 0.20
113681 	  91563 	 0.37 	 0.25
113681 	 109693 	 0.34 	 0.25
113681 	 101160 	 0.37 	 0.25
113681 	  91926 	 0.39 	 0.25
113681 	 122840 	 0.34 	 0.25
113681 	   8179 	 0.31 	 0.20
113681 	 120065 	 0.32 	 0.25
113681 	  52786 	 0.33 	 0.25
113681 	 105413 	 0.33 	 0.20
113681 	 116898 	 0.37 	 0.25
113681 	 117213 	 0.37 	 0.25
113681 	 109086 	 0.31 	 0.25
 75661 	  91926 	 0.36 	 0.21
 66563 	   8980 	 0.39 	 0.26
 66563 	  95442 	 0.34 	 0.20
 66563 	 122840 	 0.32 	 0.26
 66563 	 118363 	 0.37 	 0.20
 66563 	 126216 	 0.34 	 0.26
 66563 	  73957 	 0.38 	 0.26
 66563 	   2524 	 0.34 	 0.20
 66563 	   7303 	 0.38 	 0.22
 62878 	 127102 	 0.37 	 0.20
 62878 	  80370 	 0.30 	 0.26
 62878 	 128844 	 0.37 	 0.20
 62878 	 122022 	 0.32 	 0.26
 62878 	 130983 	 0.37 	 0.20
 62878 	 101160 	 0.30 	 0.26
 62878 	  91926 	 0.37 	 0.26
 62878 	 122840 	 0.32 	 0.26
 62878 	 127855 	 0.34 	 0.20
 62878 	   4363 	 0.34 	 0.20
 62878 	 118363 	 0.30 	 0.20
 62878 	  67846 	 0.31 	 0.20
 62878 	  53106 	 0.31 	 0.20
 62878 	 126216 	 0.34 	 0.26
 62878 	  73957 	 0.35 	 0.26
 62878 	 122945 	 0.38 	 0.26
 62878 	   2524 	 0.31 	 0.20
 62878 	  28201 	 0.34 	 0.20
 62878 	 103973 	 0.32 	 0.20
 62878 	   7303 	 0.35 	 0.22
100172 	  95573 	 0.36 	 0.26
100172 	 105455 	 0.34 	 0.25
100172 	  95603 	 0.31 	 0.26
100172 	   5103 	 0.31 	 0.26
100172 	  94602 	 0.33 	 0.29
100172 	 127221 	 0.37 	 0.26
100172 	 119717 	 0.38 	 0.26
100172 	  96223 	 0.38 	 0.26
100172 	 123976 	 0.36 	 0.26
108160 	  39079 	 0.32 	 0.25
108160 	  80370 	 0.35 	 0.25
108160 	 122022 	 0.37 	 0.25
108160 	   8980 	 0.33 	 0.25
108160 	 130780 	 0.37 	 0.25
108160 	 108185 	 0.37 	 0.25
108160 	 120065 	 0.35 	 0.25
108160 	  92527 	 0.30 	 0.20
108160 	  52786 	 0.34 	 0.25
108160 	 105413 	 0.30 	 0.20
108160 	 121308 	 0.35 	 0.25
108160 	  94015 	 0.38 	 0.25
108160 	 109086 	 0.39 	 0.25
108160 	 123022 	 0.39 	 0.20
 77586 	  52768 	 0.33 	 0.26
 77586 	 129131 	 0.38 	 0.21
 77586 	  94332 	 0.39 	 0.26
 77586 	  53672 	 0.35 	 0.26
 77586 	  94785 	 0.38 	 0.26
 77586 	   5103 	 0.33 	 0.26
 77586 	   2622 	 0.30 	 0.25
 77586 	  85142 	 0.33 	 0.26
 77586 	  66221 	 0.32 	 0.26
 77586 	 105413 	 0.39 	 0.26
 77586 	   3715 	 0.33 	 0.26
 77586 	    514 	 0.33 	 0.26
 77586 	 100744 	 0.35 	 0.26
 77586 	  81503 	 0.33 	 0.26
128300 	 126869 	 0.38 	 0.20
128300 	  91880 	 0.33 	 0.26
128300 	 120065 	 0.33 	 0.26
128300 	 111297 	 0.33 	 0.20
128300 	  94015 	 0.35 	 0.26
101850 	 108127 	 0.36 	 0.26
 50309 	   8980 	 0.39 	 0.23
 50309 	  91926 	 0.30 	 0.23
 91740 	 126721 	 0.35 	 0.21
 91740 	 117951 	 0.35 	 0.26
 91740 	  53106 	 0.37 	 0.25
 91740 	 130986 	 0.34 	 0.25
 91740 	 118768 	 0.39 	 0.26
 91740 	  28201 	 0.31 	 0.25
 70788 	  81305 	 0.39 	 0.21
 70788 	 205919 	 0.38 	 0.21
 70788 	  80370 	 0.36 	 0.21
 70788 	  82246 	 0.31 	 0.25
 70788 	  69026 	 0.32 	 0.21
 70788 	 122840 	 0.30 	 0.21
 70788 	  91880 	 0.30 	 0.21
 70788 	  10274 	 0.34 	 0.21
 70788 	  79768 	 0.32 	 0.21
 70788 	  81262 	 0.30 	 0.21
 70788 	  70314 	 0.34 	 0.21
 70788 	  31394 	 0.34 	 0.21
 70788 	  80885 	 0.34 	 0.21
103733 	   4793 	 0.32 	 0.26
103733 	 125161 	 0.33 	 0.22
103733 	  99159 	 0.34 	 0.26
103733 	 119685 	 0.37 	 0.26
103733 	 124881 	 0.38 	 0.26
106244 	 105200 	 0.33 	 0.26
100737 	 100909 	 0.35 	 0.26
108765 	  94927 	 0.35 	 0.26
108765 	  92014 	 0.37 	 0.20
108765 	 126869 	 0.31 	 0.20
108765 	 126040 	 0.32 	 0.20
108765 	  88333 	 0.36 	 0.26
108765 	   8980 	 0.39 	 0.26
108765 	  94264 	 0.30 	 0.20
108765 	 108185 	 0.33 	 0.26
108765 	 101510 	 0.34 	 0.20
108765 	 118363 	 0.39 	 0.20
108765 	 129434 	 0.38 	 0.26
108765 	   2622 	 0.32 	 0.20
108765 	  91880 	 0.36 	 0.26
108765 	 111666 	 0.36 	 0.26
108765 	  92527 	 0.36 	 0.20
108765 	   2251 	 0.33 	 0.26
108765 	 122600 	 0.38 	 0.26
108765 	  95409 	 0.39 	 0.26
108765 	 128471 	 0.31 	 0.26
108765 	  94015 	 0.34 	 0.26
108765 	 123022 	 0.39 	 0.20
119270 	  82246 	 0.34 	 0.21
119270 	  53672 	 0.34 	 0.26
119270 	  67846 	 0.31 	 0.25
119270 	 103296 	 0.30 	 0.26
119270 	  48486 	 0.34 	 0.26
119270 	  27623 	 0.30 	 0.26
119270 	   3715 	 0.31 	 0.26
126646 	 127242 	 0.31 	 0.25
126646 	 113290 	 0.38 	 0.26
126646 	 119111 	 0.34 	 0.26
126646 	 115173 	 0.35 	 0.26
126646 	 122251 	 0.38 	 0.26
126646 	 102481 	 0.34 	 0.25
126646 	  83275 	 0.31 	 0.26
126646 	 106697 	 0.34 	 0.26
126646 	 102995 	 0.34 	 0.26
126646 	 117950 	 0.30 	 0.26
126646 	 118234 	 0.30 	 0.26
126646 	 103973 	 0.32 	 0.25
108254 	 113027 	 0.35 	 0.26
108254 	 108127 	 0.34 	 0.26
103038 	 126646 	 0.39 	 0.26
126048 	 117081 	 0.38 	 0.26
126048 	 117951 	 0.36 	 0.26
126048 	 118768 	 0.38 	 0.26
 99548 	  59539 	 0.31 	 0.26
 99548 	  52768 	 0.34 	 0.26
 99548 	  94785 	 0.33 	 0.26
 99548 	 105413 	 0.38 	 0.26
 99548 	  27623 	 0.36 	 0.26
 99548 	   3715 	 0.38 	 0.26
 99548 	    514 	 0.31 	 0.26
 99548 	  65978 	 0.31 	 0.24
 86131 	  58481 	 0.30 	 0.26
 86131 	  70788 	 0.34 	 0.21
  7854 	 128397 	 0.33 	 0.20
  7854 	   8980 	 0.31 	 0.26
  7854 	 131018 	 0.36 	 0.26
  7854 	 101160 	 0.30 	 0.26
  7854 	 122840 	 0.32 	 0.26
  7854 	 129134 	 0.39 	 0.26
  7854 	  93950 	 0.38 	 0.20
  7854 	 118363 	 0.37 	 0.20
  7854 	 100782 	 0.39 	 0.20
  7854 	  53106 	 0.31 	 0.20
  7854 	 126216 	 0.37 	 0.26
  7854 	   2524 	 0.37 	 0.20
  7854 	 103973 	 0.37 	 0.20
  7854 	 106244 	 0.38 	 0.26
126574 	 114621 	 0.38 	 0.26
126574 	 107458 	 0.33 	 0.26
126574 	 100142 	 0.32 	 0.26
126574 	 100744 	 0.32 	 0.26
126574 	 108765 	 0.35 	 0.26
 66058 	 102380 	 0.36 	 0.23
 66058 	 126721 	 0.36 	 0.21
 66058 	 129960 	 0.37 	 0.21
 66058 	   5133 	 0.33 	 0.26
 66058 	 102481 	 0.35 	 0.25
 66058 	  92527 	 0.39 	 0.25
 66058 	  27623 	 0.36 	 0.26
 66058 	  98991 	 0.30 	 0.25
 66058 	 123022 	 0.32 	 0.25
 66058 	 113681 	 0.31 	 0.25
 66058 	 108160 	 0.30 	 0.25
 66058 	  70788 	 0.32 	 0.21
127707 	  76155 	 0.31 	 0.26
127707 	 102078 	 0.31 	 0.26
127707 	 117951 	 0.31 	 0.26
127707 	 105970 	 0.30 	 0.26
127707 	 119111 	 0.37 	 0.26
127707 	 101544 	 0.39 	 0.26
127707 	 122251 	 0.37 	 0.26
127707 	 125990 	 0.38 	 0.26
127707 	 102481 	 0.35 	 0.25
127707 	  83275 	 0.32 	 0.26
127707 	  92509 	 0.36 	 0.26
127707 	 108765 	 0.30 	 0.26
126274 	  91926 	 0.30 	 0.25
126274 	 113290 	 0.34 	 0.20
126274 	 100909 	 0.39 	 0.20
126274 	 118768 	 0.38 	 0.20
126274 	 101365 	 0.37 	 0.25
126274 	 110588 	 0.37 	 0.20
124069 	 105200 	 0.31 	 0.26
124069 	 105455 	 0.32 	 0.25
124069 	 116522 	 0.34 	 0.26
124069 	 101673 	 0.30 	 0.26
124069 	  94602 	 0.39 	 0.29
119890 	   5543 	 0.37 	 0.26
119890 	 127451 	 0.36 	 0.26
119890 	 109370 	 0.32 	 0.26
119890 	 108127 	 0.38 	 0.26
127382 	  94908 	 0.38 	 0.26
127382 	  99477 	 0.33 	 0.25
127382 	 105733 	 0.32 	 0.26
127382 	 103677 	 0.38 	 0.26
127382 	  27623 	 0.30 	 0.26
103084 	 109693 	 0.37 	 0.26
130419 	  15511 	 0.31 	 0.21
130419 	 109693 	 0.34 	 0.21
130419 	 101160 	 0.37 	 0.21
130419 	  91926 	 0.30 	 0.21
130419 	 131017 	 0.32 	 0.21
130419 	 109370 	 0.35 	 0.21
130419 	 120065 	 0.31 	 0.21
130419 	 128974 	 0.34 	 0.21
130419 	  96900 	 0.35 	 0.21
130419 	   2251 	 0.33 	 0.21
130419 	   1531 	 0.32 	 0.21
130419 	 116898 	 0.39 	 0.21
130419 	 109086 	 0.32 	 0.21
130419 	 129421 	 0.36 	 0.21
130419 	   7303 	 0.32 	 0.28
130419 	 126651 	 0.33 	 0.25
 68575 	  52768 	 0.38 	 0.26
 68575 	  94332 	 0.38 	 0.26
 68575 	  53672 	 0.34 	 0.26
 68575 	  43129 	 0.38 	 0.25
 68575 	   5133 	 0.36 	 0.26
 68575 	  85142 	 0.38 	 0.26
 68575 	  27623 	 0.30 	 0.26
 68575 	   3715 	 0.31 	 0.26
 68575 	    514 	 0.38 	 0.26
 68575 	  62878 	 0.39 	 0.26
117924 	  96511 	 0.33 	 0.26
117924 	 117891 	 0.30 	 0.26
117924 	 130665 	 0.36 	 0.26
117924 	 127649 	 0.32 	 0.20
117924 	 108185 	 0.38 	 0.26
117924 	 129434 	 0.39 	 0.26
117924 	   2622 	 0.38 	 0.20
117924 	 122600 	 0.34 	 0.26
117924 	 116898 	 0.36 	 0.26
117924 	 128471 	 0.34 	 0.26
117924 	 126646 	 0.34 	 0.26
117924 	 127707 	 0.33 	 0.26
128707 	 101510 	 0.36 	 0.25
128707 	   5133 	 0.38 	 0.26
128707 	  48486 	 0.33 	 0.26
128707 	 126651 	 0.37 	 0.25
126992 	  96113 	 0.30 	 0.20
126992 	 120998 	 0.39 	 0.20
126992 	 108174 	 0.31 	 0.20
126992 	  92509 	 0.37 	 0.20
126992 	 108765 	 0.31 	 0.20
 96495 	 119680 	 0.38 	 0.26
 96495 	 125161 	 0.34 	 0.22
 96495 	 111666 	 0.38 	 0.26
 96495 	  98252 	 0.37 	 0.20
 96495 	 100172 	 0.32 	 0.26
 51984 	  91926 	 0.33 	 0.25
 51984 	  62878 	 0.30 	 0.20
101248 	  58481 	 0.31 	 0.26
101248 	 105815 	 0.39 	 0.26
101248 	 114673 	 0.38 	 0.26
101248 	  92527 	 0.30 	 0.25
101248 	  27623 	 0.34 	 0.26
101248 	 126974 	 0.34 	 0.25
124765 	  96511 	 0.37 	 0.26
124765 	 126869 	 0.34 	 0.20
124765 	 106205 	 0.39 	 0.20
124765 	 105455 	 0.39 	 0.20
124765 	   5646 	 0.35 	 0.26
124765 	  93950 	 0.39 	 0.20
124765 	 102383 	 0.39 	 0.20
124765 	 125161 	 0.36 	 0.22
124765 	  94602 	 0.35 	 0.22
124765 	  98991 	 0.35 	 0.20
124765 	 126574 	 0.34 	 0.26
 95929 	  94927 	 0.39 	 0.26
 97187 	  91926 	 0.31 	 0.25
 97187 	  53672 	 0.37 	 0.20
 97187 	   2996 	 0.38 	 0.20
 97187 	  27623 	 0.30 	 0.20
 90122 	  82246 	 0.37 	 0.21
