 80370 	  95573 	 0.60 	 0.11
 76155 	  80370 	 0.60 	 0.11
125052 	  88333 	 0.61 	 0.16
124999 	  88333 	 0.61 	 0.16
103813 	 127533 	 0.66 	 0.16
101160 	 127533 	 0.63 	 0.11
101160 	 101280 	 0.63 	 0.11
 95603 	 100225 	 0.68 	 0.16
 90147 	  76155 	 0.69 	 0.16
 91926 	 105200 	 0.64 	 0.11
 92250 	 122022 	 0.69 	 0.11
 92250 	 130780 	 0.65 	 0.11
102078 	 118052 	 0.68 	 0.16
111407 	  92250 	 0.62 	 0.16
105970 	 122022 	 0.64 	 0.11
127451 	 126869 	 0.62 	 0.14
101544 	 118052 	 0.65 	 0.16
101544 	 100225 	 0.63 	 0.16
101544 	  95573 	 0.66 	 0.16
101544 	 107934 	 0.61 	 0.16
101892 	 105815 	 0.60 	 0.16
130986 	 114379 	 0.65 	 0.14
 94785 	  95573 	 0.60 	 0.16
115173 	 100225 	 0.66 	 0.16
115173 	  95573 	 0.68 	 0.16
115173 	 107934 	 0.63 	 0.16
115173 	  92250 	 0.61 	 0.16
115173 	 119111 	 0.63 	 0.16
115173 	 101544 	 0.63 	 0.16
124419 	  82555 	 0.61 	 0.11
124419 	 107934 	 0.60 	 0.11
124419 	 115173 	 0.63 	 0.11
116522 	  95573 	 0.61 	 0.16
116522 	  95603 	 0.61 	 0.16
116522 	  91926 	 0.61 	 0.11
120065 	 111407 	 0.66 	 0.11
 96012 	 100225 	 0.64 	 0.11
111666 	 103813 	 0.63 	 0.11
 73957 	 101544 	 0.67 	 0.11
 73957 	 115173 	 0.60 	 0.11
118768 	 102078 	 0.68 	 0.16
128974 	  96738 	 0.66 	 0.11
 99159 	 100225 	 0.62 	 0.11
 99159 	  95573 	 0.64 	 0.11
 99159 	 101544 	 0.66 	 0.11
 99159 	 115173 	 0.62 	 0.11
122945 	 118052 	 0.60 	 0.11
122945 	  95573 	 0.60 	 0.11
122945 	 115173 	 0.68 	 0.11
107458 	  76155 	 0.66 	 0.16
107458 	 122022 	 0.69 	 0.11
107458 	 111407 	 0.62 	 0.16
107458 	 105815 	 0.69 	 0.16
 96900 	 113401 	 0.61 	 0.11
 96900 	  96738 	 0.63 	 0.11
120998 	  95573 	 0.65 	 0.16
120998 	  80370 	 0.64 	 0.11
120998 	  91926 	 0.64 	 0.11
120998 	  92250 	 0.60 	 0.16
120998 	 114535 	 0.60 	 0.16
120998 	 111407 	 0.60 	 0.16
120998 	  65863 	 0.64 	 0.16
120998 	  94785 	 0.64 	 0.16
120998 	 116522 	 0.61 	 0.16
120998 	 107458 	 0.60 	 0.16
110588 	 127533 	 0.60 	 0.16
108174 	 105200 	 0.69 	 0.16
108174 	 111407 	 0.60 	 0.16
108174 	  65863 	 0.60 	 0.16
108174 	  58481 	 0.69 	 0.16
108174 	  70646 	 0.64 	 0.11
108174 	  94785 	 0.60 	 0.16
108174 	 107458 	 0.60 	 0.16
108174 	 120998 	 0.60 	 0.16
 90137 	  76155 	 0.69 	 0.16
107489 	  95603 	 0.61 	 0.16
107489 	  91926 	 0.61 	 0.11
107489 	  92250 	 0.64 	 0.16
107489 	 111407 	 0.60 	 0.16
107489 	  94785 	 0.61 	 0.16
107489 	 107458 	 0.64 	 0.16
117884 	  96511 	 0.67 	 0.11
117884 	 100225 	 0.66 	 0.16
117884 	  95573 	 0.68 	 0.16
117884 	 101544 	 0.63 	 0.16
117884 	  96012 	 0.63 	 0.11
117884 	  99159 	 0.62 	 0.11
117884 	 122945 	 0.64 	 0.11
117884 	 119617 	 0.65 	 0.11
101648 	  97838 	 0.64 	 0.16
127221 	 130780 	 0.66 	 0.11
 34379 	 114379 	 0.62 	 0.18
 95781 	 102078 	 0.60 	 0.11
124177 	 107934 	 0.63 	 0.16
124177 	  92250 	 0.61 	 0.16
124177 	  85972 	 0.62 	 0.11
124177 	 107489 	 0.63 	 0.16
100142 	 131017 	 0.62 	 0.11
100142 	 101365 	 0.62 	 0.11
124225 	 127533 	 0.61 	 0.16
124225 	 101280 	 0.65 	 0.16
124225 	 103813 	 0.65 	 0.16
124225 	 130217 	 0.65 	 0.16
 99213 	 117884 	 0.63 	 0.11
 98469 	 110641 	 0.61 	 0.18
 98469 	 117884 	 0.67 	 0.11
119685 	 119111 	 0.60 	 0.11
119685 	 115173 	 0.62 	 0.11
126248 	 100225 	 0.60 	 0.11
120346 	 118052 	 0.61 	 0.16
120346 	  91848 	 0.60 	 0.16
  2267 	 120998 	 0.60 	 0.16
107890 	 113027 	 0.66 	 0.11
107890 	 107489 	 0.66 	 0.16
 95790 	 100225 	 0.68 	 0.16
 95790 	 120998 	 0.65 	 0.16
101486 	 107934 	 0.61 	 0.11
101486 	 117884 	 0.62 	 0.11
101809 	 117884 	 0.65 	 0.11
101809 	 124177 	 0.66 	 0.11
 95513 	 113401 	 0.68 	 0.11
 95513 	  96738 	 0.60 	 0.11
 94005 	 120998 	 0.60 	 0.16
123976 	  96738 	 0.62 	 0.16
123976 	 101544 	 0.62 	 0.16
123976 	 115173 	 0.68 	 0.16
123976 	 120998 	 0.65 	 0.16
123976 	 117884 	 0.65 	 0.16
129747 	 103813 	 0.66 	 0.16
129747 	 110588 	 0.60 	 0.16
129747 	 124225 	 0.68 	 0.16
117950 	 101673 	 0.61 	 0.16
109086 	  82555 	 0.63 	 0.11
109086 	 111407 	 0.64 	 0.11
109086 	  94785 	 0.66 	 0.11
109086 	 105413 	 0.60 	 0.11
124881 	  82555 	 0.61 	 0.11
124881 	 107934 	 0.60 	 0.11
129421 	 105970 	 0.66 	 0.11
129421 	 101892 	 0.62 	 0.11
113610 	 126626 	 0.69 	 0.18
113610 	 129644 	 0.62 	 0.18
113610 	 111666 	 0.61 	 0.18
113610 	 117884 	 0.63 	 0.11
110898 	 127533 	 0.66 	 0.16
110898 	 101544 	 0.60 	 0.16
110898 	  73957 	 0.65 	 0.11
110898 	 122945 	 0.64 	 0.11
110898 	 126248 	 0.62 	 0.11
110898 	 129747 	 0.66 	 0.16
110898 	 113610 	 0.63 	 0.11
 58883 	 107458 	 0.60 	 0.11
110974 	 127533 	 0.66 	 0.16
110974 	  98469 	 0.67 	 0.11
110974 	 129747 	 0.66 	 0.16
121157 	 100225 	 0.69 	 0.11
121157 	 115173 	 0.60 	 0.11
  2268 	 120998 	 0.60 	 0.16
 92509 	  80370 	 0.61 	 0.11
 92509 	 105200 	 0.66 	 0.16
 92509 	  91926 	 0.61 	 0.11
 92509 	 114535 	 0.61 	 0.16
 92509 	 111407 	 0.64 	 0.16
 92509 	 120998 	 0.66 	 0.16
 92509 	 107489 	 0.62 	 0.16
 92509 	   2267 	 0.61 	 0.16
 92509 	  94005 	 0.61 	 0.16
 92509 	   2268 	 0.61 	 0.16
 82242 	 105200 	 0.64 	 0.16
 82242 	  65863 	 0.68 	 0.16
 82242 	 120998 	 0.64 	 0.16
 82242 	 108174 	 0.64 	 0.16
 82242 	 107489 	 0.61 	 0.16
 82242 	 105413 	 0.67 	 0.16
 66563 	 120998 	 0.60 	 0.16
 77586 	 105970 	 0.61 	 0.11
101850 	  76155 	 0.63 	 0.16
101850 	 107934 	 0.62 	 0.16
101850 	 102078 	 0.68 	 0.16
101850 	  73957 	 0.64 	 0.11
101850 	 122945 	 0.69 	 0.11
101850 	 122891 	 0.63 	 0.16
103733 	 129208 	 0.65 	 0.11
106244 	 110898 	 0.61 	 0.11
100737 	 117884 	 0.65 	 0.11
100737 	 124177 	 0.66 	 0.11
100737 	 101850 	 0.67 	 0.11
119270 	  92250 	 0.62 	 0.11
119270 	 115173 	 0.61 	 0.11
119270 	 124177 	 0.61 	 0.11
119270 	 107890 	 0.63 	 0.11
108254 	 110588 	 0.60 	 0.16
103038 	  95603 	 0.68 	 0.16
103038 	 119111 	 0.63 	 0.16
103038 	 119685 	 0.62 	 0.11
126048 	 107934 	 0.65 	 0.11
126048 	 110898 	 0.61 	 0.11
  7854 	 120998 	 0.60 	 0.16
 66058 	 120998 	 0.64 	 0.11
 66058 	 107489 	 0.61 	 0.11
 66058 	  94005 	 0.68 	 0.11
 66058 	  92509 	 0.61 	 0.11
124069 	 111666 	 0.64 	 0.18
124069 	 117884 	 0.61 	 0.11
124069 	 110898 	 0.61 	 0.11
119890 	  91926 	 0.61 	 0.11
119890 	 117081 	 0.64 	 0.16
119890 	 114535 	 0.61 	 0.16
119890 	  58481 	 0.66 	 0.16
119890 	  70646 	 0.61 	 0.11
119890 	 105815 	 0.63 	 0.16
119890 	 101892 	 0.63 	 0.16
119890 	 120998 	 0.61 	 0.16
119890 	  94005 	 0.61 	 0.16
119890 	  92509 	 0.62 	 0.16
119890 	  66563 	 0.61 	 0.16
119890 	  66058 	 0.61 	 0.11
 68575 	  92250 	 0.62 	 0.11
117924 	 110588 	 0.60 	 0.16
128707 	   7012 	 0.62 	 0.11
128707 	  92250 	 0.65 	 0.11
 96495 	 100225 	 0.62 	 0.16
 96495 	 107934 	 0.60 	 0.16
 96495 	 101544 	 0.60 	 0.16
 96495 	 115173 	 0.62 	 0.16
 96495 	 120998 	 0.62 	 0.16
 96495 	 107489 	 0.66 	 0.16
105872 	 105156 	 0.66 	 0.11
124365 	 100225 	 0.62 	 0.11
124365 	 110898 	 0.61 	 0.11
124365 	 101850 	 0.60 	 0.11
 97422 	 110641 	 0.61 	 0.18
 97422 	 117884 	 0.67 	 0.11
 97422 	 110974 	 0.67 	 0.11
128822 	 110268 	 0.64 	 0.18
128822 	 100142 	 0.62 	 0.11
128822 	 100744 	 0.62 	 0.11
128822 	 128707 	 0.67 	 0.18
128975 	 130387 	 0.60 	 0.11
123702 	 110641 	 0.62 	 0.18
123702 	 100225 	 0.67 	 0.11
123702 	 126626 	 0.67 	 0.18
123702 	 128471 	 0.64 	 0.18
102759 	 117884 	 0.63 	 0.11
125108 	  88333 	 0.63 	 0.16
125108 	  94367 	 0.63 	 0.16
113639 	 100225 	 0.62 	 0.16
113639 	 120998 	 0.62 	 0.16
113639 	 107489 	 0.66 	 0.16
113639 	 101809 	 0.66 	 0.11
113639 	 101850 	 0.67 	 0.16
113639 	 100737 	 0.66 	 0.11
113639 	 127382 	 0.60 	 0.11
 94032 	 117884 	 0.61 	 0.11
 98993 	 100225 	 0.62 	 0.11
 98993 	  95573 	 0.64 	 0.11
 98993 	 101544 	 0.66 	 0.11
 98993 	 115173 	 0.62 	 0.11
 98993 	 117884 	 0.62 	 0.11
 98993 	 123976 	 0.68 	 0.11
 98993 	 101850 	 0.60 	 0.11
 98993 	 113639 	 0.62 	 0.11
129520 	 113681 	 0.61 	 0.16
 50841 	  92250 	 0.65 	 0.11
 50841 	 126974 	 0.65 	 0.14
117925 	  95603 	 0.63 	 0.16
119808 	 108174 	 0.61 	 0.16
101626 	 100225 	 0.66 	 0.16
101626 	  95573 	 0.68 	 0.16
101626 	 107934 	 0.63 	 0.16
101626 	  92250 	 0.61 	 0.16
101626 	 119111 	 0.63 	 0.16
101626 	 101544 	 0.63 	 0.16
101626 	 124419 	 0.60 	 0.11
101626 	  73957 	 0.60 	 0.11
101626 	  99159 	 0.65 	 0.11
101626 	 122945 	 0.65 	 0.11
101626 	 127221 	 0.62 	 0.16
101626 	 124177 	 0.63 	 0.16
101626 	 119685 	 0.62 	 0.11
101626 	 123976 	 0.65 	 0.16
101626 	 121157 	 0.60 	 0.11
101626 	 101850 	 0.61 	 0.16
101626 	  96495 	 0.62 	 0.16
101626 	  98993 	 0.65 	 0.11
101626 	  50841 	 0.60 	 0.11
 61674 	 107458 	 0.60 	 0.11
 92153 	 100782 	 0.67 	 0.14
 92153 	  97464 	 0.67 	 0.14
 95496 	 103733 	 0.67 	 0.16
 97373 	 117884 	 0.65 	 0.11
 97373 	 124177 	 0.60 	 0.11
124281 	 115173 	 0.65 	 0.16
124281 	 110974 	 0.68 	 0.16
124281 	 103038 	 0.65 	 0.16
124281 	 101626 	 0.65 	 0.16
111453 	 113027 	 0.63 	 0.16
 64212 	 119890 	 0.61 	 0.16
116362 	 124281 	 0.60 	 0.10
105591 	 127242 	 0.67 	 0.12
105591 	 126721 	 0.67 	 0.10
105591 	 128975 	 0.67 	 0.12
122396 	 118052 	 0.62 	 0.16
118243 	 118052 	 0.62 	 0.16
118243 	 101486 	 0.64 	 0.11
118243 	 101850 	 0.68 	 0.16
100687 	 108185 	 0.62 	 0.11
123347 	 130780 	 0.69 	 0.11
123347 	 117081 	 0.62 	 0.16
123347 	 131017 	 0.60 	 0.11
123347 	 122945 	 0.60 	 0.11
123347 	 108174 	 0.60 	 0.16
123347 	 119270 	 0.62 	 0.11
123347 	 103038 	 0.61 	 0.16
123347 	 128707 	 0.69 	 0.11
123347 	  94367 	 0.60 	 0.11
 58385 	 107458 	 0.60 	 0.11
105144 	  82242 	 0.60 	 0.11
130531 	 113639 	 0.60 	 0.11
130531 	 123347 	 0.66 	 0.11
 92655 	 113639 	 0.61 	 0.11
 92655 	 123347 	 0.60 	 0.11
113084 	  95573 	 0.62 	 0.16
113084 	 130780 	 0.61 	 0.11
113084 	 107458 	 0.69 	 0.16
113084 	 120998 	 0.62 	 0.16
113084 	 107489 	 0.67 	 0.16
113084 	  95790 	 0.62 	 0.16
113084 	 123976 	 0.62 	 0.16
113084 	 128822 	 0.67 	 0.11
113084 	  50841 	 0.61 	 0.11
 98306 	 127533 	 0.63 	 0.16
 98306 	 119111 	 0.61 	 0.16
 98306 	 129747 	 0.63 	 0.16
 98306 	 117925 	 0.65 	 0.16
 98306 	 124281 	 0.62 	 0.16
