 88141 	  94927 	 0.19 	 0.08
 59539 	 100617 	 0.14 	 0.07
118052 	   9595 	 0.18 	 0.07
 39337 	   9595 	 0.10 	 0.02
 39337 	  88141 	 0.18 	 0.03
117976 	  39337 	 0.14 	 0.04
 81305 	  39337 	 0.19 	 0.03
 50275 	   4793 	 0.10 	 0.03
 93163 	  88141 	 0.18 	 0.08
 93163 	  81305 	 0.13 	 0.08
 92014 	   9595 	 0.10 	 0.09
 91563 	   4793 	 0.12 	 0.02
100225 	   9595 	 0.18 	 0.07
 95573 	   9595 	 0.15 	 0.07
 80076 	  59539 	 0.12 	 0.09
 80076 	  50275 	 0.14 	 0.09
 78533 	 100617 	 0.11 	 0.07
 78533 	  94908 	 0.18 	 0.04
 78533 	 130387 	 0.15 	 0.09
 78533 	 102380 	 0.18 	 0.08
 78533 	  39337 	 0.16 	 0.04
 78533 	 110641 	 0.13 	 0.03
126869 	  78533 	 0.15 	 0.09
 97838 	  78533 	 0.14 	 0.07
 82555 	   4793 	 0.11 	 0.03
 52768 	   4793 	 0.10 	 0.03
 52768 	  80076 	 0.19 	 0.09
  2986 	 100617 	 0.19 	 0.07
  2986 	 130387 	 0.18 	 0.09
  2986 	  80076 	 0.15 	 0.09
  2986 	 126869 	 0.18 	 0.09
  5543 	  80076 	 0.17 	 0.06
126040 	  78533 	 0.16 	 0.09
126040 	   2986 	 0.19 	 0.09
 62372 	 100617 	 0.19 	 0.07
 62372 	  39337 	 0.19 	 0.04
 75030 	  50275 	 0.19 	 0.09
106205 	  59539 	 0.18 	 0.09
106205 	  78533 	 0.10 	 0.09
105200 	   4793 	 0.17 	 0.03
105200 	  80076 	 0.18 	 0.09
 15511 	  39337 	 0.17 	 0.03
 66388 	  50275 	 0.16 	 0.07
114621 	   9595 	 0.18 	 0.07
 99902 	  59539 	 0.15 	 0.07
 99902 	  78533 	 0.12 	 0.07
 96738 	   9595 	 0.18 	 0.07
130780 	   9595 	 0.15 	 0.05
107934 	   9595 	 0.19 	 0.07
131018 	   9595 	 0.15 	 0.05
126200 	  78533 	 0.11 	 0.09
126626 	  59539 	 0.18 	 0.03
126626 	  78533 	 0.10 	 0.03
  9967 	  59539 	 0.11 	 0.02
  9967 	  50275 	 0.15 	 0.02
  9967 	  91563 	 0.17 	 0.01
  9967 	  78533 	 0.18 	 0.02
  9967 	  82555 	 0.10 	 0.02
  9967 	  52768 	 0.13 	 0.02
  9967 	   2986 	 0.12 	 0.02
  9967 	   5543 	 0.19 	 0.04
  9967 	 105200 	 0.19 	 0.02
113027 	  81305 	 0.16 	 0.08
 28241 	   9967 	 0.19 	 0.02
 82246 	  94927 	 0.15 	 0.02
 82246 	   4793 	 0.17 	 0.02
 82246 	 117891 	 0.14 	 0.02
 82246 	 117976 	 0.18 	 0.03
 82246 	 110641 	 0.17 	 0.02
 82246 	 119680 	 0.19 	 0.02
 82246 	 126869 	 0.18 	 0.02
 82246 	 126040 	 0.19 	 0.02
 82246 	  62372 	 0.17 	 0.03
 82246 	  18307 	 0.13 	 0.03
 82246 	 126626 	 0.17 	 0.02
114379 	   4793 	 0.17 	 0.02
114379 	  81305 	 0.11 	 0.08
 51213 	 100617 	 0.14 	 0.07
 51213 	  39337 	 0.16 	 0.04
 51213 	  97838 	 0.19 	 0.07
 51213 	  75030 	 0.14 	 0.09
 51213 	  99902 	 0.16 	 0.07
 51213 	 129131 	 0.19 	 0.07
 51213 	 105455 	 0.14 	 0.09
 51213 	 126626 	 0.18 	 0.03
 51213 	 131151 	 0.16 	 0.09
126721 	  51213 	 0.19 	 0.07
 29716 	   9595 	 0.18 	 0.07
 29716 	  90154 	 0.13 	 0.05
 29716 	  80076 	 0.14 	 0.09
 29716 	 126869 	 0.19 	 0.09
 29716 	  82246 	 0.19 	 0.03
 29716 	 126721 	 0.18 	 0.07
110268 	  90154 	 0.10 	 0.04
 85402 	 113401 	 0.15 	 0.09
 85402 	  92753 	 0.14 	 0.06
 85402 	  88141 	 0.17 	 0.06
 85402 	 118052 	 0.13 	 0.09
 85402 	 119680 	 0.17 	 0.06
 85402 	 100225 	 0.15 	 0.09
 85402 	  95573 	 0.11 	 0.09
 85402 	  80370 	 0.13 	 0.06
 85402 	  76155 	 0.17 	 0.09
 85402 	 114621 	 0.10 	 0.09
 85402 	 109693 	 0.12 	 0.06
 85402 	  96738 	 0.13 	 0.09
 85402 	 125052 	 0.12 	 0.03
 85402 	 131018 	 0.12 	 0.06
 85402 	  82246 	 0.10 	 0.02
 85402 	  93171 	 0.14 	 0.06
 85402 	  51213 	 0.11 	 0.09
 85402 	 110268 	 0.16 	 0.06
 95603 	   9595 	 0.13 	 0.07
 95603 	  85402 	 0.10 	 0.09
 63310 	 127102 	 0.17 	 0.09
 63310 	 128844 	 0.17 	 0.09
 63310 	 130983 	 0.17 	 0.09
 63310 	  82246 	 0.18 	 0.03
 10217 	 113401 	 0.12 	 0.03
 10217 	  94908 	 0.17 	 0.03
 10217 	  39337 	 0.15 	 0.03
 10217 	 119680 	 0.17 	 0.02
 10217 	 105200 	 0.17 	 0.03
 10217 	  96738 	 0.12 	 0.03
 10217 	 107934 	 0.19 	 0.03
 10217 	  95603 	 0.16 	 0.03
 66308 	  59539 	 0.16 	 0.07
 66308 	  85402 	 0.13 	 0.09
 91926 	   4793 	 0.12 	 0.02
 91926 	   9967 	 0.16 	 0.01
  7012 	   9595 	 0.18 	 0.07
  7012 	  85402 	 0.12 	 0.09
117081 	  85402 	 0.10 	 0.09
 92865 	   9595 	 0.14 	 0.05
 92865 	  10217 	 0.18 	 0.02
  5646 	   5543 	 0.19 	 0.08
 92250 	   9595 	 0.11 	 0.07
 92250 	  10217 	 0.14 	 0.03
 82503 	 106567 	 0.19 	 0.05
 82503 	   4793 	 0.16 	 0.01
 82503 	 117976 	 0.12 	 0.07
 82503 	  62372 	 0.12 	 0.07
 82503 	  18307 	 0.12 	 0.07
 82503 	   9967 	 0.18 	 0.01
 82503 	  51213 	 0.12 	 0.07
 82503 	  29716 	 0.19 	 0.07
 82503 	  63310 	 0.16 	 0.07
 94332 	 126869 	 0.19 	 0.09
 69026 	  39337 	 0.19 	 0.03
 69026 	  93163 	 0.10 	 0.08
 69026 	  39079 	 0.12 	 0.08
 69026 	 113027 	 0.16 	 0.08
 69026 	 114379 	 0.10 	 0.08
114535 	   4793 	 0.14 	 0.03
 96113 	  94927 	 0.19 	 0.03
 96113 	   4793 	 0.19 	 0.03
 96113 	 130665 	 0.17 	 0.03
 96113 	  80076 	 0.12 	 0.02
 96113 	  97838 	 0.18 	 0.02
 96113 	  66388 	 0.14 	 0.02
 96113 	 126626 	 0.19 	 0.03
 96113 	  65408 	 0.16 	 0.04
 96113 	  63310 	 0.15 	 0.04
 96113 	  10217 	 0.16 	 0.03
 96113 	  95442 	 0.18 	 0.02
 96113 	   5646 	 0.16 	 0.03
129859 	  78533 	 0.19 	 0.06
102078 	  85402 	 0.12 	 0.09
102503 	  50275 	 0.19 	 0.09
102503 	  51213 	 0.15 	 0.09
 94264 	  51213 	 0.15 	 0.09
111407 	   4793 	 0.15 	 0.03
111407 	   9967 	 0.19 	 0.02
113290 	   9595 	 0.15 	 0.07
113290 	  85402 	 0.17 	 0.09
113290 	  10217 	 0.14 	 0.03
122840 	  90154 	 0.13 	 0.04
122840 	  15511 	 0.19 	 0.08
100909 	  51213 	 0.19 	 0.04
100909 	  85402 	 0.17 	 0.02
100909 	  10217 	 0.12 	 0.03
 65863 	   4793 	 0.14 	 0.03
 65863 	   9967 	 0.18 	 0.02
 53672 	  80076 	 0.15 	 0.09
108185 	  85402 	 0.16 	 0.06
 99477 	  59539 	 0.18 	 0.09
 99477 	  78533 	 0.15 	 0.09
 99477 	  82555 	 0.18 	 0.09
 99477 	  82246 	 0.16 	 0.02
 99477 	  51213 	 0.19 	 0.09
117951 	   9595 	 0.18 	 0.07
117951 	  85402 	 0.13 	 0.09
117951 	  10217 	 0.12 	 0.03
105970 	   9595 	 0.12 	 0.07
105970 	   4793 	 0.16 	 0.03
105970 	  10217 	 0.18 	 0.03
 75641 	 118052 	 0.12 	 0.04
 75641 	  62372 	 0.19 	 0.04
 75641 	  76155 	 0.14 	 0.04
 75641 	  96738 	 0.12 	 0.04
 75641 	  29716 	 0.17 	 0.04
 75641 	 117951 	 0.12 	 0.04
129134 	   9595 	 0.19 	 0.01
131017 	   9595 	 0.14 	 0.05
131017 	  10217 	 0.19 	 0.02
101510 	  59539 	 0.19 	 0.09
101510 	  51213 	 0.17 	 0.09
 44074 	 100617 	 0.14 	 0.07
 44074 	 130387 	 0.15 	 0.09
 44074 	   4793 	 0.18 	 0.03
 44074 	 102380 	 0.18 	 0.08
 44074 	  39337 	 0.19 	 0.04
 44074 	 110641 	 0.16 	 0.03
 44074 	 126869 	 0.15 	 0.09
 44074 	 126040 	 0.16 	 0.09
 44074 	 106205 	 0.13 	 0.09
 44074 	  99902 	 0.15 	 0.07
 44074 	 125052 	 0.19 	 0.06
 44074 	 126200 	 0.19 	 0.09
 44074 	 126626 	 0.18 	 0.03
 44074 	   9967 	 0.13 	 0.02
 44074 	 124999 	 0.19 	 0.06
 44074 	 131151 	 0.19 	 0.09
 44074 	 129859 	 0.17 	 0.06
 44074 	 102503 	 0.17 	 0.09
 44074 	  94264 	 0.13 	 0.09
 44074 	  99477 	 0.18 	 0.09
 44074 	 101510 	 0.15 	 0.09
116115 	   9595 	 0.11 	 0.07
116115 	 100617 	 0.19 	 0.07
116115 	  80076 	 0.12 	 0.09
116115 	  66388 	 0.13 	 0.07
116115 	   9967 	 0.17 	 0.02
116115 	  10217 	 0.14 	 0.03
116115 	  66308 	 0.16 	 0.07
116115 	  95442 	 0.19 	 0.09
116115 	  72459 	 0.13 	 0.05
116115 	 101510 	 0.17 	 0.09
127451 	  85402 	 0.12 	 0.06
 85890 	  92753 	 0.15 	 0.08
 85890 	  80370 	 0.15 	 0.08
 85890 	 109693 	 0.15 	 0.08
 85890 	 125052 	 0.14 	 0.09
 85890 	 131018 	 0.14 	 0.08
 85890 	  93171 	 0.17 	 0.08
 85890 	 129134 	 0.14 	 0.02
 67362 	 100617 	 0.14 	 0.07
 67362 	 130387 	 0.14 	 0.09
 67362 	   4793 	 0.17 	 0.03
 67362 	 102380 	 0.13 	 0.08
 67362 	 126869 	 0.13 	 0.09
 67362 	 126040 	 0.13 	 0.09
 67362 	 126626 	 0.17 	 0.03
 67362 	 131151 	 0.14 	 0.09
 67362 	  85402 	 0.10 	 0.09
 67362 	 102503 	 0.16 	 0.09
 67362 	  99477 	 0.18 	 0.09
 31770 	 113401 	 0.10 	 0.06
 31770 	  62372 	 0.18 	 0.06
 31770 	  18307 	 0.17 	 0.06
 31770 	  29716 	 0.12 	 0.06
 31770 	 101160 	 0.11 	 0.04
 31770 	  90147 	 0.10 	 0.06
 31770 	 122840 	 0.10 	 0.04
119325 	  51213 	 0.17 	 0.09
119325 	  67362 	 0.18 	 0.09
129644 	  82246 	 0.15 	 0.02
 70646 	   4793 	 0.18 	 0.02
101544 	  85402 	 0.11 	 0.09
 67846 	  82555 	 0.19 	 0.09
100782 	  51213 	 0.16 	 0.09
100782 	  96113 	 0.17 	 0.02
105815 	   9595 	 0.15 	 0.07
 81306 	  39337 	 0.13 	 0.02
 81306 	 100225 	 0.16 	 0.09
 81306 	  95573 	 0.17 	 0.09
 81306 	  76155 	 0.19 	 0.09
 81306 	  29716 	 0.19 	 0.09
 81306 	  95603 	 0.15 	 0.09
 81306 	  90147 	 0.19 	 0.09
 81306 	  96113 	 0.11 	 0.02
 81306 	 105970 	 0.19 	 0.09
 81306 	 116115 	 0.11 	 0.09
101892 	   9595 	 0.15 	 0.07
101892 	  85402 	 0.10 	 0.09
101892 	  75641 	 0.10 	 0.04
101892 	  81306 	 0.15 	 0.09
126216 	 100617 	 0.19 	 0.05
126216 	   4793 	 0.18 	 0.02
126216 	 106205 	 0.17 	 0.06
126216 	  15511 	 0.19 	 0.08
126216 	  99902 	 0.19 	 0.05
126216 	   5646 	 0.19 	 0.08
 85972 	  85890 	 0.18 	 0.08
129434 	  82246 	 0.14 	 0.02
129434 	  96113 	 0.17 	 0.03
 94785 	   4793 	 0.14 	 0.03
 94785 	   9967 	 0.18 	 0.02
104295 	  88141 	 0.19 	 0.03
104295 	  78533 	 0.13 	 0.04
104295 	  85402 	 0.12 	 0.02
104295 	  75641 	 0.11 	 0.01
124419 	   9595 	 0.14 	 0.05
124419 	  85402 	 0.10 	 0.06
124419 	  85890 	 0.13 	 0.08
124419 	  81306 	 0.17 	 0.06
128492 	  82246 	 0.16 	 0.02
 91637 	  78533 	 0.15 	 0.09
102383 	  51213 	 0.17 	 0.09
  2332 	 100617 	 0.11 	 0.07
  2332 	  94908 	 0.18 	 0.04
  2332 	 130387 	 0.15 	 0.09
  2332 	 102380 	 0.18 	 0.08
  2332 	  39337 	 0.16 	 0.04
  2332 	 110641 	 0.11 	 0.03
  2332 	 126869 	 0.15 	 0.09
  2332 	  97838 	 0.14 	 0.07
  2332 	 126040 	 0.16 	 0.09
  2332 	 106205 	 0.10 	 0.09
  2332 	  99902 	 0.12 	 0.07
  2332 	 126200 	 0.11 	 0.09
  2332 	 126626 	 0.10 	 0.03
  2332 	   9967 	 0.18 	 0.02
  2332 	 129859 	 0.17 	 0.06
  2332 	  99477 	 0.13 	 0.09
  2332 	 104295 	 0.13 	 0.04
  2332 	  91637 	 0.15 	 0.09
  2332 	 102383 	 0.10 	 0.09
122251 	  10217 	 0.19 	 0.03
 68681 	  92753 	 0.17 	 0.08
 68681 	  39337 	 0.13 	 0.03
 68681 	  80370 	 0.18 	 0.08
 68681 	 109693 	 0.19 	 0.08
 68681 	  70752 	 0.12 	 0.08
 68681 	   8980 	 0.14 	 0.08
 68681 	 130780 	 0.14 	 0.08
 68681 	 113027 	 0.10 	 0.08
 68681 	  82246 	 0.12 	 0.02
 68681 	 114379 	 0.11 	 0.08
 68681 	  10217 	 0.14 	 0.02
 68681 	  91926 	 0.10 	 0.08
 68681 	 108185 	 0.19 	 0.08
 68681 	 131017 	 0.10 	 0.08
125161 	 116115 	 0.19 	 0.03
 52894 	  68681 	 0.10 	 0.08
105733 	 100617 	 0.19 	 0.07
105733 	   4793 	 0.11 	 0.03
105733 	  80076 	 0.12 	 0.09
105733 	  66388 	 0.10 	 0.07
105733 	  99902 	 0.16 	 0.07
105733 	   9967 	 0.12 	 0.02
105733 	  10217 	 0.11 	 0.03
105733 	 102503 	 0.18 	 0.09
105733 	 119325 	 0.19 	 0.09
105733 	  91637 	 0.18 	 0.04
103296 	 100617 	 0.15 	 0.07
103296 	 130387 	 0.19 	 0.09
103296 	 126869 	 0.19 	 0.09
103296 	  99902 	 0.16 	 0.07
103296 	 126626 	 0.19 	 0.03
103296 	 102503 	 0.17 	 0.09
103296 	  94264 	 0.19 	 0.09
103296 	  99477 	 0.19 	 0.09
103296 	 101510 	 0.17 	 0.09
 72992 	  82246 	 0.10 	 0.03
 72992 	  82503 	 0.11 	 0.07
 72992 	  96113 	 0.14 	 0.04
  2911 	  44074 	 0.13 	 0.06
  2911 	 116115 	 0.15 	 0.06
 16479 	  82246 	 0.13 	 0.03
 16479 	  82503 	 0.10 	 0.07
 16479 	  96113 	 0.13 	 0.04
 65887 	  50275 	 0.11 	 0.07
 65887 	  93163 	 0.16 	 0.05
 65887 	  39079 	 0.16 	 0.05
 65887 	 105200 	 0.17 	 0.07
 65887 	 114621 	 0.19 	 0.07
 65887 	  28241 	 0.17 	 0.07
 65887 	 114379 	 0.15 	 0.05
 65887 	 114535 	 0.16 	 0.07
 65887 	 111407 	 0.15 	 0.07
 65887 	  65863 	 0.18 	 0.07
 65887 	 116115 	 0.19 	 0.07
 65887 	 105733 	 0.11 	 0.07
 36327 	  59539 	 0.15 	 0.08
 36327 	  50275 	 0.19 	 0.03
 36327 	  51213 	 0.14 	 0.03
 36327 	  96113 	 0.16 	 0.01
 36327 	  44074 	 0.14 	 0.08
 36327 	 116115 	 0.14 	 0.03
 36327 	  67362 	 0.15 	 0.03
 36327 	 105733 	 0.19 	 0.03
 36327 	 103296 	 0.16 	 0.08
119311 	  51213 	 0.17 	 0.09
119311 	  67362 	 0.18 	 0.09
119311 	 105733 	 0.19 	 0.09
 43129 	 106567 	 0.18 	 0.06
 43129 	 117976 	 0.18 	 0.09
 43129 	  51213 	 0.12 	 0.09
 43129 	  85890 	 0.19 	 0.06
 43129 	  68681 	 0.17 	 0.06
  5103 	   4793 	 0.10 	 0.03
  5103 	 126626 	 0.18 	 0.03
  5103 	   9967 	 0.13 	 0.02
  5103 	  10217 	 0.14 	 0.03
  5103 	  66308 	 0.19 	 0.07
  5103 	 101510 	 0.17 	 0.09
  5103 	   2911 	 0.12 	 0.06
  5103 	  36327 	 0.17 	 0.03
 77153 	 113401 	 0.11 	 0.05
 77153 	  62372 	 0.16 	 0.05
 77153 	  76155 	 0.11 	 0.05
 77153 	  18307 	 0.17 	 0.05
 77153 	  29716 	 0.13 	 0.05
 77153 	 102078 	 0.10 	 0.05
 77153 	 117951 	 0.10 	 0.05
 77153 	 119111 	 0.10 	 0.05
124080 	  78533 	 0.18 	 0.04
124080 	  82246 	 0.17 	 0.03
124080 	  51213 	 0.15 	 0.04
124080 	  10217 	 0.17 	 0.03
124080 	  44074 	 0.18 	 0.04
124080 	   2332 	 0.18 	 0.04
  2622 	  51213 	 0.12 	 0.09
  2622 	  44074 	 0.11 	 0.09
  2622 	 116115 	 0.17 	 0.09
  2622 	  67362 	 0.16 	 0.09
  2622 	 126216 	 0.19 	 0.06
  2622 	 103296 	 0.15 	 0.09
 97207 	   9595 	 0.10 	 0.05
 97207 	  85890 	 0.10 	 0.08
 97207 	  81306 	 0.18 	 0.06
116522 	   9595 	 0.11 	 0.07
116522 	  66388 	 0.13 	 0.07
116522 	  85402 	 0.12 	 0.09
116522 	  31490 	 0.18 	 0.05
116522 	  75641 	 0.11 	 0.04
116522 	  81306 	 0.11 	 0.09
  5133 	   4793 	 0.16 	 0.03
  5133 	  80076 	 0.17 	 0.09
 76449 	   9595 	 0.12 	 0.07
 76449 	 100617 	 0.11 	 0.07
 76449 	  94908 	 0.18 	 0.04
 76449 	 127102 	 0.15 	 0.09
 76449 	 130387 	 0.17 	 0.09
 76449 	 102380 	 0.18 	 0.08
 76449 	  39337 	 0.16 	 0.04
 76449 	 110641 	 0.11 	 0.03
 76449 	 126869 	 0.15 	 0.09
 76449 	  97838 	 0.14 	 0.07
 76449 	 126040 	 0.17 	 0.09
 76449 	 128844 	 0.15 	 0.09
 76449 	 106205 	 0.10 	 0.09
 76449 	  99902 	 0.12 	 0.07
 76449 	 126200 	 0.11 	 0.09
 76449 	   9967 	 0.18 	 0.02
 76449 	 130983 	 0.15 	 0.09
 76449 	 126721 	 0.17 	 0.07
 76449 	 127649 	 0.19 	 0.09
 76449 	  95442 	 0.10 	 0.09
 76449 	  82503 	 0.15 	 0.07
 76449 	  31490 	 0.12 	 0.05
 76449 	 129859 	 0.19 	 0.06
 76449 	  99477 	 0.15 	 0.09
 76449 	 127855 	 0.14 	 0.09
 76449 	   4363 	 0.12 	 0.09
 76449 	 119325 	 0.15 	 0.09
 76449 	 118363 	 0.12 	 0.09
 76449 	  67846 	 0.14 	 0.09
 76449 	 100782 	 0.14 	 0.09
 76449 	 129960 	 0.12 	 0.07
 76449 	  81306 	 0.14 	 0.09
 76449 	 104295 	 0.13 	 0.04
 76449 	  91637 	 0.15 	 0.04
 76449 	 102383 	 0.10 	 0.09
 76449 	 119311 	 0.15 	 0.09
 76449 	 124080 	 0.18 	 0.04
 51513 	 116115 	 0.10 	 0.09
 91880 	  85890 	 0.19 	 0.08
 91880 	  68681 	 0.19 	 0.08
103133 	   9595 	 0.18 	 0.02
103133 	  78533 	 0.13 	 0.04
103133 	  85402 	 0.13 	 0.02
103133 	  75641 	 0.11 	 0.01
103133 	  44074 	 0.19 	 0.04
103133 	   2332 	 0.13 	 0.04
103133 	  68681 	 0.17 	 0.03
103133 	  76449 	 0.13 	 0.04
120065 	 106567 	 0.15 	 0.08
120065 	   4793 	 0.19 	 0.02
 95336 	 113401 	 0.16 	 0.08
 95336 	  88141 	 0.15 	 0.06
 95336 	 118052 	 0.14 	 0.08
 95336 	 100225 	 0.11 	 0.08
 95336 	  80370 	 0.12 	 0.06
 95336 	  76155 	 0.14 	 0.08
 95336 	 106302 	 0.18 	 0.06
 95336 	 114621 	 0.11 	 0.08
 95336 	 109693 	 0.11 	 0.06
 95336 	  96738 	 0.13 	 0.08
 95336 	 125052 	 0.10 	 0.03
 95336 	  51213 	 0.10 	 0.08
 95336 	  29716 	 0.18 	 0.08
 95336 	 110268 	 0.11 	 0.06
 95336 	 101160 	 0.15 	 0.06
 95336 	  66308 	 0.13 	 0.08
 95336 	  94332 	 0.11 	 0.08
 95336 	 113290 	 0.16 	 0.08
 95336 	 122840 	 0.15 	 0.06
 95336 	 100909 	 0.14 	 0.02
 95336 	 108185 	 0.15 	 0.06
 95336 	 117951 	 0.11 	 0.08
 95336 	 129134 	 0.13 	 0.01
 95336 	 119111 	 0.12 	 0.08
 95336 	 101544 	 0.11 	 0.08
 95336 	  85972 	 0.14 	 0.06
 95336 	 115173 	 0.13 	 0.08
 95336 	 116522 	 0.11 	 0.08
 95336 	 103133 	 0.12 	 0.02
114673 	   9595 	 0.14 	 0.07
107568 	  92753 	 0.15 	 0.03
107568 	  59539 	 0.17 	 0.05
107568 	  50275 	 0.14 	 0.05
107568 	 100225 	 0.15 	 0.05
107568 	  95573 	 0.17 	 0.05
107568 	  78533 	 0.13 	 0.05
107568 	  82555 	 0.11 	 0.05
107568 	  52768 	 0.10 	 0.05
107568 	   2986 	 0.11 	 0.05
107568 	  80370 	 0.13 	 0.03
107568 	  76155 	 0.18 	 0.05
107568 	 105200 	 0.14 	 0.05
107568 	  70752 	 0.19 	 0.03
107568 	 131018 	 0.18 	 0.03
107568 	 105455 	 0.19 	 0.06
107568 	 113027 	 0.16 	 0.08
107568 	  28241 	 0.14 	 0.05
107568 	  82246 	 0.10 	 0.01
107568 	 131151 	 0.17 	 0.06
107568 	  95603 	 0.18 	 0.05
107568 	  91926 	 0.12 	 0.03
107568 	  82503 	 0.10 	 0.02
107568 	  94332 	 0.19 	 0.05
107568 	  96113 	 0.18 	 0.01
107568 	  51289 	 0.14 	 0.03
107568 	 111407 	 0.17 	 0.05
107568 	 122840 	 0.18 	 0.03
107568 	  53672 	 0.11 	 0.05
107568 	 105970 	 0.18 	 0.05
107568 	  44074 	 0.12 	 0.05
107568 	  70646 	 0.13 	 0.03
107568 	 101892 	 0.18 	 0.05
107568 	 126216 	 0.19 	 0.03
107568 	   2332 	 0.13 	 0.05
107568 	 105733 	 0.19 	 0.05
107568 	 103296 	 0.19 	 0.05
107568 	  43129 	 0.13 	 0.06
107568 	   5103 	 0.17 	 0.05
107568 	   8179 	 0.12 	 0.05
107568 	 116522 	 0.15 	 0.05
107568 	  76449 	 0.13 	 0.05
107568 	 108127 	 0.16 	 0.08
107568 	 120065 	 0.17 	 0.03
 96012 	  85402 	 0.14 	 0.06
 96012 	  85890 	 0.12 	 0.08
111666 	 131017 	 0.19 	 0.08
111666 	 120065 	 0.19 	 0.08
129208 	  82503 	 0.19 	 0.05
 98252 	  88141 	 0.19 	 0.06
 98252 	  59539 	 0.16 	 0.09
 98252 	  78533 	 0.13 	 0.09
 98252 	  53672 	 0.19 	 0.09
 98252 	  44074 	 0.16 	 0.09
 98252 	  67362 	 0.17 	 0.09
 98252 	 126216 	 0.18 	 0.06
 98252 	   2332 	 0.13 	 0.09
 98252 	 105733 	 0.18 	 0.09
 98252 	 103296 	 0.16 	 0.09
 98252 	  76449 	 0.13 	 0.09
118768 	  85402 	 0.14 	 0.09
118768 	  10217 	 0.18 	 0.03
 85142 	   4793 	 0.18 	 0.03
 85142 	   9967 	 0.18 	 0.02
 69633 	  39337 	 0.11 	 0.02
 69633 	  39079 	 0.11 	 0.06
 69633 	 100225 	 0.13 	 0.09
 69633 	  95573 	 0.13 	 0.09
 69633 	  76155 	 0.16 	 0.09
 69633 	  96738 	 0.19 	 0.09
 69633 	  70752 	 0.12 	 0.06
 69633 	 130780 	 0.19 	 0.06
 69633 	  28241 	 0.14 	 0.09
 69633 	  29716 	 0.16 	 0.09
 69633 	  95603 	 0.13 	 0.09
 69633 	  90147 	 0.15 	 0.09
 69633 	  92865 	 0.17 	 0.06
 69633 	  92250 	 0.15 	 0.09
 69633 	  96113 	 0.10 	 0.02
 69633 	 117951 	 0.16 	 0.09
 69633 	 105970 	 0.16 	 0.09
 69633 	 131017 	 0.15 	 0.06
 69633 	 101892 	 0.14 	 0.09
 69633 	 124419 	 0.15 	 0.06
 69633 	  97207 	 0.14 	 0.06
 69633 	  76449 	 0.10 	 0.09
 69633 	 103133 	 0.16 	 0.02
 69633 	 114673 	 0.14 	 0.09
 79310 	   4793 	 0.13 	 0.03
 79310 	  66388 	 0.14 	 0.07
 79310 	   9967 	 0.13 	 0.02
 79310 	  72459 	 0.18 	 0.05
 79310 	  53106 	 0.19 	 0.09
 79310 	  81306 	 0.10 	 0.09
 79310 	  65887 	 0.10 	 0.07
101365 	  85402 	 0.10 	 0.06
101365 	  85890 	 0.16 	 0.08
101365 	  68681 	 0.18 	 0.08
101365 	  95336 	 0.12 	 0.06
101365 	 107568 	 0.13 	 0.03
  3208 	 127102 	 0.19 	 0.09
  3208 	 128397 	 0.19 	 0.02
  3208 	 126869 	 0.15 	 0.09
  3208 	 126040 	 0.16 	 0.09
  3208 	 128844 	 0.19 	 0.09
  3208 	 130983 	 0.19 	 0.09
  3208 	  51213 	 0.18 	 0.04
  3208 	  85402 	 0.17 	 0.09
  3208 	 127649 	 0.17 	 0.09
  3208 	 129859 	 0.17 	 0.06
  3208 	 102503 	 0.17 	 0.09
  3208 	  99477 	 0.16 	 0.09
  3208 	 102383 	 0.19 	 0.09
  3208 	  77153 	 0.12 	 0.05
  3208 	  95336 	 0.17 	 0.08
  3208 	 107568 	 0.19 	 0.05
  3208 	  98252 	 0.16 	 0.09
 10274 	  96113 	 0.14 	 0.03
 79768 	  39337 	 0.16 	 0.03
 79768 	  93163 	 0.17 	 0.08
 79768 	  96113 	 0.15 	 0.03
 99159 	   9595 	 0.16 	 0.05
 99159 	  85402 	 0.11 	 0.06
 99159 	  10217 	 0.18 	 0.02
 99159 	  75641 	 0.12 	 0.03
 99159 	  85890 	 0.19 	 0.08
 99159 	  95336 	 0.10 	 0.06
 99159 	  69633 	 0.19 	 0.06
 65192 	  62372 	 0.17 	 0.06
 65192 	  18307 	 0.16 	 0.06
 65192 	  29716 	 0.14 	 0.06
 65192 	 110268 	 0.12 	 0.04
 65192 	 122840 	 0.14 	 0.04
 65192 	  53106 	 0.12 	 0.08
 65192 	  43129 	 0.14 	 0.08
 65192 	   3208 	 0.13 	 0.06
122945 	  85402 	 0.16 	 0.06
122945 	  85890 	 0.19 	 0.08
122945 	  95336 	 0.15 	 0.06
119617 	  82246 	 0.19 	 0.02
107458 	   9595 	 0.13 	 0.07
107458 	  85402 	 0.10 	 0.09
107458 	  81306 	 0.18 	 0.09
107458 	  95336 	 0.10 	 0.08
107458 	  69633 	 0.17 	 0.09
 99455 	  78533 	 0.14 	 0.09
 99455 	  51213 	 0.19 	 0.09
 99455 	  44074 	 0.17 	 0.09
 99455 	  67362 	 0.17 	 0.09
 99455 	   2332 	 0.14 	 0.09
 99455 	 103296 	 0.18 	 0.09
 99455 	  76449 	 0.14 	 0.09
101673 	  82246 	 0.15 	 0.03
101673 	  85402 	 0.17 	 0.09
101673 	  82503 	 0.13 	 0.07
101673 	  96113 	 0.19 	 0.04
101673 	  43129 	 0.16 	 0.09
101673 	  95336 	 0.14 	 0.08
 96900 	  85402 	 0.17 	 0.06
102481 	  78533 	 0.17 	 0.09
102481 	  51213 	 0.19 	 0.09
102481 	  44074 	 0.19 	 0.09
102481 	   2332 	 0.17 	 0.09
102481 	  76449 	 0.17 	 0.09
119112 	  95336 	 0.14 	 0.06
  2524 	  85890 	 0.12 	 0.06
 37464 	   4793 	 0.14 	 0.03
 37464 	   9967 	 0.18 	 0.02
 37464 	 107568 	 0.12 	 0.05
 93866 	  77153 	 0.11 	 0.05
 93866 	  65192 	 0.12 	 0.06
108273 	 100617 	 0.18 	 0.07
108273 	 102380 	 0.17 	 0.08
108273 	 110641 	 0.19 	 0.03
108273 	  80076 	 0.11 	 0.09
108273 	  97838 	 0.16 	 0.07
108273 	 106205 	 0.17 	 0.09
108273 	  99902 	 0.14 	 0.07
108273 	 126626 	 0.17 	 0.03
108273 	   9967 	 0.10 	 0.02
108273 	 102503 	 0.16 	 0.09
108273 	 101510 	 0.14 	 0.09
108273 	  91637 	 0.17 	 0.09
108273 	 102383 	 0.18 	 0.09
108273 	  36327 	 0.14 	 0.08
108273 	   2622 	 0.19 	 0.09
108273 	  51513 	 0.11 	 0.01
108273 	 107568 	 0.14 	 0.05
108273 	  98252 	 0.13 	 0.09
108273 	  99455 	 0.16 	 0.09
108273 	 102481 	 0.19 	 0.09
  2996 	   4793 	 0.12 	 0.03
  2996 	   9967 	 0.13 	 0.02
115606 	  62372 	 0.19 	 0.09
115606 	  18307 	 0.19 	 0.09
115606 	  76449 	 0.16 	 0.09
115606 	  65192 	 0.10 	 0.08
120998 	   9595 	 0.10 	 0.07
120998 	  66388 	 0.19 	 0.07
120998 	  10217 	 0.17 	 0.03
120998 	  72459 	 0.18 	 0.05
120998 	  81306 	 0.11 	 0.09
120998 	 107568 	 0.10 	 0.05
 15972 	  90154 	 0.14 	 0.05
 15972 	  80076 	 0.14 	 0.09
 15972 	  82246 	 0.15 	 0.03
 15972 	  82503 	 0.12 	 0.07
 15972 	  31770 	 0.17 	 0.06
 15972 	  77153 	 0.16 	 0.05
 15972 	  65192 	 0.17 	 0.06
 15972 	 115606 	 0.19 	 0.09
110588 	  10217 	 0.12 	 0.03
 92527 	   9967 	 0.17 	 0.01
 92527 	  51213 	 0.13 	 0.09
 92527 	  85890 	 0.12 	 0.06
 92527 	 107568 	 0.18 	 0.06
 92527 	 111666 	 0.19 	 0.06
101749 	  88141 	 0.19 	 0.03
101749 	  78533 	 0.13 	 0.04
101749 	  85402 	 0.12 	 0.02
101749 	  75641 	 0.11 	 0.01
101749 	   2332 	 0.15 	 0.04
101749 	  76449 	 0.13 	 0.04
101749 	  95336 	 0.11 	 0.02
108174 	   4793 	 0.10 	 0.03
108174 	   9967 	 0.13 	 0.02
108174 	  65887 	 0.10 	 0.07
108174 	 107568 	 0.15 	 0.05
 75566 	  51213 	 0.19 	 0.09
 75566 	 116115 	 0.19 	 0.09
 52224 	  51213 	 0.13 	 0.09
 52224 	 105733 	 0.15 	 0.09
103677 	  78533 	 0.18 	 0.04
103677 	  51213 	 0.19 	 0.04
103677 	  10217 	 0.17 	 0.03
103677 	   2332 	 0.18 	 0.04
103677 	  76449 	 0.18 	 0.04
103677 	  95336 	 0.17 	 0.02
122600 	  82246 	 0.16 	 0.02
  1531 	  85402 	 0.15 	 0.06
  1531 	  85890 	 0.19 	 0.08
  1531 	  95336 	 0.16 	 0.06
 62649 	 113401 	 0.12 	 0.07
 62649 	 118052 	 0.12 	 0.07
 62649 	 110641 	 0.14 	 0.01
 62649 	 100225 	 0.12 	 0.07
 62649 	  80370 	 0.11 	 0.05
 62649 	  76155 	 0.15 	 0.07
 62649 	 109693 	 0.11 	 0.05
 62649 	  96738 	 0.11 	 0.07
 62649 	  93171 	 0.11 	 0.05
 62649 	  29716 	 0.16 	 0.07
 62649 	 110268 	 0.12 	 0.05
 62649 	 101160 	 0.14 	 0.05
 62649 	 113290 	 0.15 	 0.07
 62649 	 122840 	 0.18 	 0.05
 62649 	 100909 	 0.14 	 0.02
 62649 	 108185 	 0.11 	 0.05
 62649 	 117951 	 0.11 	 0.07
 62649 	  93950 	 0.10 	 0.09
 62649 	 101544 	 0.11 	 0.07
 62649 	  53106 	 0.14 	 0.09
 62649 	 115173 	 0.14 	 0.07
 62649 	 104295 	 0.12 	 0.02
 62649 	 125839 	 0.11 	 0.05
 62649 	  43129 	 0.14 	 0.09
 62649 	 116522 	 0.11 	 0.07
 62649 	 101365 	 0.10 	 0.05
 62649 	  99159 	 0.10 	 0.05
 62649 	 122945 	 0.12 	 0.05
 62649 	 119112 	 0.12 	 0.05
 62649 	  15972 	 0.19 	 0.07
 62649 	 101749 	 0.12 	 0.02
 62649 	   1531 	 0.12 	 0.05
 90137 	  81306 	 0.19 	 0.09
 90137 	  69633 	 0.15 	 0.09
 94602 	   9595 	 0.19 	 0.05
 94602 	   9967 	 0.15 	 0.01
 94602 	  85402 	 0.12 	 0.06
 94602 	  75641 	 0.11 	 0.03
 94602 	  68681 	 0.18 	 0.07
 94602 	  43129 	 0.16 	 0.06
 94602 	  95336 	 0.12 	 0.05
 94602 	  62649 	 0.10 	 0.05
 82318 	   9595 	 0.15 	 0.02
 82318 	  81305 	 0.19 	 0.03
 82318 	  80076 	 0.13 	 0.02
 82318 	  78533 	 0.19 	 0.04
 82318 	  15511 	 0.15 	 0.03
 82318 	  66388 	 0.11 	 0.02
 82318 	  51213 	 0.16 	 0.04
 82318 	 126721 	 0.18 	 0.02
 82318 	  65408 	 0.18 	 0.04
 82318 	  85402 	 0.12 	 0.02
 82318 	  63310 	 0.18 	 0.04
 82318 	   5646 	 0.16 	 0.03
 82318 	  31490 	 0.16 	 0.01
 82318 	  69026 	 0.19 	 0.03
 82318 	 129859 	 0.19 	 0.01
 82318 	  75641 	 0.11 	 0.01
 82318 	  85890 	 0.11 	 0.03
 82318 	  81306 	 0.16 	 0.02
 82318 	   2332 	 0.19 	 0.04
 82318 	  68681 	 0.14 	 0.03
 82318 	 103296 	 0.19 	 0.04
 82318 	  77153 	 0.11 	 0.01
 82318 	   2622 	 0.18 	 0.02
 82318 	  76449 	 0.19 	 0.04
 82318 	  95336 	 0.13 	 0.02
 82318 	 107568 	 0.15 	 0.01
 82318 	  69633 	 0.11 	 0.02
 82318 	  79768 	 0.19 	 0.03
 82318 	  96900 	 0.19 	 0.03
 64266 	   9595 	 0.16 	 0.02
 64266 	 106567 	 0.16 	 0.02
 64266 	 127102 	 0.10 	 0.02
 64266 	  96511 	 0.15 	 0.02
 64266 	   4793 	 0.12 	 0.02
 64266 	 128397 	 0.10 	 0.02
 64266 	  78533 	 0.13 	 0.03
 64266 	 126869 	 0.14 	 0.02
 64266 	  82555 	 0.11 	 0.03
 64266 	  95182 	 0.13 	 0.03
 64266 	  52768 	 0.13 	 0.03
 64266 	   2986 	 0.14 	 0.03
 64266 	   5543 	 0.10 	 0.02
 64266 	  80370 	 0.13 	 0.02
 64266 	  62372 	 0.11 	 0.03
 64266 	  76155 	 0.12 	 0.03
 64266 	 128844 	 0.10 	 0.02
 64266 	 105200 	 0.11 	 0.03
 64266 	 114621 	 0.11 	 0.03
 64266 	 109693 	 0.11 	 0.02
 64266 	  18307 	 0.11 	 0.03
 64266 	  91848 	 0.10 	 0.03
 64266 	   9967 	 0.14 	 0.01
 64266 	  28241 	 0.14 	 0.03
 64266 	 130983 	 0.10 	 0.02
 64266 	  82246 	 0.14 	 0.03
 64266 	  51213 	 0.11 	 0.03
 64266 	 102278 	 0.10 	 0.02
 64266 	  65408 	 0.14 	 0.03
 64266 	  29716 	 0.11 	 0.03
 64266 	 110268 	 0.11 	 0.02
 64266 	 101160 	 0.12 	 0.02
 64266 	  90147 	 0.14 	 0.03
 64266 	  91926 	 0.10 	 0.02
 64266 	   7012 	 0.10 	 0.03
 64266 	 117081 	 0.12 	 0.03
 64266 	  92865 	 0.10 	 0.02
 64266 	  92250 	 0.10 	 0.03
 64266 	  94332 	 0.17 	 0.03
 64266 	 114535 	 0.12 	 0.03
 64266 	  96113 	 0.11 	 0.03
 64266 	 102078 	 0.10 	 0.03
 64266 	  51289 	 0.13 	 0.02
 64266 	 122840 	 0.12 	 0.02
 64266 	  65863 	 0.15 	 0.03
 64266 	  53672 	 0.14 	 0.03
 64266 	 105970 	 0.13 	 0.03
 64266 	 131017 	 0.12 	 0.02
 64266 	 116115 	 0.11 	 0.03
 64266 	  67362 	 0.14 	 0.03
 64266 	 119111 	 0.10 	 0.03
 64266 	  58481 	 0.14 	 0.03
 64266 	  70646 	 0.10 	 0.02
 64266 	 101544 	 0.10 	 0.03
 64266 	 118363 	 0.10 	 0.02
 64266 	  67846 	 0.11 	 0.02
 64266 	  53106 	 0.10 	 0.02
 64266 	 105815 	 0.10 	 0.03
 64266 	  81306 	 0.11 	 0.02
 64266 	 101892 	 0.13 	 0.03
 64266 	 126216 	 0.11 	 0.02
 64266 	  85972 	 0.10 	 0.02
 64266 	  94785 	 0.12 	 0.03
 64266 	   2332 	 0.13 	 0.03
 64266 	  52894 	 0.12 	 0.02
 64266 	 103296 	 0.15 	 0.03
 64266 	  72992 	 0.12 	 0.03
 64266 	  16479 	 0.13 	 0.03
 64266 	  43129 	 0.12 	 0.02
 64266 	   8179 	 0.15 	 0.03
 64266 	 109370 	 0.12 	 0.02
 64266 	  97207 	 0.10 	 0.02
 64266 	   5133 	 0.12 	 0.03
 64266 	  76449 	 0.13 	 0.03
 64266 	 114673 	 0.15 	 0.03
 64266 	 129208 	 0.13 	 0.02
 64266 	 118768 	 0.10 	 0.03
 64266 	  85142 	 0.13 	 0.03
 64266 	  79310 	 0.11 	 0.03
 64266 	 101365 	 0.12 	 0.02
 64266 	   3208 	 0.17 	 0.03
 64266 	  79768 	 0.13 	 0.02
 64266 	  99159 	 0.10 	 0.02
 64266 	 119617 	 0.15 	 0.02
 64266 	 107458 	 0.12 	 0.03
 64266 	 101673 	 0.11 	 0.03
 64266 	 114259 	 0.18 	 0.02
 64266 	   2524 	 0.11 	 0.02
 64266 	  37464 	 0.17 	 0.03
 64266 	 108273 	 0.12 	 0.03
 64266 	   2996 	 0.13 	 0.03
 64266 	  15972 	 0.11 	 0.03
 64266 	  90137 	 0.14 	 0.03
 58632 	  78533 	 0.16 	 0.07
 58632 	 116115 	 0.18 	 0.03
 58632 	   2332 	 0.16 	 0.07
 58632 	  68681 	 0.13 	 0.02
 58632 	 105733 	 0.17 	 0.03
 58632 	  76449 	 0.17 	 0.03
 58632 	  82318 	 0.17 	 0.01
 83275 	  78533 	 0.16 	 0.04
 83275 	  85402 	 0.18 	 0.02
 83275 	  44074 	 0.19 	 0.04
 83275 	   2332 	 0.16 	 0.04
 83275 	  77153 	 0.13 	 0.01
 83275 	  76449 	 0.16 	 0.04
 83275 	  95336 	 0.17 	 0.02
 83275 	  62649 	 0.15 	 0.02
 83275 	  64266 	 0.13 	 0.03
115220 	   9595 	 0.19 	 0.02
115220 	  78533 	 0.15 	 0.04
115220 	  51213 	 0.18 	 0.04
115220 	  85402 	 0.15 	 0.02
115220 	  44074 	 0.17 	 0.04
115220 	   2332 	 0.13 	 0.04
115220 	  76449 	 0.15 	 0.04
115220 	  95336 	 0.12 	 0.02
107489 	   4793 	 0.16 	 0.03
107489 	  81306 	 0.11 	 0.09
107489 	  65887 	 0.14 	 0.07
107489 	 107568 	 0.18 	 0.05
 58416 	  78533 	 0.19 	 0.07
 58416 	 116115 	 0.18 	 0.03
 58416 	  85890 	 0.11 	 0.02
 58416 	   2332 	 0.14 	 0.07
 58416 	 105733 	 0.19 	 0.03
 58416 	  76449 	 0.16 	 0.03
 58416 	  15972 	 0.19 	 0.03
 58416 	  82318 	 0.17 	 0.01
 52786 	 106567 	 0.19 	 0.08
 52786 	  68681 	 0.10 	 0.08
 52786 	 107568 	 0.15 	 0.03
 16404 	  39337 	 0.13 	 0.02
 16404 	  50275 	 0.10 	 0.09
 16404 	 100225 	 0.17 	 0.09
 16404 	  95573 	 0.15 	 0.09
 16404 	  29716 	 0.19 	 0.09
 16404 	  95603 	 0.15 	 0.09
 16404 	  90147 	 0.19 	 0.09
 16404 	  92865 	 0.18 	 0.06
 16404 	  96113 	 0.11 	 0.02
 16404 	 117951 	 0.18 	 0.09
 16404 	 105970 	 0.17 	 0.09
 16404 	 116115 	 0.11 	 0.09
 16404 	 101892 	 0.17 	 0.09
 16404 	 124419 	 0.16 	 0.06
 16404 	 116522 	 0.12 	 0.09
 16404 	  76449 	 0.14 	 0.09
 16404 	 103133 	 0.18 	 0.02
 16404 	 120998 	 0.11 	 0.09
 16404 	  90137 	 0.19 	 0.09
 16404 	  82318 	 0.16 	 0.02
 16404 	  64266 	 0.11 	 0.02
 16404 	 107489 	 0.11 	 0.09
117884 	  82246 	 0.18 	 0.03
117884 	  10217 	 0.17 	 0.03
105413 	   4793 	 0.11 	 0.03
105413 	   9967 	 0.14 	 0.02
105413 	  99477 	 0.19 	 0.09
105413 	 107568 	 0.13 	 0.05
 81262 	  39337 	 0.13 	 0.03
 81262 	  96113 	 0.10 	 0.03
 81262 	  82318 	 0.13 	 0.03
 48486 	   4793 	 0.13 	 0.03
 48486 	  80076 	 0.18 	 0.09
 48486 	   9967 	 0.17 	 0.02
 48486 	  64266 	 0.11 	 0.03
 37931 	  80076 	 0.19 	 0.09
 37931 	 126869 	 0.19 	 0.09
 37931 	   2911 	 0.16 	 0.06
101648 	  51213 	 0.19 	 0.09
101648 	  96113 	 0.18 	 0.02
101648 	  76449 	 0.15 	 0.09
101648 	 108273 	 0.19 	 0.09
111297 	   9967 	 0.18 	 0.03
111297 	  85402 	 0.13 	 0.05
111297 	 116115 	 0.14 	 0.09
111297 	  76449 	 0.19 	 0.09
111297 	  95336 	 0.12 	 0.04
111297 	   3208 	 0.19 	 0.09
111297 	 120998 	 0.16 	 0.09
111297 	  82318 	 0.15 	 0.02
111297 	  64266 	 0.10 	 0.02
111297 	 107489 	 0.17 	 0.09
127221 	   9595 	 0.19 	 0.07
127221 	  85402 	 0.13 	 0.09
127221 	  10217 	 0.15 	 0.03
127221 	  95336 	 0.12 	 0.08
127221 	  69633 	 0.17 	 0.09
127221 	  62649 	 0.11 	 0.07
106697 	   9595 	 0.18 	 0.02
106697 	  78533 	 0.13 	 0.04
106697 	  51213 	 0.19 	 0.04
106697 	  85402 	 0.13 	 0.02
106697 	  31770 	 0.10 	 0.02
106697 	   2332 	 0.13 	 0.04
106697 	  76449 	 0.13 	 0.04
106697 	  62649 	 0.11 	 0.02
 74286 	   9595 	 0.12 	 0.07
 74286 	 100617 	 0.11 	 0.07
 74286 	  94908 	 0.18 	 0.04
 74286 	 127102 	 0.15 	 0.09
 74286 	 130387 	 0.17 	 0.09
 74286 	 102380 	 0.18 	 0.08
 74286 	  39337 	 0.16 	 0.04
 74286 	 110641 	 0.11 	 0.03
 74286 	 126869 	 0.15 	 0.09
 74286 	  97838 	 0.14 	 0.07
 74286 	 126040 	 0.17 	 0.09
 74286 	 128844 	 0.15 	 0.09
 74286 	 106205 	 0.10 	 0.09
 74286 	  99902 	 0.12 	 0.07
 74286 	 126200 	 0.11 	 0.09
 74286 	   9967 	 0.18 	 0.02
 74286 	 130983 	 0.15 	 0.09
 74286 	 126721 	 0.17 	 0.07
 74286 	 127649 	 0.19 	 0.09
 74286 	  95442 	 0.10 	 0.09
 74286 	  82503 	 0.15 	 0.07
 74286 	  31490 	 0.12 	 0.05
 74286 	 129859 	 0.19 	 0.06
 74286 	  99477 	 0.15 	 0.09
 74286 	 127855 	 0.14 	 0.09
 74286 	   4363 	 0.12 	 0.09
 74286 	 119325 	 0.15 	 0.09
 74286 	 118363 	 0.12 	 0.09
 74286 	  67846 	 0.14 	 0.09
 74286 	 100782 	 0.14 	 0.09
 74286 	 129960 	 0.12 	 0.07
 74286 	  81306 	 0.14 	 0.09
 74286 	 104295 	 0.13 	 0.04
 74286 	  91637 	 0.15 	 0.04
 74286 	 102383 	 0.10 	 0.09
 74286 	 119311 	 0.15 	 0.09
 74286 	 124080 	 0.18 	 0.04
 74286 	 103133 	 0.13 	 0.04
 74286 	 107568 	 0.13 	 0.05
 74286 	  98252 	 0.13 	 0.09
 74286 	  99455 	 0.14 	 0.09
 74286 	 102481 	 0.17 	 0.09
 74286 	 115606 	 0.17 	 0.09
 74286 	 101749 	 0.13 	 0.04
 74286 	 103677 	 0.18 	 0.04
 74286 	  82318 	 0.19 	 0.04
 74286 	  64266 	 0.13 	 0.03
 74286 	  58632 	 0.14 	 0.03
 74286 	  83275 	 0.16 	 0.04
 74286 	 115220 	 0.13 	 0.04
 74286 	  58416 	 0.16 	 0.03
 74286 	  16404 	 0.14 	 0.09
 74286 	 101648 	 0.15 	 0.09
 74286 	 111297 	 0.19 	 0.09
 74286 	 106697 	 0.13 	 0.04
 27623 	   4793 	 0.14 	 0.03
 27623 	   9967 	 0.18 	 0.02
 27623 	 102503 	 0.19 	 0.09
 27623 	  94264 	 0.19 	 0.09
 27623 	  36327 	 0.18 	 0.08
 27623 	 107568 	 0.15 	 0.05
 27623 	  98252 	 0.18 	 0.09
 34379 	  64266 	 0.10 	 0.02
 95781 	  85402 	 0.12 	 0.06
 95781 	  62649 	 0.10 	 0.05
124177 	   9595 	 0.17 	 0.07
124177 	  85402 	 0.13 	 0.09
124177 	  10217 	 0.17 	 0.03
124177 	  81306 	 0.19 	 0.09
124177 	  95336 	 0.13 	 0.08
124177 	  69633 	 0.18 	 0.09
124177 	  16404 	 0.19 	 0.09
 65782 	  85402 	 0.10 	 0.09
 65782 	  95336 	 0.12 	 0.08
 65782 	  64266 	 0.17 	 0.03
116898 	  68681 	 0.15 	 0.08
116898 	  82318 	 0.15 	 0.03
100142 	   4793 	 0.18 	 0.03
100142 	 117976 	 0.17 	 0.04
100142 	  81305 	 0.13 	 0.03
100142 	  51213 	 0.18 	 0.04
100142 	  65408 	 0.18 	 0.04
100142 	  69026 	 0.13 	 0.03
100142 	  81306 	 0.12 	 0.02
100142 	  72992 	 0.10 	 0.04
100142 	  65887 	 0.16 	 0.02
100142 	 107568 	 0.12 	 0.01
100142 	  69633 	 0.11 	 0.02
100142 	  10274 	 0.18 	 0.03
100142 	  79768 	 0.17 	 0.03
100142 	 101673 	 0.13 	 0.04
100142 	  64266 	 0.12 	 0.03
100142 	  16404 	 0.14 	 0.02
100142 	  81262 	 0.13 	 0.03
100142 	 111297 	 0.17 	 0.02
 28201 	  51213 	 0.17 	 0.09
 28201 	  68681 	 0.18 	 0.06
 28201 	 107568 	 0.16 	 0.06
 28201 	  65192 	 0.14 	 0.08
 28201 	  62649 	 0.16 	 0.09
 28201 	  64266 	 0.11 	 0.02
105156 	   9595 	 0.10 	 0.05
105156 	  81306 	 0.12 	 0.06
105156 	 107568 	 0.16 	 0.03
105156 	  69633 	 0.10 	 0.06
105156 	  16404 	 0.12 	 0.06
119717 	  85402 	 0.18 	 0.09
119717 	  95336 	 0.16 	 0.08
119717 	  64266 	 0.12 	 0.03
119685 	  95336 	 0.17 	 0.06
121308 	 106567 	 0.17 	 0.08
121308 	   4793 	 0.16 	 0.02
121308 	   9967 	 0.17 	 0.01
121308 	 107568 	 0.14 	 0.03
121308 	  64266 	 0.11 	 0.02
128471 	  52768 	 0.19 	 0.03
128471 	  82246 	 0.18 	 0.02
128471 	  29716 	 0.18 	 0.03
128471 	  10217 	 0.14 	 0.02
128471 	  53672 	 0.18 	 0.03
128471 	 131017 	 0.19 	 0.02
128471 	  44074 	 0.19 	 0.03
128471 	 103296 	 0.19 	 0.03
128471 	  85142 	 0.19 	 0.03
128471 	  37464 	 0.17 	 0.03
 77148 	 100225 	 0.11 	 0.06
 77148 	  95573 	 0.10 	 0.06
 77148 	  76155 	 0.12 	 0.06
 77148 	 114621 	 0.10 	 0.06
 77148 	   9967 	 0.19 	 0.01
 77148 	  51213 	 0.13 	 0.06
 77148 	  29716 	 0.16 	 0.06
 77148 	   7012 	 0.11 	 0.06
 77148 	 129134 	 0.11 	 0.01
 77148 	 101544 	 0.10 	 0.06
 77148 	 101892 	 0.10 	 0.06
 77148 	 115173 	 0.12 	 0.06
 77148 	 116522 	 0.10 	 0.06
 77148 	 118768 	 0.13 	 0.06
 77148 	   3208 	 0.14 	 0.06
 77148 	 101673 	 0.14 	 0.06
 77148 	  64266 	 0.11 	 0.01
 77148 	  83275 	 0.17 	 0.02
 77148 	 127221 	 0.14 	 0.06
 77148 	 106697 	 0.11 	 0.02
 77148 	 124177 	 0.11 	 0.06
 77148 	 119717 	 0.14 	 0.06
 96223 	  82503 	 0.17 	 0.07
 96223 	  75641 	 0.17 	 0.04
 96223 	  31770 	 0.16 	 0.06
 96223 	  62649 	 0.16 	 0.07
 70314 	  96113 	 0.18 	 0.03
  3715 	   4793 	 0.16 	 0.03
  3715 	   9967 	 0.18 	 0.02
  3715 	 129859 	 0.19 	 0.06
  3715 	  99477 	 0.18 	 0.09
  3715 	 107568 	 0.12 	 0.05
  3715 	  98252 	 0.18 	 0.09
115258 	  85402 	 0.15 	 0.06
 69513 	  64266 	 0.11 	 0.02
126248 	  82246 	 0.17 	 0.02
126248 	  10217 	 0.15 	 0.02
102995 	   9595 	 0.18 	 0.02
102995 	  78533 	 0.13 	 0.04
102995 	  51213 	 0.19 	 0.04
102995 	  85402 	 0.13 	 0.02
102995 	  44074 	 0.19 	 0.04
102995 	  31770 	 0.10 	 0.02
102995 	   2332 	 0.13 	 0.04
102995 	  76449 	 0.13 	 0.04
102995 	  62649 	 0.11 	 0.02
102995 	  74286 	 0.13 	 0.04
102995 	  77148 	 0.10 	 0.02
120346 	  64266 	 0.11 	 0.03
118432 	  85402 	 0.11 	 0.06
118432 	  10217 	 0.18 	 0.02
  2267 	 107568 	 0.12 	 0.05
  2267 	  64266 	 0.12 	 0.03
   514 	   4793 	 0.16 	 0.03
   514 	   9967 	 0.18 	 0.02
   514 	  64266 	 0.13 	 0.03
 82463 	  91563 	 0.11 	 0.02
 82463 	  78533 	 0.11 	 0.03
 82463 	   2986 	 0.14 	 0.03
 82463 	 105200 	 0.13 	 0.03
 82463 	  28241 	 0.17 	 0.03
 82463 	  82246 	 0.14 	 0.02
 82463 	  29716 	 0.18 	 0.03
 82463 	  95603 	 0.16 	 0.03
 82463 	  91926 	 0.10 	 0.02
 82463 	  82503 	 0.14 	 0.01
 82463 	 114535 	 0.13 	 0.03
 82463 	  96113 	 0.18 	 0.03
 82463 	  51289 	 0.16 	 0.02
 82463 	 111407 	 0.13 	 0.03
 82463 	  65863 	 0.11 	 0.03
 82463 	 105970 	 0.15 	 0.03
 82463 	  44074 	 0.13 	 0.03
 82463 	 116115 	 0.11 	 0.03
 82463 	  67362 	 0.12 	 0.03
 82463 	  58481 	 0.17 	 0.03
 82463 	  70646 	 0.18 	 0.02
 82463 	 126216 	 0.15 	 0.02
 82463 	  94785 	 0.13 	 0.03
 82463 	   2332 	 0.11 	 0.03
 82463 	  52894 	 0.18 	 0.02
 82463 	 103296 	 0.18 	 0.03
 82463 	   5133 	 0.13 	 0.03
 82463 	  76449 	 0.11 	 0.03
 82463 	  85142 	 0.13 	 0.03
 82463 	 120998 	 0.13 	 0.03
 82463 	  92527 	 0.17 	 0.02
 82463 	  48486 	 0.13 	 0.03
 82463 	  74286 	 0.11 	 0.03
 82463 	  27623 	 0.12 	 0.03
 82463 	 100142 	 0.13 	 0.03
 82463 	 121308 	 0.12 	 0.02
 82463 	   3715 	 0.13 	 0.03
 82463 	    514 	 0.11 	 0.03
115465 	   9595 	 0.19 	 0.02
115465 	  59539 	 0.19 	 0.03
115465 	  78533 	 0.13 	 0.03
115465 	  10217 	 0.19 	 0.03
115465 	  67362 	 0.16 	 0.03
115465 	   2332 	 0.15 	 0.03
115465 	  76449 	 0.13 	 0.03
115465 	  95336 	 0.14 	 0.02
115465 	  74286 	 0.13 	 0.03
107890 	   9595 	 0.11 	 0.07
107890 	  85402 	 0.11 	 0.09
107890 	  81306 	 0.13 	 0.09
107890 	  95336 	 0.11 	 0.08
107890 	 107568 	 0.16 	 0.05
107890 	  16404 	 0.12 	 0.09
 95790 	   9595 	 0.12 	 0.07
 95790 	  66388 	 0.19 	 0.07
 95790 	  10217 	 0.16 	 0.03
 95790 	  81306 	 0.14 	 0.09
 95790 	 107568 	 0.14 	 0.05
 95790 	  16404 	 0.14 	 0.09
 95790 	 111297 	 0.18 	 0.09
 95790 	  82463 	 0.16 	 0.03
 95350 	  85890 	 0.14 	 0.08
 95350 	  95336 	 0.11 	 0.06
 95350 	  64266 	 0.11 	 0.02
101486 	  82246 	 0.19 	 0.02
 48728 	  39337 	 0.15 	 0.03
 48728 	  93163 	 0.14 	 0.08
 48728 	 114379 	 0.14 	 0.08
 48728 	  96113 	 0.12 	 0.03
 48728 	  82318 	 0.16 	 0.03
 48728 	 100142 	 0.13 	 0.03
109399 	   4793 	 0.10 	 0.03
109399 	  80076 	 0.14 	 0.09
109399 	  97838 	 0.19 	 0.07
109399 	  75030 	 0.19 	 0.09
109399 	   9967 	 0.13 	 0.02
109399 	  31490 	 0.18 	 0.05
109399 	 102503 	 0.19 	 0.09
109399 	 101510 	 0.19 	 0.09
109399 	  65887 	 0.10 	 0.07
109399 	 107568 	 0.14 	 0.05
 86335 	  82246 	 0.14 	 0.03
 86335 	  82503 	 0.11 	 0.07
 86335 	  96113 	 0.12 	 0.04
 86335 	  64266 	 0.10 	 0.03
 86335 	 100142 	 0.10 	 0.04
 61797 	  82246 	 0.12 	 0.03
 61797 	  82503 	 0.11 	 0.07
 61797 	  31490 	 0.18 	 0.05
 61797 	  96113 	 0.14 	 0.04
 61797 	  82318 	 0.18 	 0.04
 61797 	  64266 	 0.10 	 0.03
 61797 	 100142 	 0.10 	 0.04
 94015 	  85890 	 0.11 	 0.08
 94015 	  64266 	 0.11 	 0.02
117213 	  68681 	 0.12 	 0.08
117213 	  64266 	 0.12 	 0.02
 94005 	   4793 	 0.14 	 0.03
 94005 	   9967 	 0.18 	 0.02
 94005 	 107568 	 0.10 	 0.05
 94005 	  64266 	 0.12 	 0.03
 94005 	  82463 	 0.13 	 0.03
123976 	   9595 	 0.12 	 0.07
123976 	  10217 	 0.16 	 0.03
123976 	  81306 	 0.14 	 0.09
123976 	 107568 	 0.18 	 0.05
123976 	  69633 	 0.13 	 0.09
123976 	  16404 	 0.15 	 0.09
123976 	  82463 	 0.18 	 0.03
 18023 	   9595 	 0.14 	 0.09
 18023 	  78533 	 0.19 	 0.09
 18023 	  10217 	 0.18 	 0.02
 18023 	  44074 	 0.16 	 0.09
 18023 	  85890 	 0.12 	 0.06
 18023 	  67362 	 0.15 	 0.09
 18023 	   2332 	 0.16 	 0.09
 18023 	  68681 	 0.19 	 0.06
 18023 	 107568 	 0.18 	 0.06
 18023 	  64266 	 0.10 	 0.02
 65978 	  50275 	 0.19 	 0.05
 65978 	  93163 	 0.18 	 0.09
 65978 	  39079 	 0.17 	 0.04
 65978 	  51213 	 0.17 	 0.05
 65978 	 116115 	 0.17 	 0.05
 65978 	 105733 	 0.15 	 0.05
 65978 	  76449 	 0.10 	 0.05
 65978 	  79310 	 0.17 	 0.05
 65978 	 108273 	 0.14 	 0.05
 65978 	 108174 	 0.19 	 0.05
 65978 	  74286 	 0.10 	 0.05
 65978 	 109399 	 0.19 	 0.05
117950 	  85402 	 0.15 	 0.09
117950 	  95336 	 0.13 	 0.08
117950 	  64266 	 0.11 	 0.03
109086 	   4793 	 0.16 	 0.02
109086 	   9967 	 0.18 	 0.01
109086 	 107568 	 0.13 	 0.03
109086 	  82463 	 0.11 	 0.02
 76438 	   9595 	 0.12 	 0.07
 76438 	 100617 	 0.11 	 0.07
 76438 	  94908 	 0.18 	 0.04
 76438 	 127102 	 0.15 	 0.09
 76438 	 130387 	 0.17 	 0.09
 76438 	 102380 	 0.18 	 0.08
 76438 	  39337 	 0.16 	 0.04
 76438 	 110641 	 0.11 	 0.03
 76438 	 126869 	 0.15 	 0.09
 76438 	  97838 	 0.14 	 0.07
 76438 	 126040 	 0.17 	 0.09
 76438 	 128844 	 0.15 	 0.09
 76438 	 106205 	 0.10 	 0.09
 76438 	  99902 	 0.12 	 0.07
 76438 	 126200 	 0.11 	 0.09
 76438 	   9967 	 0.18 	 0.02
 76438 	 130983 	 0.15 	 0.09
 76438 	 126721 	 0.17 	 0.07
 76438 	 127649 	 0.19 	 0.09
 76438 	  95442 	 0.10 	 0.09
 76438 	  82503 	 0.15 	 0.07
 76438 	  31490 	 0.12 	 0.05
 76438 	 129859 	 0.19 	 0.06
 76438 	  99477 	 0.15 	 0.09
 76438 	 127855 	 0.14 	 0.09
 76438 	   4363 	 0.12 	 0.09
 76438 	 119325 	 0.15 	 0.09
 76438 	 118363 	 0.12 	 0.09
 76438 	  67846 	 0.14 	 0.09
 76438 	 100782 	 0.14 	 0.09
 76438 	 129960 	 0.12 	 0.07
 76438 	  81306 	 0.14 	 0.09
 76438 	 104295 	 0.13 	 0.04
 76438 	  91637 	 0.15 	 0.04
 76438 	 102383 	 0.10 	 0.09
 76438 	 119311 	 0.15 	 0.09
 76438 	 124080 	 0.18 	 0.04
 76438 	 103133 	 0.13 	 0.04
 76438 	 107568 	 0.13 	 0.05
 76438 	  98252 	 0.13 	 0.09
 76438 	  99455 	 0.14 	 0.09
 76438 	 102481 	 0.17 	 0.09
 76438 	 115606 	 0.17 	 0.09
 76438 	 101749 	 0.13 	 0.04
 76438 	 103677 	 0.18 	 0.04
 76438 	  82318 	 0.19 	 0.04
 76438 	  64266 	 0.13 	 0.03
 76438 	  58632 	 0.14 	 0.03
 76438 	  83275 	 0.16 	 0.04
 76438 	 115220 	 0.13 	 0.04
 76438 	  58416 	 0.16 	 0.03
 76438 	  16404 	 0.14 	 0.09
 76438 	 101648 	 0.15 	 0.09
 76438 	 111297 	 0.19 	 0.09
 76438 	 106697 	 0.13 	 0.04
 76438 	 102995 	 0.13 	 0.04
 76438 	  82463 	 0.11 	 0.03
 76438 	 115465 	 0.13 	 0.03
 76438 	  18023 	 0.19 	 0.09
 76438 	  65978 	 0.10 	 0.05
122891 	  78533 	 0.13 	 0.07
122891 	  51213 	 0.15 	 0.07
122891 	  96113 	 0.16 	 0.02
122891 	   2332 	 0.13 	 0.07
122891 	   5103 	 0.16 	 0.07
122891 	  76449 	 0.13 	 0.07
122891 	   3208 	 0.18 	 0.07
122891 	 108273 	 0.14 	 0.07
122891 	  74286 	 0.13 	 0.07
122891 	  76438 	 0.13 	 0.07
 79171 	 100617 	 0.19 	 0.07
 79171 	  90154 	 0.15 	 0.05
 79171 	  82246 	 0.13 	 0.03
 79171 	 131151 	 0.16 	 0.09
 79171 	  82503 	 0.12 	 0.07
 79171 	  31770 	 0.15 	 0.06
 79171 	  36327 	 0.19 	 0.03
 79171 	  77153 	 0.17 	 0.05
 79171 	 115606 	 0.19 	 0.09
 79171 	  64266 	 0.11 	 0.03
 79171 	  77148 	 0.19 	 0.06
124881 	   9595 	 0.14 	 0.05
124881 	  85402 	 0.10 	 0.06
124881 	  85890 	 0.13 	 0.08
124881 	  81306 	 0.17 	 0.06
124881 	  69633 	 0.13 	 0.06
124881 	  16404 	 0.19 	 0.06
126974 	  78533 	 0.13 	 0.09
126974 	  44074 	 0.16 	 0.09
126974 	   2332 	 0.14 	 0.09
126974 	  76449 	 0.13 	 0.09
126974 	 108273 	 0.19 	 0.09
126974 	  64266 	 0.10 	 0.02
126974 	  74286 	 0.13 	 0.09
126974 	  76438 	 0.13 	 0.09
105523 	 100617 	 0.11 	 0.07
105523 	  94908 	 0.12 	 0.04
105523 	 130387 	 0.15 	 0.09
105523 	   4793 	 0.10 	 0.03
105523 	 102380 	 0.18 	 0.08
105523 	  39337 	 0.10 	 0.04
105523 	 110641 	 0.13 	 0.03
105523 	 126869 	 0.15 	 0.09
105523 	 126040 	 0.16 	 0.09
105523 	 106205 	 0.11 	 0.09
105523 	 125052 	 0.13 	 0.06
105523 	 126200 	 0.11 	 0.09
105523 	 126626 	 0.14 	 0.03
105523 	   9967 	 0.11 	 0.02
105523 	 124999 	 0.13 	 0.06
105523 	 129859 	 0.17 	 0.06
105523 	 102503 	 0.13 	 0.09
105523 	  94264 	 0.10 	 0.09
105523 	 100909 	 0.14 	 0.04
105523 	  99477 	 0.10 	 0.09
105523 	  93950 	 0.19 	 0.09
105523 	 104295 	 0.15 	 0.04
105523 	  91637 	 0.12 	 0.09
105523 	 102383 	 0.12 	 0.09
105523 	  36327 	 0.14 	 0.08
105523 	 124080 	 0.12 	 0.04
105523 	   2622 	 0.10 	 0.09
105523 	 103133 	 0.19 	 0.04
105523 	 107568 	 0.19 	 0.05
105523 	  98252 	 0.10 	 0.09
105523 	 102481 	 0.11 	 0.09
105523 	 101749 	 0.15 	 0.04
105523 	 103677 	 0.12 	 0.04
105523 	  82318 	 0.12 	 0.04
105523 	  64266 	 0.13 	 0.03
105523 	  58632 	 0.16 	 0.07
105523 	  83275 	 0.16 	 0.04
105523 	 115220 	 0.13 	 0.04
105523 	  58416 	 0.16 	 0.07
105523 	 101648 	 0.11 	 0.09
105523 	 106697 	 0.14 	 0.04
105523 	 128471 	 0.15 	 0.03
105523 	 102995 	 0.14 	 0.04
105523 	 115465 	 0.19 	 0.03
105523 	  18023 	 0.19 	 0.09
105523 	 122891 	 0.10 	 0.07
105523 	 126974 	 0.14 	 0.09
129421 	 107568 	 0.18 	 0.03
129421 	  64266 	 0.10 	 0.02
113610 	  82246 	 0.18 	 0.02
113610 	  10217 	 0.15 	 0.02
103091 	  82246 	 0.19 	 0.02
 67993 	 113401 	 0.15 	 0.06
 67993 	  94908 	 0.16 	 0.02
 67993 	 100225 	 0.11 	 0.06
 67993 	  76155 	 0.13 	 0.06
 67993 	 114621 	 0.10 	 0.06
 67993 	  96738 	 0.12 	 0.06
 67993 	 100909 	 0.14 	 0.02
 67993 	 117951 	 0.11 	 0.06
 67993 	 101544 	 0.10 	 0.06
 67993 	 101892 	 0.10 	 0.06
 67993 	 115173 	 0.15 	 0.06
 67993 	 116522 	 0.11 	 0.06
 67993 	 125990 	 0.19 	 0.06
 67993 	   3208 	 0.15 	 0.06
 67993 	  99159 	 0.12 	 0.04
 67993 	 101673 	 0.16 	 0.06
 67993 	 102481 	 0.19 	 0.08
 67993 	  93866 	 0.16 	 0.06
 67993 	 103677 	 0.16 	 0.02
 67993 	  94602 	 0.13 	 0.04
 67993 	  82318 	 0.10 	 0.02
 67993 	  64266 	 0.12 	 0.01
 67993 	  83275 	 0.17 	 0.02
 67993 	 117884 	 0.17 	 0.06
 67993 	 127221 	 0.13 	 0.06
 67993 	 106697 	 0.13 	 0.02
 67993 	 124177 	 0.12 	 0.06
 67993 	 119717 	 0.15 	 0.06
 67993 	 102995 	 0.13 	 0.02
 67993 	 117950 	 0.15 	 0.06
 98991 	  67362 	 0.14 	 0.09
110898 	  82246 	 0.18 	 0.03
110898 	  67993 	 0.19 	 0.06
 61753 	 118052 	 0.11 	 0.07
 61753 	 100225 	 0.11 	 0.07
 61753 	  80370 	 0.11 	 0.05
 61753 	  62372 	 0.19 	 0.07
 61753 	  76155 	 0.12 	 0.07
 61753 	  96738 	 0.11 	 0.07
 61753 	 105455 	 0.10 	 0.09
 61753 	 124999 	 0.11 	 0.03
 61753 	  93171 	 0.10 	 0.05
 61753 	  29716 	 0.17 	 0.07
 61753 	 110268 	 0.14 	 0.05
 61753 	 101160 	 0.15 	 0.05
 61753 	  90147 	 0.14 	 0.07
 61753 	   7012 	 0.11 	 0.07
 61753 	 102078 	 0.13 	 0.07
 61753 	 113290 	 0.15 	 0.07
 61753 	 122840 	 0.16 	 0.05
 61753 	 100909 	 0.14 	 0.02
 61753 	 108185 	 0.11 	 0.05
 61753 	 129134 	 0.11 	 0.01
 61753 	   4363 	 0.12 	 0.09
 61753 	  93950 	 0.10 	 0.09
 61753 	  53106 	 0.17 	 0.09
 61753 	  85972 	 0.13 	 0.05
 61753 	 115173 	 0.12 	 0.07
 61753 	  43129 	 0.14 	 0.09
 61753 	 116522 	 0.10 	 0.07
 61753 	 118768 	 0.13 	 0.07
 61753 	 128974 	 0.19 	 0.05
 61753 	 122945 	 0.15 	 0.05
 61753 	  96900 	 0.16 	 0.05
 61753 	   2524 	 0.11 	 0.09
 61753 	   1531 	 0.15 	 0.05
 61753 	  90137 	 0.14 	 0.07
 61753 	  94602 	 0.11 	 0.05
 61753 	  83275 	 0.15 	 0.02
 61753 	 115220 	 0.11 	 0.02
 61753 	  28201 	 0.16 	 0.09
 61753 	 119717 	 0.16 	 0.07
 61753 	 115258 	 0.11 	 0.05
 61753 	 117950 	 0.13 	 0.07
 93696 	   2986 	 0.16 	 0.07
 93696 	  44074 	 0.12 	 0.07
 93696 	  67362 	 0.18 	 0.07
 93696 	 103296 	 0.12 	 0.07
 93696 	   5103 	 0.19 	 0.07
 93696 	  82318 	 0.18 	 0.02
 93696 	   3715 	 0.19 	 0.07
 58883 	  64266 	 0.10 	 0.02
119884 	 100617 	 0.18 	 0.07
119884 	   4793 	 0.11 	 0.03
119884 	 102380 	 0.19 	 0.08
119884 	  80076 	 0.11 	 0.09
119884 	  97838 	 0.18 	 0.07
119884 	 106205 	 0.18 	 0.09
119884 	  66388 	 0.10 	 0.07
119884 	  99902 	 0.13 	 0.07
119884 	 126626 	 0.19 	 0.03
119884 	   9967 	 0.10 	 0.02
119884 	  95442 	 0.16 	 0.09
119884 	  31490 	 0.14 	 0.05
119884 	 102503 	 0.16 	 0.09
119884 	 101510 	 0.16 	 0.09
119884 	   4363 	 0.19 	 0.09
119884 	 100782 	 0.17 	 0.09
119884 	  81306 	 0.11 	 0.09
119884 	 102383 	 0.18 	 0.09
119884 	  36327 	 0.14 	 0.03
119884 	  51513 	 0.15 	 0.01
119884 	 107568 	 0.16 	 0.05
119884 	  98252 	 0.16 	 0.09
119884 	  99455 	 0.14 	 0.09
119884 	 102481 	 0.19 	 0.09
119884 	 101648 	 0.17 	 0.09
119884 	 128471 	 0.17 	 0.03
119884 	 115465 	 0.18 	 0.03
119884 	 122891 	 0.15 	 0.07
110974 	  82246 	 0.16 	 0.03
110974 	  10217 	 0.17 	 0.03
123022 	  76449 	 0.16 	 0.09
123022 	   3208 	 0.19 	 0.09
123022 	  74286 	 0.16 	 0.09
123022 	  76438 	 0.16 	 0.09
123022 	 105523 	 0.16 	 0.09
100744 	   4793 	 0.14 	 0.03
100744 	 117976 	 0.17 	 0.04
100744 	  81305 	 0.11 	 0.03
100744 	   9967 	 0.18 	 0.02
100744 	  51213 	 0.18 	 0.04
100744 	  65408 	 0.18 	 0.04
100744 	  63310 	 0.18 	 0.04
100744 	  10217 	 0.18 	 0.03
100744 	  69026 	 0.11 	 0.03
100744 	  81306 	 0.12 	 0.02
100744 	  72992 	 0.12 	 0.04
100744 	  16479 	 0.12 	 0.04
100744 	  65887 	 0.14 	 0.02
100744 	 107568 	 0.13 	 0.01
100744 	  10274 	 0.18 	 0.03
100744 	  79768 	 0.15 	 0.03
100744 	 101673 	 0.14 	 0.04
100744 	  64266 	 0.15 	 0.03
100744 	  16404 	 0.14 	 0.02
100744 	  81262 	 0.11 	 0.03
100744 	 111297 	 0.17 	 0.02
100744 	  96223 	 0.19 	 0.04
100744 	  70314 	 0.18 	 0.03
100744 	  82463 	 0.11 	 0.03
100744 	  48728 	 0.11 	 0.03
100744 	  86335 	 0.12 	 0.04
100744 	  61797 	 0.12 	 0.04
118234 	  78533 	 0.15 	 0.04
118234 	  52768 	 0.19 	 0.04
118234 	  29716 	 0.19 	 0.04
118234 	  53672 	 0.16 	 0.04
118234 	  67362 	 0.14 	 0.04
118234 	   2332 	 0.15 	 0.04
118234 	   5103 	 0.19 	 0.04
118234 	  76449 	 0.15 	 0.04
118234 	  85142 	 0.15 	 0.04
118234 	  79310 	 0.18 	 0.04
118234 	 108273 	 0.18 	 0.04
118234 	  64266 	 0.12 	 0.03
118234 	  48486 	 0.14 	 0.04
118234 	  37931 	 0.19 	 0.04
118234 	  74286 	 0.15 	 0.04
118234 	    514 	 0.13 	 0.04
118234 	  76438 	 0.15 	 0.04
118234 	 105523 	 0.15 	 0.04
118234 	 119884 	 0.18 	 0.04
122171 	   9595 	 0.10 	 0.07
122171 	  66388 	 0.18 	 0.07
122171 	  72459 	 0.17 	 0.05
122171 	  81306 	 0.15 	 0.09
122171 	  65887 	 0.19 	 0.07
122171 	 107568 	 0.15 	 0.05
122171 	  64266 	 0.10 	 0.03
122171 	  16404 	 0.13 	 0.09
115883 	  29716 	 0.18 	 0.09
115883 	  67362 	 0.16 	 0.09
115883 	  76449 	 0.12 	 0.09
115883 	  74286 	 0.12 	 0.09
115883 	  76438 	 0.12 	 0.09
115883 	 105523 	 0.12 	 0.09
103973 	  85890 	 0.14 	 0.06
103973 	  76449 	 0.13 	 0.09
103973 	  82318 	 0.18 	 0.02
103973 	  74286 	 0.13 	 0.09
103973 	  76438 	 0.13 	 0.09
103973 	  61753 	 0.10 	 0.09
 67672 	  39337 	 0.13 	 0.01
 67672 	  39079 	 0.12 	 0.02
 67672 	  91563 	 0.10 	 0.07
 67672 	  95573 	 0.19 	 0.03
 67672 	   5543 	 0.13 	 0.04
 67672 	  80370 	 0.17 	 0.07
 67672 	 105200 	 0.11 	 0.03
 67672 	 122022 	 0.19 	 0.07
 67672 	  28241 	 0.15 	 0.03
 67672 	 114379 	 0.12 	 0.02
 67672 	  95603 	 0.19 	 0.03
 67672 	  92250 	 0.18 	 0.03
 67672 	 114535 	 0.12 	 0.03
 67672 	  96113 	 0.14 	 0.01
 67672 	  51289 	 0.13 	 0.07
 67672 	 105970 	 0.17 	 0.03
 67672 	  58481 	 0.17 	 0.06
 67672 	  70646 	 0.12 	 0.07
 67672 	   2332 	 0.11 	 0.06
 67672 	  43129 	 0.19 	 0.06
 67672 	   8179 	 0.15 	 0.06
 67672 	 116522 	 0.16 	 0.03
 67672 	   5133 	 0.12 	 0.06
 67672 	  76449 	 0.11 	 0.03
 67672 	 120065 	 0.13 	 0.07
 67672 	 114673 	 0.18 	 0.03
 67672 	 120998 	 0.15 	 0.03
 67672 	  58632 	 0.15 	 0.08
 67672 	 107489 	 0.10 	 0.03
 67672 	  52786 	 0.12 	 0.07
 67672 	  74286 	 0.11 	 0.03
 67672 	  27623 	 0.10 	 0.06
 67672 	 100142 	 0.12 	 0.01
 67672 	 121308 	 0.12 	 0.07
 67672 	   2267 	 0.18 	 0.06
 67672 	 107890 	 0.16 	 0.03
 67672 	  95790 	 0.15 	 0.03
 67672 	 117213 	 0.14 	 0.07
 67672 	  94005 	 0.12 	 0.03
 67672 	 123976 	 0.19 	 0.03
 67672 	  76438 	 0.11 	 0.03
 67672 	 100744 	 0.12 	 0.01
 67672 	 122171 	 0.15 	 0.03
111227 	   9595 	 0.11 	 0.07
111227 	 100617 	 0.18 	 0.07
111227 	  80076 	 0.16 	 0.09
111227 	  66388 	 0.11 	 0.07
111227 	  67846 	 0.17 	 0.09
111227 	  81306 	 0.11 	 0.09
111227 	  65887 	 0.18 	 0.07
111227 	 107568 	 0.12 	 0.05
111227 	  16404 	 0.11 	 0.09
111227 	  67672 	 0.12 	 0.03
 52250 	  59539 	 0.16 	 0.08
 52250 	  78533 	 0.10 	 0.08
 52250 	   2986 	 0.14 	 0.08
 52250 	  62372 	 0.15 	 0.04
 52250 	  18307 	 0.15 	 0.04
 52250 	  51213 	 0.19 	 0.04
 52250 	  96113 	 0.19 	 0.01
 52250 	  53672 	 0.17 	 0.08
 52250 	  44074 	 0.13 	 0.08
 52250 	 116115 	 0.17 	 0.04
 52250 	  67362 	 0.11 	 0.08
 52250 	 126216 	 0.16 	 0.06
 52250 	   2332 	 0.11 	 0.08
 52250 	 105733 	 0.16 	 0.04
 52250 	 103296 	 0.15 	 0.08
 52250 	  76449 	 0.11 	 0.04
 52250 	 108273 	 0.18 	 0.08
 52250 	  15972 	 0.17 	 0.04
 52250 	  82318 	 0.17 	 0.01
 52250 	  74286 	 0.11 	 0.04
 52250 	  27623 	 0.16 	 0.08
 52250 	  76438 	 0.11 	 0.04
 52250 	 105523 	 0.11 	 0.08
 52250 	 111227 	 0.19 	 0.04
121157 	  85890 	 0.12 	 0.08
121157 	  68681 	 0.16 	 0.08
121157 	 107568 	 0.14 	 0.03
 81503 	   4793 	 0.14 	 0.03
 81503 	  80076 	 0.19 	 0.09
 81503 	   9967 	 0.15 	 0.02
 81503 	 129859 	 0.19 	 0.06
 81503 	  99477 	 0.18 	 0.09
 81503 	   2911 	 0.17 	 0.06
 81503 	   2622 	 0.18 	 0.09
 81503 	 128471 	 0.19 	 0.03
 81503 	  82463 	 0.11 	 0.03
 81503 	  98991 	 0.19 	 0.09
 81503 	 118234 	 0.19 	 0.04
116540 	  64266 	 0.12 	 0.03
123045 	 105733 	 0.19 	 0.09
123045 	  76449 	 0.17 	 0.09
123045 	 101365 	 0.18 	 0.06
123045 	  74286 	 0.17 	 0.09
123045 	  76438 	 0.17 	 0.09
123045 	 111227 	 0.19 	 0.09
  2268 	   4793 	 0.16 	 0.03
  2268 	 107568 	 0.12 	 0.05
  2268 	  64266 	 0.12 	 0.03
  2268 	  82463 	 0.13 	 0.03
  2268 	  67672 	 0.10 	 0.06
126651 	  50275 	 0.15 	 0.09
126651 	  78533 	 0.14 	 0.09
126651 	  82555 	 0.18 	 0.09
126651 	  53672 	 0.13 	 0.09
126651 	  67362 	 0.15 	 0.09
126651 	   2332 	 0.12 	 0.09
126651 	 105733 	 0.19 	 0.09
126651 	   5103 	 0.16 	 0.09
126651 	  76449 	 0.12 	 0.09
126651 	  79310 	 0.13 	 0.09
126651 	  48486 	 0.13 	 0.09
126651 	  37931 	 0.16 	 0.09
126651 	  74286 	 0.12 	 0.09
126651 	   3715 	 0.16 	 0.09
126651 	    514 	 0.18 	 0.09
126651 	 109086 	 0.17 	 0.06
126651 	  76438 	 0.12 	 0.09
126651 	 105523 	 0.12 	 0.09
126651 	 119884 	 0.15 	 0.09
126651 	 111227 	 0.14 	 0.09
126651 	  81503 	 0.14 	 0.09
 92509 	   4793 	 0.14 	 0.03
 92509 	   9967 	 0.18 	 0.02
 92509 	  81306 	 0.12 	 0.09
 92509 	  65887 	 0.12 	 0.07
 92509 	 107568 	 0.16 	 0.05
 92509 	  69633 	 0.10 	 0.09
 92509 	  64266 	 0.13 	 0.03
 92509 	  16404 	 0.12 	 0.09
 92509 	  82463 	 0.10 	 0.03
 82242 	   4793 	 0.12 	 0.03
 82242 	  80076 	 0.18 	 0.09
 82242 	  66388 	 0.14 	 0.07
 82242 	   9967 	 0.13 	 0.02
 82242 	  72459 	 0.15 	 0.05
 82242 	  65887 	 0.12 	 0.07
 82242 	 111297 	 0.13 	 0.09
 82242 	  98991 	 0.18 	 0.09
 82242 	 118234 	 0.17 	 0.04
113681 	  76449 	 0.15 	 0.09
113681 	 108273 	 0.18 	 0.09
113681 	  74286 	 0.15 	 0.09
113681 	  76438 	 0.15 	 0.09
113681 	 105523 	 0.12 	 0.09
113681 	 119884 	 0.18 	 0.09
 75661 	  51213 	 0.16 	 0.07
 75661 	 116115 	 0.16 	 0.07
 66563 	 107568 	 0.15 	 0.05
 66563 	  64266 	 0.12 	 0.03
 66563 	  82463 	 0.18 	 0.03
 66563 	  67672 	 0.15 	 0.06
 62878 	   4793 	 0.16 	 0.03
 62878 	  80076 	 0.12 	 0.09
 62878 	 107568 	 0.16 	 0.05
 62878 	  98252 	 0.15 	 0.09
 62878 	  82463 	 0.16 	 0.03
 62878 	  67672 	 0.10 	 0.06
100172 	  10217 	 0.16 	 0.02
108160 	  76449 	 0.16 	 0.09
108160 	  62649 	 0.11 	 0.09
108160 	  74286 	 0.16 	 0.09
108160 	  76438 	 0.16 	 0.09
108160 	 105523 	 0.12 	 0.09
 77586 	  67672 	 0.19 	 0.04
128300 	  78533 	 0.12 	 0.04
128300 	  51213 	 0.17 	 0.04
128300 	  10217 	 0.17 	 0.03
128300 	  44074 	 0.16 	 0.04
128300 	   2332 	 0.12 	 0.04
128300 	  76449 	 0.12 	 0.04
128300 	 108273 	 0.19 	 0.04
128300 	  74286 	 0.12 	 0.04
128300 	  76438 	 0.12 	 0.04
128300 	 105523 	 0.12 	 0.04
128300 	  67993 	 0.15 	 0.02
101850 	  85402 	 0.12 	 0.09
101850 	  95336 	 0.11 	 0.08
101850 	  64266 	 0.10 	 0.03
101850 	  67993 	 0.12 	 0.06
101850 	  61753 	 0.12 	 0.07
 50309 	   2986 	 0.14 	 0.08
 50309 	  51213 	 0.15 	 0.08
 50309 	  29716 	 0.16 	 0.08
 50309 	  67362 	 0.13 	 0.08
 50309 	   5103 	 0.18 	 0.08
 50309 	  76449 	 0.15 	 0.08
 50309 	  74286 	 0.15 	 0.08
 50309 	  76438 	 0.15 	 0.08
 50309 	 105523 	 0.13 	 0.08
 91740 	  64266 	 0.18 	 0.02
 59944 	   5543 	 0.11 	 0.08
 59944 	  80370 	 0.18 	 0.08
 59944 	 109693 	 0.18 	 0.08
 59944 	 131018 	 0.19 	 0.08
 59944 	  82246 	 0.10 	 0.02
 59944 	 131151 	 0.13 	 0.06
 59944 	  51213 	 0.16 	 0.03
 59944 	 110268 	 0.17 	 0.08
 59944 	 131017 	 0.12 	 0.08
 59944 	 124419 	 0.16 	 0.08
 59944 	  52894 	 0.12 	 0.08
 59944 	 108127 	 0.11 	 0.08
 59944 	 120065 	 0.11 	 0.08
 59944 	 101365 	 0.18 	 0.08
 59944 	   2524 	 0.19 	 0.06
 59944 	  82318 	 0.17 	 0.03
 59944 	  58632 	 0.11 	 0.02
 59944 	  34379 	 0.17 	 0.08
 59944 	 100142 	 0.10 	 0.03
 59944 	  95350 	 0.15 	 0.08
 59944 	  18023 	 0.15 	 0.06
 59944 	 124881 	 0.16 	 0.08
 59944 	 100744 	 0.10 	 0.03
 59944 	  77586 	 0.11 	 0.08
 80885 	  96113 	 0.16 	 0.03
 80885 	 100142 	 0.18 	 0.03
 70788 	  94908 	 0.16 	 0.03
 70788 	 118052 	 0.17 	 0.03
 70788 	 117891 	 0.17 	 0.02
 70788 	 110641 	 0.15 	 0.02
 70788 	 126869 	 0.19 	 0.02
 70788 	 106302 	 0.15 	 0.02
 70788 	 130780 	 0.19 	 0.02
 70788 	 131018 	 0.15 	 0.02
 70788 	 126626 	 0.19 	 0.02
 70788 	  85402 	 0.17 	 0.02
 70788 	  63310 	 0.19 	 0.03
 70788 	   7012 	 0.17 	 0.03
 70788 	  31490 	 0.15 	 0.09
 70788 	 102078 	 0.17 	 0.03
 70788 	 100909 	 0.18 	 0.03
 70788 	  99477 	 0.19 	 0.02
 70788 	 117951 	 0.17 	 0.03
 70788 	 105970 	 0.14 	 0.03
 70788 	 116115 	 0.15 	 0.03
 70788 	 119111 	 0.17 	 0.03
 70788 	 101544 	 0.17 	 0.03
 70788 	 115173 	 0.18 	 0.03
 70788 	 104295 	 0.17 	 0.03
 70788 	  68681 	 0.18 	 0.02
 70788 	 105733 	 0.17 	 0.03
 70788 	  36327 	 0.16 	 0.07
 70788 	 124080 	 0.16 	 0.03
 70788 	  97207 	 0.17 	 0.02
 70788 	 107568 	 0.12 	 0.01
 70788 	 129208 	 0.18 	 0.02
 70788 	  98252 	 0.16 	 0.02
 70788 	 118768 	 0.17 	 0.03
 70788 	 101673 	 0.19 	 0.03
 70788 	 110588 	 0.17 	 0.03
 70788 	 101749 	 0.17 	 0.03
 70788 	 103677 	 0.16 	 0.03
 70788 	 122600 	 0.19 	 0.02
 70788 	  62649 	 0.14 	 0.02
 70788 	  94602 	 0.17 	 0.02
 70788 	 115220 	 0.17 	 0.03
 70788 	 124477 	 0.19 	 0.02
 70788 	 127221 	 0.19 	 0.03
 70788 	 106697 	 0.17 	 0.03
 70788 	 124177 	 0.18 	 0.03
 70788 	 105156 	 0.15 	 0.02
 70788 	 128471 	 0.19 	 0.02
 70788 	 102995 	 0.17 	 0.03
 70788 	 115465 	 0.17 	 0.03
 70788 	  95513 	 0.19 	 0.02
 70788 	 117950 	 0.19 	 0.03
 70788 	 101850 	 0.17 	 0.03
 74664 	   9595 	 0.12 	 0.07
 74664 	 100617 	 0.11 	 0.07
 74664 	  94908 	 0.18 	 0.04
 74664 	 127102 	 0.15 	 0.09
 74664 	 130387 	 0.17 	 0.09
 74664 	 102380 	 0.18 	 0.08
 74664 	  39337 	 0.16 	 0.04
 74664 	 110641 	 0.11 	 0.03
 74664 	 126869 	 0.15 	 0.09
 74664 	  97838 	 0.14 	 0.07
 74664 	 126040 	 0.17 	 0.09
 74664 	 128844 	 0.15 	 0.09
 74664 	 106205 	 0.10 	 0.09
 74664 	  99902 	 0.12 	 0.07
 74664 	 126200 	 0.11 	 0.09
 74664 	   9967 	 0.18 	 0.02
 74664 	 130983 	 0.15 	 0.09
 74664 	 126721 	 0.17 	 0.07
 74664 	 127649 	 0.19 	 0.09
 74664 	  95442 	 0.10 	 0.09
 74664 	  82503 	 0.15 	 0.07
 74664 	  31490 	 0.12 	 0.05
 74664 	 129859 	 0.19 	 0.06
 74664 	  99477 	 0.15 	 0.09
 74664 	 127855 	 0.14 	 0.09
 74664 	   4363 	 0.12 	 0.09
 74664 	 119325 	 0.15 	 0.09
 74664 	 118363 	 0.12 	 0.09
 74664 	  67846 	 0.14 	 0.09
 74664 	 100782 	 0.14 	 0.09
 74664 	 129960 	 0.12 	 0.07
 74664 	  81306 	 0.14 	 0.09
 74664 	 104295 	 0.13 	 0.04
 74664 	  91637 	 0.15 	 0.04
 74664 	 102383 	 0.10 	 0.09
 74664 	 119311 	 0.15 	 0.09
 74664 	 124080 	 0.18 	 0.04
 74664 	 103133 	 0.13 	 0.04
 74664 	 107568 	 0.13 	 0.05
 74664 	  98252 	 0.13 	 0.09
 74664 	  99455 	 0.14 	 0.09
 74664 	 102481 	 0.17 	 0.09
 74664 	 115606 	 0.17 	 0.09
 74664 	 101749 	 0.13 	 0.04
 74664 	 103677 	 0.18 	 0.04
 74664 	  82318 	 0.19 	 0.04
 74664 	  64266 	 0.13 	 0.03
 74664 	  58632 	 0.14 	 0.03
 74664 	  83275 	 0.16 	 0.04
 74664 	 115220 	 0.13 	 0.04
 74664 	  58416 	 0.16 	 0.03
 74664 	  16404 	 0.14 	 0.09
 74664 	 101648 	 0.15 	 0.09
 74664 	 111297 	 0.19 	 0.09
 74664 	 106697 	 0.13 	 0.04
 74664 	 102995 	 0.13 	 0.04
 74664 	  82463 	 0.11 	 0.03
 74664 	 115465 	 0.13 	 0.03
 74664 	  18023 	 0.19 	 0.09
 74664 	  65978 	 0.10 	 0.05
 74664 	 122891 	 0.13 	 0.07
 74664 	 126974 	 0.13 	 0.09
 74664 	 123022 	 0.16 	 0.09
 74664 	 118234 	 0.15 	 0.04
 74664 	 115883 	 0.13 	 0.09
 74664 	 103973 	 0.11 	 0.09
 74664 	  52250 	 0.10 	 0.04
 74664 	 126651 	 0.12 	 0.09
 74664 	 113681 	 0.15 	 0.09
 74664 	 108160 	 0.18 	 0.09
 74664 	 128300 	 0.12 	 0.04
 74664 	  50309 	 0.13 	 0.08
106244 	  62649 	 0.10 	 0.05
108765 	   9595 	 0.11 	 0.02
108765 	  88141 	 0.17 	 0.03
108765 	  78533 	 0.18 	 0.04
108765 	   9967 	 0.19 	 0.06
108765 	  85402 	 0.10 	 0.02
108765 	  10217 	 0.14 	 0.03
108765 	  44074 	 0.18 	 0.04
108765 	  81306 	 0.13 	 0.02
108765 	   2332 	 0.16 	 0.04
108765 	  68681 	 0.14 	 0.03
108765 	  72992 	 0.16 	 0.04
108765 	  16479 	 0.17 	 0.04
108765 	  76449 	 0.18 	 0.04
108765 	 107568 	 0.16 	 0.01
108765 	  10274 	 0.19 	 0.03
108765 	  79768 	 0.18 	 0.03
108765 	  16404 	 0.11 	 0.02
108765 	  81262 	 0.13 	 0.03
108765 	  74286 	 0.18 	 0.04
108765 	  70314 	 0.19 	 0.03
108765 	  82463 	 0.19 	 0.03
108765 	  48728 	 0.13 	 0.03
108765 	  86335 	 0.16 	 0.04
108765 	  61797 	 0.16 	 0.04
108765 	  76438 	 0.18 	 0.04
108765 	 105523 	 0.16 	 0.04
108765 	  67672 	 0.16 	 0.01
108765 	  80885 	 0.19 	 0.03
108765 	  74664 	 0.18 	 0.04
119270 	  85402 	 0.10 	 0.06
119270 	  85890 	 0.12 	 0.08
119270 	  68681 	 0.18 	 0.08
119270 	  95336 	 0.10 	 0.06
119270 	  64266 	 0.11 	 0.02
119270 	  59944 	 0.17 	 0.08
126646 	  80370 	 0.17 	 0.08
126646 	 130780 	 0.18 	 0.08
126646 	  82246 	 0.16 	 0.02
126646 	  91926 	 0.17 	 0.08
126646 	  82503 	 0.16 	 0.05
126646 	  96113 	 0.17 	 0.03
126646 	  52894 	 0.15 	 0.08
126646 	  43129 	 0.18 	 0.06
126646 	 108127 	 0.18 	 0.08
126646 	 120065 	 0.18 	 0.08
126646 	 101365 	 0.15 	 0.08
126646 	 100142 	 0.18 	 0.03
126646 	 121308 	 0.15 	 0.08
126646 	 109086 	 0.18 	 0.08
126646 	 100744 	 0.18 	 0.03
126646 	  70788 	 0.17 	 0.02
108254 	  62649 	 0.17 	 0.07
108254 	  64266 	 0.11 	 0.03
108254 	  61753 	 0.17 	 0.07
103038 	   9595 	 0.18 	 0.07
103038 	  82246 	 0.19 	 0.03
103038 	  85402 	 0.14 	 0.09
103038 	  31770 	 0.10 	 0.06
103038 	  77153 	 0.11 	 0.05
103038 	  95336 	 0.14 	 0.08
103038 	  62649 	 0.13 	 0.07
103038 	  77148 	 0.13 	 0.06
103038 	  67993 	 0.13 	 0.06
103038 	  61753 	 0.12 	 0.07
103038 	  70788 	 0.18 	 0.03
126048 	  82246 	 0.16 	 0.02
 99548 	   9595 	 0.12 	 0.05
 99548 	  81305 	 0.17 	 0.08
 99548 	  85402 	 0.10 	 0.06
 99548 	  85890 	 0.10 	 0.08
 99548 	  69633 	 0.16 	 0.06
 99548 	  16404 	 0.19 	 0.06
 99548 	  67672 	 0.15 	 0.07
 99548 	  59944 	 0.15 	 0.08
 86131 	  64266 	 0.11 	 0.02
  7854 	   4793 	 0.14 	 0.03
  7854 	   9967 	 0.18 	 0.02
  7854 	  64266 	 0.12 	 0.03
  7854 	  82463 	 0.13 	 0.03
  7854 	  67672 	 0.12 	 0.06
126574 	  64266 	 0.17 	 0.02
 66058 	  85402 	 0.13 	 0.06
 66058 	  85890 	 0.15 	 0.08
 66058 	  68681 	 0.18 	 0.08
 66058 	  95336 	 0.12 	 0.06
 66058 	 107568 	 0.13 	 0.03
 66058 	  62649 	 0.11 	 0.05
 66058 	  64266 	 0.13 	 0.02
 66058 	  61753 	 0.11 	 0.05
 66058 	  59944 	 0.18 	 0.08
127707 	  82246 	 0.16 	 0.02
127707 	  82503 	 0.18 	 0.05
127707 	 131017 	 0.19 	 0.08
127707 	  70788 	 0.18 	 0.02
 94837 	 105733 	 0.13 	 0.06
 94837 	  82318 	 0.17 	 0.01
 94837 	 119884 	 0.19 	 0.06
 94837 	 111227 	 0.19 	 0.06
126274 	   2986 	 0.19 	 0.09
126274 	  96113 	 0.14 	 0.02
126274 	  67362 	 0.19 	 0.09
126274 	   5103 	 0.16 	 0.09
126274 	  76449 	 0.12 	 0.09
126274 	 108273 	 0.12 	 0.09
126274 	  82318 	 0.19 	 0.02
126274 	  74286 	 0.12 	 0.09
126274 	  76438 	 0.12 	 0.09
126274 	 119884 	 0.14 	 0.09
126274 	 122171 	 0.19 	 0.09
126274 	  74664 	 0.12 	 0.09
124069 	  88141 	 0.19 	 0.08
124069 	  82246 	 0.18 	 0.02
124069 	  70788 	 0.19 	 0.02
119890 	   9595 	 0.16 	 0.07
119890 	  69633 	 0.15 	 0.09
119890 	  64266 	 0.13 	 0.03
 41611 	   9595 	 0.12 	 0.07
 41611 	 100617 	 0.11 	 0.07
 41611 	  94908 	 0.18 	 0.04
 41611 	 127102 	 0.15 	 0.09
 41611 	 130387 	 0.17 	 0.09
 41611 	 102380 	 0.18 	 0.08
 41611 	  39337 	 0.16 	 0.04
 41611 	 110641 	 0.11 	 0.03
 41611 	 126869 	 0.15 	 0.09
 41611 	  97838 	 0.14 	 0.07
 41611 	 126040 	 0.17 	 0.09
 41611 	 128844 	 0.15 	 0.09
 41611 	 106205 	 0.10 	 0.09
 41611 	  99902 	 0.12 	 0.07
 41611 	 126200 	 0.11 	 0.09
 41611 	   9967 	 0.18 	 0.02
 41611 	 130983 	 0.15 	 0.09
 41611 	 126721 	 0.17 	 0.07
 41611 	 127649 	 0.19 	 0.09
 41611 	  95442 	 0.10 	 0.09
 41611 	  82503 	 0.15 	 0.07
 41611 	  31490 	 0.12 	 0.05
 41611 	 129859 	 0.19 	 0.06
 41611 	  99477 	 0.15 	 0.09
 41611 	 127855 	 0.14 	 0.09
 41611 	   4363 	 0.12 	 0.09
 41611 	 119325 	 0.15 	 0.09
 41611 	 118363 	 0.12 	 0.09
 41611 	  67846 	 0.14 	 0.09
 41611 	 100782 	 0.14 	 0.09
 41611 	 129960 	 0.12 	 0.07
 41611 	  81306 	 0.14 	 0.09
 41611 	 104295 	 0.13 	 0.04
 41611 	  91637 	 0.15 	 0.04
 41611 	 102383 	 0.10 	 0.09
 41611 	 119311 	 0.15 	 0.09
 41611 	 124080 	 0.18 	 0.04
 41611 	 103133 	 0.13 	 0.04
 41611 	 107568 	 0.13 	 0.05
 41611 	  98252 	 0.13 	 0.09
 41611 	  99455 	 0.14 	 0.09
 41611 	 102481 	 0.17 	 0.09
 41611 	 115606 	 0.17 	 0.09
 41611 	 101749 	 0.13 	 0.04
 41611 	 103677 	 0.18 	 0.04
 41611 	  82318 	 0.19 	 0.04
 41611 	  64266 	 0.13 	 0.03
 41611 	  58632 	 0.14 	 0.03
 41611 	  83275 	 0.16 	 0.04
 41611 	 115220 	 0.13 	 0.04
 41611 	  58416 	 0.16 	 0.03
 41611 	  16404 	 0.14 	 0.09
 41611 	 101648 	 0.15 	 0.09
 41611 	 111297 	 0.19 	 0.09
 41611 	 106697 	 0.13 	 0.04
 41611 	 102995 	 0.13 	 0.04
 41611 	  82463 	 0.11 	 0.03
 41611 	 115465 	 0.13 	 0.03
 41611 	  18023 	 0.19 	 0.09
 41611 	  65978 	 0.10 	 0.05
 41611 	 122891 	 0.13 	 0.07
 41611 	 126974 	 0.13 	 0.09
 41611 	 123022 	 0.16 	 0.09
 41611 	 118234 	 0.15 	 0.04
 41611 	 115883 	 0.13 	 0.09
 41611 	 103973 	 0.11 	 0.09
 41611 	  52250 	 0.10 	 0.04
 41611 	 126651 	 0.12 	 0.09
 41611 	 113681 	 0.15 	 0.09
 41611 	 108160 	 0.18 	 0.09
 41611 	 128300 	 0.12 	 0.04
 41611 	  50309 	 0.13 	 0.08
 41611 	 108765 	 0.16 	 0.04
 41611 	 126274 	 0.12 	 0.09
127382 	   9595 	 0.14 	 0.05
127382 	  85402 	 0.10 	 0.06
127382 	  85890 	 0.12 	 0.08
127382 	  68681 	 0.15 	 0.08
127382 	  69633 	 0.19 	 0.06
127382 	  67993 	 0.10 	 0.04
127382 	  70788 	 0.18 	 0.02
 60615 	  92753 	 0.10 	 0.05
 60615 	 100225 	 0.11 	 0.07
 60615 	  80370 	 0.10 	 0.05
 60615 	  62372 	 0.18 	 0.07
 60615 	 109693 	 0.11 	 0.05
 60615 	 105455 	 0.10 	 0.09
 60615 	  29716 	 0.16 	 0.07
 60615 	 110268 	 0.14 	 0.05
 60615 	 113290 	 0.14 	 0.07
 60615 	 122840 	 0.16 	 0.05
 60615 	 117951 	 0.10 	 0.07
 60615 	  53106 	 0.14 	 0.09
 60615 	 101892 	 0.10 	 0.07
 60615 	 115173 	 0.12 	 0.07
 60615 	  43129 	 0.14 	 0.09
 60615 	 116522 	 0.10 	 0.07
 60615 	 101365 	 0.10 	 0.05
 60615 	 119112 	 0.12 	 0.05
 60615 	  92527 	 0.10 	 0.09
 60615 	   1531 	 0.13 	 0.05
 60615 	  94602 	 0.12 	 0.05
 60615 	  83275 	 0.15 	 0.02
 60615 	 124177 	 0.10 	 0.07
 60615 	 107890 	 0.10 	 0.07
 60615 	  95350 	 0.10 	 0.05
103084 	  78533 	 0.13 	 0.04
103084 	  51213 	 0.19 	 0.04
103084 	  29716 	 0.19 	 0.04
103084 	  75641 	 0.13 	 0.01
103084 	  31770 	 0.10 	 0.02
103084 	   2332 	 0.13 	 0.04
103084 	  77153 	 0.10 	 0.01
103084 	  76449 	 0.13 	 0.04
103084 	  95336 	 0.13 	 0.02
103084 	  65192 	 0.10 	 0.02
103084 	  62649 	 0.13 	 0.02
103084 	  74286 	 0.13 	 0.04
103084 	  77148 	 0.13 	 0.02
103084 	  76438 	 0.13 	 0.04
103084 	 105523 	 0.14 	 0.04
103084 	  61753 	 0.12 	 0.02
103084 	  74664 	 0.13 	 0.04
103084 	  41611 	 0.13 	 0.04
130419 	   4793 	 0.17 	 0.05
130419 	  62372 	 0.16 	 0.07
130419 	  18307 	 0.16 	 0.07
130419 	  29716 	 0.18 	 0.07
130419 	  63310 	 0.17 	 0.07
130419 	 116115 	 0.18 	 0.07
130419 	  76449 	 0.19 	 0.07
130419 	   3208 	 0.19 	 0.07
130419 	  15972 	 0.16 	 0.07
130419 	  74286 	 0.19 	 0.07
130419 	  86335 	 0.14 	 0.07
130419 	  61797 	 0.14 	 0.07
130419 	  76438 	 0.19 	 0.07
130419 	  79171 	 0.16 	 0.07
130419 	 105523 	 0.17 	 0.07
130419 	  59944 	 0.11 	 0.05
130419 	  74664 	 0.19 	 0.07
130419 	  41611 	 0.19 	 0.07
 68575 	  85402 	 0.10 	 0.06
 68575 	  85890 	 0.11 	 0.08
 68575 	  68681 	 0.18 	 0.08
 68575 	  61753 	 0.10 	 0.05
 68575 	  59944 	 0.15 	 0.08
117924 	  10217 	 0.13 	 0.03
117924 	  75641 	 0.18 	 0.04
117924 	  61753 	 0.17 	 0.07
117924 	  70788 	 0.19 	 0.03
117924 	  60615 	 0.17 	 0.07
 62617 	   9595 	 0.12 	 0.07
 62617 	 100617 	 0.11 	 0.07
 62617 	  94908 	 0.18 	 0.04
 62617 	 127102 	 0.15 	 0.09
 62617 	 130387 	 0.17 	 0.09
 62617 	 102380 	 0.18 	 0.08
 62617 	  39337 	 0.16 	 0.04
 62617 	 110641 	 0.11 	 0.03
 62617 	 126869 	 0.15 	 0.09
 62617 	  97838 	 0.14 	 0.07
 62617 	 126040 	 0.17 	 0.09
 62617 	 128844 	 0.15 	 0.09
 62617 	 106205 	 0.10 	 0.09
 62617 	  99902 	 0.12 	 0.07
 62617 	 126200 	 0.11 	 0.09
 62617 	   9967 	 0.18 	 0.02
 62617 	 130983 	 0.15 	 0.09
 62617 	 126721 	 0.17 	 0.07
 62617 	 127649 	 0.19 	 0.09
 62617 	  95442 	 0.10 	 0.09
 62617 	  82503 	 0.15 	 0.07
 62617 	  31490 	 0.12 	 0.05
 62617 	 129859 	 0.19 	 0.06
 62617 	  99477 	 0.15 	 0.09
 62617 	 127855 	 0.14 	 0.09
 62617 	   4363 	 0.12 	 0.09
 62617 	 119325 	 0.15 	 0.09
 62617 	 118363 	 0.12 	 0.09
 62617 	  67846 	 0.14 	 0.09
 62617 	 100782 	 0.14 	 0.09
 62617 	 129960 	 0.12 	 0.07
 62617 	  81306 	 0.14 	 0.09
 62617 	 104295 	 0.13 	 0.04
 62617 	  91637 	 0.15 	 0.04
 62617 	 102383 	 0.10 	 0.09
 62617 	 119311 	 0.15 	 0.09
 62617 	 124080 	 0.18 	 0.04
 62617 	 103133 	 0.13 	 0.04
 62617 	 107568 	 0.13 	 0.05
 62617 	  98252 	 0.13 	 0.09
 62617 	  99455 	 0.14 	 0.09
 62617 	 102481 	 0.17 	 0.09
 62617 	 115606 	 0.17 	 0.09
 62617 	 101749 	 0.13 	 0.04
 62617 	 103677 	 0.18 	 0.04
 62617 	  82318 	 0.19 	 0.04
 62617 	  64266 	 0.13 	 0.03
 62617 	  58632 	 0.14 	 0.03
 62617 	  83275 	 0.16 	 0.04
 62617 	 115220 	 0.13 	 0.04
 62617 	  58416 	 0.16 	 0.03
 62617 	  16404 	 0.14 	 0.09
 62617 	 101648 	 0.15 	 0.09
 62617 	 111297 	 0.19 	 0.09
 62617 	 106697 	 0.13 	 0.04
 62617 	 102995 	 0.13 	 0.04
 62617 	  82463 	 0.11 	 0.03
 62617 	 115465 	 0.13 	 0.03
 62617 	  18023 	 0.19 	 0.09
 62617 	  65978 	 0.10 	 0.05
 62617 	 122891 	 0.13 	 0.07
 62617 	 126974 	 0.13 	 0.09
 62617 	 123022 	 0.16 	 0.09
 62617 	 118234 	 0.15 	 0.04
 62617 	 115883 	 0.13 	 0.09
 62617 	 103973 	 0.11 	 0.09
 62617 	  52250 	 0.10 	 0.04
 62617 	 126651 	 0.12 	 0.09
 62617 	 113681 	 0.15 	 0.09
 62617 	 108160 	 0.18 	 0.09
 62617 	 128300 	 0.12 	 0.04
 62617 	  50309 	 0.13 	 0.08
 62617 	 108765 	 0.16 	 0.04
 62617 	 126274 	 0.12 	 0.09
 62617 	 103084 	 0.13 	 0.04
 62617 	 130419 	 0.19 	 0.07
128707 	   9595 	 0.13 	 0.05
128707 	  88141 	 0.16 	 0.08
128707 	  10217 	 0.18 	 0.02
128707 	  81306 	 0.19 	 0.06
128707 	  69633 	 0.16 	 0.06
128707 	  64266 	 0.11 	 0.02
128707 	  16404 	 0.19 	 0.06
128707 	  67672 	 0.15 	 0.02
128707 	  70788 	 0.19 	 0.02
126992 	  78533 	 0.11 	 0.09
126992 	   2986 	 0.19 	 0.09
126992 	  44074 	 0.18 	 0.09
126992 	 116115 	 0.19 	 0.09
126992 	   2332 	 0.12 	 0.09
126992 	  76449 	 0.11 	 0.09
126992 	  95336 	 0.12 	 0.04
126992 	  74286 	 0.11 	 0.09
126992 	  76438 	 0.11 	 0.09
126992 	 105523 	 0.12 	 0.09
126992 	  61753 	 0.11 	 0.04
126992 	  74664 	 0.11 	 0.09
126992 	  41611 	 0.11 	 0.09
126992 	  62617 	 0.11 	 0.09
 96495 	   9595 	 0.13 	 0.07
 96495 	   4793 	 0.19 	 0.03
 96495 	  81306 	 0.13 	 0.09
 96495 	 107568 	 0.19 	 0.05
 96495 	  69633 	 0.11 	 0.09
 96495 	  16404 	 0.13 	 0.09
 96495 	  67672 	 0.18 	 0.03
 96495 	  70788 	 0.19 	 0.03
 51984 	 105733 	 0.19 	 0.09
 51984 	  76449 	 0.11 	 0.09
 51984 	  74286 	 0.11 	 0.09
 51984 	  76438 	 0.11 	 0.09
 51984 	  59944 	 0.14 	 0.06
 51984 	  74664 	 0.11 	 0.09
 51984 	  41611 	 0.11 	 0.09
 51984 	  62617 	 0.11 	 0.09
105872 	   9595 	 0.10 	 0.07
105872 	  81306 	 0.15 	 0.09
105872 	  16404 	 0.17 	 0.09
105872 	  70788 	 0.16 	 0.03
101248 	  82246 	 0.17 	 0.02
124765 	   9595 	 0.12 	 0.02
124765 	  85402 	 0.10 	 0.02
124765 	  10217 	 0.14 	 0.03
124765 	  81306 	 0.14 	 0.02
124765 	  72992 	 0.18 	 0.04
124765 	  16479 	 0.18 	 0.04
124765 	  69633 	 0.11 	 0.02
124765 	  79768 	 0.19 	 0.03
124765 	  16404 	 0.14 	 0.02
124765 	  81262 	 0.16 	 0.03
124765 	  48728 	 0.16 	 0.03
124765 	  86335 	 0.18 	 0.04
124765 	  61797 	 0.18 	 0.04
124765 	 105523 	 0.17 	 0.04
124765 	  67672 	 0.17 	 0.01
124765 	  59944 	 0.13 	 0.03
 95929 	   9595 	 0.19 	 0.07
 95929 	  85402 	 0.16 	 0.09
 95929 	  10217 	 0.14 	 0.03
 95929 	  95336 	 0.16 	 0.08
 95929 	  62649 	 0.14 	 0.07
 95929 	  77148 	 0.15 	 0.06
 95929 	  67993 	 0.16 	 0.06
 90122 	   4793 	 0.18 	 0.02
 90122 	  68681 	 0.12 	 0.08
 90122 	 109370 	 0.18 	 0.08
 90122 	 107568 	 0.12 	 0.08
 90122 	  64266 	 0.12 	 0.02
 90122 	 111297 	 0.15 	 0.06
 90122 	  82463 	 0.18 	 0.02
 90122 	  91740 	 0.18 	 0.08
 90122 	 126646 	 0.18 	 0.08
 90122 	 126574 	 0.16 	 0.08
