 92014 	  88141 	 -1.00 	 0.40
 39079 	 127102 	 -1.00 	 0.40
205919 	 127102 	 -1.00 	 0.40
127242 	  81305 	 -1.00 	 0.40
127242 	  92014 	 -1.00 	 0.44
127242 	 205919 	 -1.00 	 0.40
 95182 	  97838 	 -1.00 	 0.45
  5543 	 127242 	 -1.00 	 0.40
 80370 	 127242 	 -1.00 	 0.40
 75030 	  92753 	 -1.00 	 0.40
 75030 	   5543 	 -1.00 	 0.40
128844 	  39079 	 -1.00 	 0.40
106205 	 119680 	 -1.00 	 0.40
106205 	 106302 	 -1.00 	 0.40
 15511 	  92014 	 -1.00 	 0.40
 15511 	 127242 	 -1.00 	 0.40
 15511 	  75030 	 -1.00 	 0.40
122022 	  75030 	 -1.00 	 0.40
129131 	 127102 	 -1.00 	 0.49
129131 	  52768 	 -1.00 	 0.45
129131 	 128844 	 -1.00 	 0.49
126200 	 126040 	 -1.00 	 0.44
105455 	  92014 	 -1.00 	 0.44
105455 	  39079 	 -1.00 	 0.40
105455 	 127242 	 -1.00 	 0.44
 28241 	 129131 	 -1.00 	 0.45
130983 	  39079 	 -1.00 	 0.40
130983 	 129131 	 -1.00 	 0.49
 93171 	  92014 	 -1.00 	 0.40
 93171 	  75030 	 -1.00 	 0.40
 93171 	 105455 	 -1.00 	 0.40
114379 	 127102 	 -1.00 	 0.40
114379 	 128844 	 -1.00 	 0.40
114379 	 130983 	 -1.00 	 0.40
131151 	  93163 	 -1.00 	 0.40
131151 	   5543 	 -1.00 	 0.40
126721 	 127242 	 -1.00 	 0.49
126721 	  95182 	 -1.00 	 0.45
102278 	  81305 	 -1.00 	 0.40
102278 	 205919 	 -1.00 	 0.40
102278 	  15511 	 -1.00 	 0.40
102278 	 129131 	 -1.00 	 0.49
102278 	 113027 	 -1.00 	 0.40
 65408 	  97838 	 -1.00 	 0.45
 65408 	 126721 	 -1.00 	 0.45
110268 	 127102 	 -1.00 	 0.40
110268 	 128844 	 -1.00 	 0.40
110268 	 130983 	 -1.00 	 0.40
101160 	 127102 	 -1.00 	 0.40
101160 	 127242 	 -1.00 	 0.40
101160 	 128844 	 -1.00 	 0.40
101160 	 130983 	 -1.00 	 0.40
127649 	 127242 	 -1.00 	 0.44
127649 	  70752 	 -1.00 	 0.40
 90147 	 129131 	 -1.00 	 0.45
 66308 	 131151 	 -1.00 	 0.49
117081 	  99902 	 -1.00 	 0.45
 92865 	 131151 	 -1.00 	 0.40
 82503 	  52768 	 -1.00 	 0.45
 94332 	  82503 	 -1.00 	 0.45
 69026 	 102278 	 -1.00 	 0.40
114535 	 129131 	 -1.00 	 0.45
114535 	  66308 	 -1.00 	 0.45
102503 	 100617 	 -1.00 	 0.49
102503 	  96511 	 -1.00 	 0.40
102503 	 106205 	 -1.00 	 0.44
 51289 	 127102 	 -1.00 	 0.40
 51289 	 127242 	 -1.00 	 0.40
 51289 	 128844 	 -1.00 	 0.40
 51289 	 130983 	 -1.00 	 0.40
 51289 	  95442 	 -1.00 	 0.40
 94264 	  75030 	 -1.00 	 0.44
 94264 	  92865 	 -1.00 	 0.40
122840 	 127242 	 -1.00 	 0.40
122840 	 102278 	 -1.00 	 0.40
 65863 	 129131 	 -1.00 	 0.45
 65863 	  66308 	 -1.00 	 0.45
108185 	 127102 	 -1.00 	 0.40
108185 	 128844 	 -1.00 	 0.40
108185 	 130983 	 -1.00 	 0.40
108185 	  31490 	 -1.00 	 0.44
 99477 	 126869 	 -1.00 	 0.44
 99477 	 106205 	 -1.00 	 0.44
 99477 	 102503 	 -1.00 	 0.44
 72459 	  81305 	 -1.00 	 0.41
 72459 	 205919 	 -1.00 	 0.41
 72459 	  80370 	 -1.00 	 0.41
 72459 	  51289 	 -1.00 	 0.41
101510 	 127242 	 -1.00 	 0.44
101510 	 127649 	 -1.00 	 0.44
101510 	  95442 	 -1.00 	 0.44
127855 	 101160 	 -1.00 	 0.40
127855 	  95442 	 -1.00 	 0.44
127855 	  69026 	 -1.00 	 0.40
127855 	  51289 	 -1.00 	 0.40
127855 	 101510 	 -1.00 	 0.44
127451 	 126200 	 -1.00 	 0.40
  4363 	 102380 	 -1.00 	 0.40
  4363 	  39079 	 -1.00 	 0.40
  4363 	  95442 	 -1.00 	 0.44
  4363 	 127855 	 -1.00 	 0.44
 31770 	  90154 	 -1.00 	 0.42
129644 	 106205 	 -1.00 	 0.40
 93950 	 109693 	 -1.00 	 0.40
 93950 	  95442 	 -1.00 	 0.44
 93950 	 127855 	 -1.00 	 0.44
 93950 	   4363 	 -1.00 	 0.44
 58481 	 129131 	 -1.00 	 0.45
 70646 	 127102 	 -1.00 	 0.40
 70646 	 127242 	 -1.00 	 0.40
 70646 	 128844 	 -1.00 	 0.40
 70646 	 130983 	 -1.00 	 0.40
 70646 	  95442 	 -1.00 	 0.40
 70646 	  72459 	 -1.00 	 0.41
 70646 	 127855 	 -1.00 	 0.40
 70646 	  93950 	 -1.00 	 0.40
118363 	 127242 	 -1.00 	 0.44
118363 	 127649 	 -1.00 	 0.44
118363 	 101510 	 -1.00 	 0.44
118363 	   4363 	 -1.00 	 0.44
 67846 	 110268 	 -1.00 	 0.40
 67846 	 101160 	 -1.00 	 0.40
 67846 	  95442 	 -1.00 	 0.44
 67846 	  82503 	 -1.00 	 0.49
 67846 	 127855 	 -1.00 	 0.44
 67846 	   4363 	 -1.00 	 0.44
 67846 	  93950 	 -1.00 	 0.44
 67846 	 118363 	 -1.00 	 0.44
100782 	  51289 	 -1.00 	 0.40
100782 	  70646 	 -1.00 	 0.40
100782 	 118363 	 -1.00 	 0.44
 53106 	  95442 	 -1.00 	 0.44
 53106 	  82503 	 -1.00 	 0.49
 53106 	 127855 	 -1.00 	 0.44
 53106 	   4363 	 -1.00 	 0.44
 53106 	 118363 	 -1.00 	 0.44
129960 	  90147 	 -1.00 	 0.45
129960 	   4363 	 -1.00 	 0.49
129960 	  58481 	 -1.00 	 0.45
 81306 	  95442 	 -1.00 	 0.44
 81306 	 127855 	 -1.00 	 0.44
 81306 	   4363 	 -1.00 	 0.44
 81306 	  93950 	 -1.00 	 0.44
 81306 	 118363 	 -1.00 	 0.44
126216 	 127242 	 -1.00 	 0.40
126216 	 100782 	 -1.00 	 0.40
130986 	 102380 	 -1.00 	 0.40
130986 	  81305 	 -1.00 	 0.40
130986 	  92014 	 -1.00 	 0.44
130986 	 205919 	 -1.00 	 0.40
130986 	  80370 	 -1.00 	 0.40
130986 	 126200 	 -1.00 	 0.44
130986 	 105455 	 -1.00 	 0.44
130986 	 101160 	 -1.00 	 0.40
130986 	  51289 	 -1.00 	 0.40
130986 	 122840 	 -1.00 	 0.40
130986 	   4363 	 -1.00 	 0.44
130986 	  70646 	 -1.00 	 0.40
130986 	 129960 	 -1.00 	 0.49
124419 	 105455 	 -1.00 	 0.40
124419 	  93950 	 -1.00 	 0.40
124419 	 118363 	 -1.00 	 0.40
124419 	 100782 	 -1.00 	 0.40
 91637 	  67846 	 -1.00 	 0.47
 91637 	  53106 	 -1.00 	 0.47
 91637 	  81306 	 -1.00 	 0.47
102383 	 126869 	 -1.00 	 0.44
102383 	 105455 	 -1.00 	 0.44
102383 	 126721 	 -1.00 	 0.49
102383 	 127649 	 -1.00 	 0.44
102383 	  99477 	 -1.00 	 0.44
102383 	 101510 	 -1.00 	 0.44
102383 	  70646 	 -1.00 	 0.40
102383 	 118363 	 -1.00 	 0.44
102383 	 124419 	 -1.00 	 0.40
 52894 	 127102 	 -1.00 	 0.40
 52894 	 127242 	 -1.00 	 0.40
 52894 	 128844 	 -1.00 	 0.40
 52894 	 105455 	 -1.00 	 0.40
 52894 	 130983 	 -1.00 	 0.40
 52894 	  67846 	 -1.00 	 0.40
 52894 	 130986 	 -1.00 	 0.40
128762 	 102380 	 -1.00 	 0.40
128762 	  81305 	 -1.00 	 0.40
128762 	  92014 	 -1.00 	 0.44
128762 	 205919 	 -1.00 	 0.40
128762 	 126200 	 -1.00 	 0.44
128762 	 101160 	 -1.00 	 0.40
128762 	  51289 	 -1.00 	 0.40
128762 	   4363 	 -1.00 	 0.44
128762 	  70646 	 -1.00 	 0.40
128762 	 129960 	 -1.00 	 0.49
128762 	  52894 	 -1.00 	 0.40
 43129 	  95442 	 -1.00 	 0.44
 43129 	  82503 	 -1.00 	 0.49
 43129 	  91637 	 -1.00 	 0.47
 77153 	  81305 	 -1.00 	 0.47
 77153 	 205919 	 -1.00 	 0.47
  8179 	 129131 	 -1.00 	 0.45
  8179 	  66308 	 -1.00 	 0.45
  2622 	 102380 	 -1.00 	 0.40
  2622 	   4363 	 -1.00 	 0.44
  2622 	 130986 	 -1.00 	 0.44
  2622 	 128762 	 -1.00 	 0.44
 97207 	 128397 	 -1.00 	 0.40
 91880 	 127649 	 -1.00 	 0.40
101463 	  92753 	 -1.00 	 0.40
101463 	 102380 	 -1.00 	 0.40
101463 	  39079 	 -1.00 	 0.40
101463 	  93171 	 -1.00 	 0.40
101463 	  66308 	 -1.00 	 0.49
101463 	   4363 	 -1.00 	 0.44
101463 	 130986 	 -1.00 	 0.44
101463 	  52894 	 -1.00 	 0.40
101463 	 128762 	 -1.00 	 0.44
101463 	   2622 	 -1.00 	 0.44
108127 	 131151 	 -1.00 	 0.40
108127 	 130986 	 -1.00 	 0.40
120065 	  92014 	 -1.00 	 0.40
 95336 	  85402 	 -1.00 	 0.40
114673 	 129131 	 -1.00 	 0.45
111666 	 106205 	 -1.00 	 0.40
 98252 	 100617 	 -1.00 	 0.49
 98252 	  99477 	 -1.00 	 0.44
 98252 	 125839 	 -1.00 	 0.40
 73957 	 127242 	 -1.00 	 0.40
 73957 	 127649 	 -1.00 	 0.40
 73957 	  31490 	 -1.00 	 0.44
 73957 	 101463 	 -1.00 	 0.40
 85142 	  97838 	 -1.00 	 0.45
 85142 	 129131 	 -1.00 	 0.45
 85142 	 126721 	 -1.00 	 0.45
 85142 	  82503 	 -1.00 	 0.45
 85142 	 129960 	 -1.00 	 0.45
 69633 	  95442 	 -1.00 	 0.44
 69633 	 127855 	 -1.00 	 0.44
 69633 	   4363 	 -1.00 	 0.44
 69633 	  93950 	 -1.00 	 0.44
 69633 	 118363 	 -1.00 	 0.44
 69633 	  91637 	 -1.00 	 0.47
128974 	 119325 	 -1.00 	 0.40
128974 	 119311 	 -1.00 	 0.40
 10274 	 127102 	 -1.00 	 0.40
 10274 	 127242 	 -1.00 	 0.40
 10274 	 128844 	 -1.00 	 0.40
 10274 	 130983 	 -1.00 	 0.40
 10274 	 102278 	 -1.00 	 0.40
 10274 	  72459 	 -1.00 	 0.41
 10274 	 130986 	 -1.00 	 0.40
 10274 	 128762 	 -1.00 	 0.40
 10274 	  77153 	 -1.00 	 0.47
 79768 	 127102 	 -1.00 	 0.40
 79768 	 127242 	 -1.00 	 0.40
 79768 	 128844 	 -1.00 	 0.40
 79768 	 130983 	 -1.00 	 0.40
 79768 	 102278 	 -1.00 	 0.40
 79768 	  95442 	 -1.00 	 0.40
 79768 	  72459 	 -1.00 	 0.41
 79768 	 127855 	 -1.00 	 0.40
 79768 	 100782 	 -1.00 	 0.40
 79768 	 130986 	 -1.00 	 0.40
 79768 	 128762 	 -1.00 	 0.40
 79768 	  77153 	 -1.00 	 0.47
 65192 	  90154 	 -1.00 	 0.42
 65192 	  85402 	 -1.00 	 0.42
 65192 	  95336 	 -1.00 	 0.49
122945 	 127102 	 -1.00 	 0.40
122945 	 128844 	 -1.00 	 0.40
122945 	 130983 	 -1.00 	 0.40
122945 	  93950 	 -1.00 	 0.40
122945 	  53106 	 -1.00 	 0.40
119617 	  98252 	 -1.00 	 0.40
 99455 	  96511 	 -1.00 	 0.40
 99455 	 126869 	 -1.00 	 0.44
 99455 	 106205 	 -1.00 	 0.44
 99455 	 102503 	 -1.00 	 0.44
 99455 	 102383 	 -1.00 	 0.44
 99455 	  98252 	 -1.00 	 0.44
102481 	 127242 	 -1.00 	 0.44
102481 	 127649 	 -1.00 	 0.44
102481 	 101510 	 -1.00 	 0.44
119112 	  93950 	 -1.00 	 0.40
  2524 	  95442 	 -1.00 	 0.44
  2524 	  82503 	 -1.00 	 0.49
  2524 	 127855 	 -1.00 	 0.44
  2524 	   4363 	 -1.00 	 0.44
  2524 	  93950 	 -1.00 	 0.44
  2524 	 118363 	 -1.00 	 0.44
  2524 	  91637 	 -1.00 	 0.47
  2524 	  52894 	 -1.00 	 0.40
  2524 	 122945 	 -1.00 	 0.40
 37464 	  97838 	 -1.00 	 0.45
 37464 	 129131 	 -1.00 	 0.45
 37464 	 126721 	 -1.00 	 0.45
 37464 	  82503 	 -1.00 	 0.45
 37464 	 129960 	 -1.00 	 0.45
  2996 	 129131 	 -1.00 	 0.45
  2996 	 126721 	 -1.00 	 0.45
  2996 	  82503 	 -1.00 	 0.45
  2996 	 129960 	 -1.00 	 0.45
115606 	  39079 	 -1.00 	 0.40
115606 	 122022 	 -1.00 	 0.40
115606 	 129131 	 -1.00 	 0.49
115606 	 114379 	 -1.00 	 0.40
115606 	   5646 	 -1.00 	 0.40
115606 	 100782 	 -1.00 	 0.44
115606 	  73957 	 -1.00 	 0.40
 92527 	  92014 	 -1.00 	 0.44
 92527 	 127242 	 -1.00 	 0.44
 92527 	  70752 	 -1.00 	 0.40
 92527 	 127649 	 -1.00 	 0.44
 92527 	 130986 	 -1.00 	 0.44
 92527 	   2622 	 -1.00 	 0.44
  2251 	 101510 	 -1.00 	 0.40
  2251 	 102383 	 -1.00 	 0.40
 75566 	  92753 	 -1.00 	 0.40
 75566 	  88141 	 -1.00 	 0.40
 75566 	  39079 	 -1.00 	 0.40
 75566 	  15511 	 -1.00 	 0.40
 75566 	  93171 	 -1.00 	 0.40
 75566 	 131151 	 -1.00 	 0.44
 75566 	  66308 	 -1.00 	 0.49
 75566 	  52894 	 -1.00 	 0.40
 75566 	 108127 	 -1.00 	 0.40
 52224 	  92753 	 -1.00 	 0.40
 52224 	  92014 	 -1.00 	 0.44
 52224 	  39079 	 -1.00 	 0.40
 52224 	 127242 	 -1.00 	 0.44
 52224 	  88333 	 -1.00 	 0.40
 52224 	  93171 	 -1.00 	 0.40
 52224 	 130986 	 -1.00 	 0.44
 52224 	  52894 	 -1.00 	 0.40
 52224 	 128762 	 -1.00 	 0.44
 52224 	  73957 	 -1.00 	 0.40
 52224 	  92527 	 -1.00 	 0.44
  1531 	  92014 	 -1.00 	 0.40
  1531 	  75566 	 -1.00 	 0.40
 62649 	  72992 	 -1.00 	 0.45
 62649 	  16479 	 -1.00 	 0.45
 62649 	  65192 	 -1.00 	 0.45
 90137 	 129131 	 -1.00 	 0.45
 90137 	 129960 	 -1.00 	 0.45
 58632 	  82503 	 -1.00 	 0.44
 62268 	 102278 	 -1.00 	 0.49
 62268 	  82503 	 -1.00 	 0.40
 62268 	  43129 	 -1.00 	 0.49
 62268 	  37464 	 -1.00 	 0.45
 58416 	  82503 	 -1.00 	 0.44
 52786 	  93950 	 -1.00 	 0.40
 52786 	 118363 	 -1.00 	 0.40
 16404 	  95442 	 -1.00 	 0.44
 16404 	 127855 	 -1.00 	 0.44
 16404 	   4363 	 -1.00 	 0.44
 16404 	  93950 	 -1.00 	 0.44
 16404 	 118363 	 -1.00 	 0.44
 16404 	  91637 	 -1.00 	 0.47
 16404 	 122945 	 -1.00 	 0.40
 16404 	  62268 	 -1.00 	 0.49
124477 	  98252 	 -1.00 	 0.40
 81262 	 102278 	 -1.00 	 0.40
 81262 	  72459 	 -1.00 	 0.41
 81262 	  77153 	 -1.00 	 0.47
101648 	  70646 	 -1.00 	 0.40
101648 	 118363 	 -1.00 	 0.44
101648 	 124419 	 -1.00 	 0.40
101648 	 115606 	 -1.00 	 0.44
111297 	  70752 	 -1.00 	 0.40
111297 	 108185 	 -1.00 	 0.40
111297 	  73957 	 -1.00 	 0.40
 34379 	  94264 	 -1.00 	 0.40
 34379 	  75566 	 -1.00 	 0.40
 65782 	  97838 	 -1.00 	 0.45
 65782 	 129131 	 -1.00 	 0.45
 65782 	 126721 	 -1.00 	 0.45
 65782 	  82503 	 -1.00 	 0.45
 65782 	 129960 	 -1.00 	 0.45
 65782 	  62268 	 -1.00 	 0.45
116898 	  93950 	 -1.00 	 0.40
 51767 	   9595 	 -1.00 	 0.45
 51767 	 127242 	 -1.00 	 0.42
 51767 	 129131 	 -1.00 	 0.45
 51767 	 102278 	 -1.00 	 0.42
 51767 	  62268 	 -1.00 	 0.45
 28201 	  95442 	 -1.00 	 0.44
 28201 	  82503 	 -1.00 	 0.49
 28201 	 127855 	 -1.00 	 0.44
 28201 	   4363 	 -1.00 	 0.44
 28201 	  93950 	 -1.00 	 0.44
 28201 	 118363 	 -1.00 	 0.44
 28201 	  91637 	 -1.00 	 0.47
 28201 	  52894 	 -1.00 	 0.40
 74885 	  85402 	 -1.00 	 0.43
 74885 	  95336 	 -1.00 	 0.48
 95409 	 106205 	 -1.00 	 0.40
 99213 	 119325 	 -1.00 	 0.40
 99213 	 119311 	 -1.00 	 0.40
 77148 	   9595 	 -1.00 	 0.45
 77148 	 127102 	 -1.00 	 0.42
 77148 	  97838 	 -1.00 	 0.45
 77148 	 128844 	 -1.00 	 0.42
 77148 	 130983 	 -1.00 	 0.42
 77148 	 126721 	 -1.00 	 0.45
 77148 	 102383 	 -1.00 	 0.42
 77148 	  69633 	 -1.00 	 0.42
 77148 	  62268 	 -1.00 	 0.45
 77148 	  16404 	 -1.00 	 0.42
 70314 	 127102 	 -1.00 	 0.40
 70314 	 127242 	 -1.00 	 0.40
 70314 	 128844 	 -1.00 	 0.40
 70314 	 130983 	 -1.00 	 0.40
 70314 	 102278 	 -1.00 	 0.40
 70314 	  72459 	 -1.00 	 0.41
 70314 	 130986 	 -1.00 	 0.40
 70314 	 128762 	 -1.00 	 0.40
 70314 	  77153 	 -1.00 	 0.47
  3715 	  82503 	 -1.00 	 0.45
115258 	  92014 	 -1.00 	 0.40
115258 	  94264 	 -1.00 	 0.40
115258 	   2622 	 -1.00 	 0.40
 69513 	 127242 	 -1.00 	 0.40
 69513 	  75030 	 -1.00 	 0.40
 69513 	 102278 	 -1.00 	 0.40
 69513 	  93950 	 -1.00 	 0.40
 69513 	  67846 	 -1.00 	 0.40
 69513 	   2622 	 -1.00 	 0.40
 69513 	  28201 	 -1.00 	 0.40
 87759 	  90154 	 -1.00 	 0.42
 87759 	  65192 	 -1.00 	 0.48
 87759 	  62649 	 -1.00 	 0.41
126248 	 102481 	 -1.00 	 0.40
  2267 	 129131 	 -1.00 	 0.45
  2267 	  66308 	 -1.00 	 0.45
   514 	 129131 	 -1.00 	 0.45
   514 	  82503 	 -1.00 	 0.45
 95350 	  92014 	 -1.00 	 0.40
 95350 	  75030 	 -1.00 	 0.40
 95350 	 105455 	 -1.00 	 0.40
 95350 	 101463 	 -1.00 	 0.40
101486 	 102503 	 -1.00 	 0.40
101809 	 119325 	 -1.00 	 0.40
101809 	 119311 	 -1.00 	 0.40
 48728 	 102278 	 -1.00 	 0.40
 48728 	  72459 	 -1.00 	 0.41
 48728 	  77153 	 -1.00 	 0.47
 95513 	 119325 	 -1.00 	 0.40
 95513 	 119311 	 -1.00 	 0.40
 94015 	  92014 	 -1.00 	 0.40
 94015 	  75030 	 -1.00 	 0.40
 94015 	 131151 	 -1.00 	 0.40
 94015 	  94264 	 -1.00 	 0.40
 94015 	   2622 	 -1.00 	 0.40
 94015 	  75566 	 -1.00 	 0.40
117213 	 115606 	 -1.00 	 0.40
117213 	  52224 	 -1.00 	 0.40
 94005 	 129131 	 -1.00 	 0.45
 65978 	  81305 	 -1.00 	 0.47
 65978 	 205919 	 -1.00 	 0.47
 65978 	  80370 	 -1.00 	 0.47
 65978 	  10274 	 -1.00 	 0.47
 65978 	  79768 	 -1.00 	 0.47
 65978 	  81262 	 -1.00 	 0.47
 65978 	  70314 	 -1.00 	 0.47
 65978 	  48728 	 -1.00 	 0.47
109086 	  52224 	 -1.00 	 0.40
122891 	  50275 	 -1.00 	 0.45
122891 	  82555 	 -1.00 	 0.45
122891 	  95182 	 -1.00 	 0.45
122891 	  52768 	 -1.00 	 0.45
122891 	  65408 	 -1.00 	 0.45
122891 	  94332 	 -1.00 	 0.45
122891 	  31490 	 -1.00 	 0.46
122891 	  85142 	 -1.00 	 0.45
122891 	  37464 	 -1.00 	 0.45
122891 	   2996 	 -1.00 	 0.45
122891 	 101648 	 -1.00 	 0.49
122891 	 111297 	 -1.00 	 0.49
122891 	  65782 	 -1.00 	 0.45
122891 	    514 	 -1.00 	 0.45
124881 	 105455 	 -1.00 	 0.40
124881 	  93950 	 -1.00 	 0.40
124881 	 118363 	 -1.00 	 0.40
124881 	 100782 	 -1.00 	 0.40
124881 	 102383 	 -1.00 	 0.40
126974 	 130986 	 -1.00 	 0.44
126974 	   2622 	 -1.00 	 0.44
126974 	 101463 	 -1.00 	 0.44
126974 	  73957 	 -1.00 	 0.40
129421 	  92014 	 -1.00 	 0.40
129421 	  72459 	 -1.00 	 0.41
129421 	  75566 	 -1.00 	 0.40
129421 	  28201 	 -1.00 	 0.40
113610 	 106205 	 -1.00 	 0.40
 67993 	   9595 	 -1.00 	 0.45
 67993 	 127242 	 -1.00 	 0.42
 67993 	 129131 	 -1.00 	 0.45
 67993 	 102278 	 -1.00 	 0.42
 67993 	  72459 	 -1.00 	 0.45
 67993 	  67846 	 -1.00 	 0.42
 67993 	  81306 	 -1.00 	 0.42
 67993 	  77153 	 -1.00 	 0.42
 67993 	  62268 	 -1.00 	 0.45
 98991 	  92014 	 -1.00 	 0.44
 98991 	 127242 	 -1.00 	 0.44
 98991 	  69026 	 -1.00 	 0.40
 98991 	 130986 	 -1.00 	 0.44
 98991 	 128762 	 -1.00 	 0.44
 98991 	  52224 	 -1.00 	 0.44
 61753 	  75641 	 -1.00 	 0.41
 61753 	  72992 	 -1.00 	 0.45
 61753 	  16479 	 -1.00 	 0.45
 61753 	  65192 	 -1.00 	 0.45
 93696 	 114535 	 -1.00 	 0.45
 93696 	  65863 	 -1.00 	 0.45
 93696 	   8179 	 -1.00 	 0.45
 93696 	   2267 	 -1.00 	 0.45
 93696 	  94005 	 -1.00 	 0.45
 58883 	 102278 	 -1.00 	 0.40
 58883 	   4363 	 -1.00 	 0.40
 58883 	 130986 	 -1.00 	 0.40
 58883 	 128762 	 -1.00 	 0.40
 58883 	   2622 	 -1.00 	 0.40
 58883 	 115606 	 -1.00 	 0.40
 58883 	 126974 	 -1.00 	 0.40
123022 	 130387 	 -1.00 	 0.44
123022 	 126721 	 -1.00 	 0.49
123022 	 127649 	 -1.00 	 0.44
123022 	 101510 	 -1.00 	 0.44
123022 	 118363 	 -1.00 	 0.44
123022 	  77148 	 -1.00 	 0.42
115883 	 106567 	 -1.00 	 0.40
115883 	  94927 	 -1.00 	 0.40
115883 	 117891 	 -1.00 	 0.40
115883 	 110641 	 -1.00 	 0.40
115883 	 130665 	 -1.00 	 0.40
115883 	 127242 	 -1.00 	 0.44
115883 	 126626 	 -1.00 	 0.40
115883 	 101510 	 -1.00 	 0.44
115883 	 118363 	 -1.00 	 0.44
115883 	 129434 	 -1.00 	 0.40
115883 	 128492 	 -1.00 	 0.40
115883 	 102383 	 -1.00 	 0.44
115883 	 102481 	 -1.00 	 0.44
115883 	  92527 	 -1.00 	 0.44
115883 	   2251 	 -1.00 	 0.40
115883 	 128471 	 -1.00 	 0.40
115883 	 123022 	 -1.00 	 0.44
103973 	  97838 	 -1.00 	 0.49
103973 	 126721 	 -1.00 	 0.49
103973 	 110268 	 -1.00 	 0.40
103973 	 101160 	 -1.00 	 0.40
103973 	  95442 	 -1.00 	 0.44
103973 	  69026 	 -1.00 	 0.40
103973 	  51289 	 -1.00 	 0.40
103973 	 127855 	 -1.00 	 0.44
103973 	   4363 	 -1.00 	 0.44
103973 	  93950 	 -1.00 	 0.44
103973 	  70646 	 -1.00 	 0.40
103973 	  67846 	 -1.00 	 0.44
103973 	  53106 	 -1.00 	 0.44
103973 	  81306 	 -1.00 	 0.44
103973 	  52894 	 -1.00 	 0.40
103973 	  43129 	 -1.00 	 0.44
103973 	   2622 	 -1.00 	 0.44
103973 	  91880 	 -1.00 	 0.40
103973 	  73957 	 -1.00 	 0.40
103973 	  69633 	 -1.00 	 0.44
103973 	  79768 	 -1.00 	 0.40
103973 	 122945 	 -1.00 	 0.40
103973 	   2524 	 -1.00 	 0.44
103973 	  92527 	 -1.00 	 0.44
103973 	  16404 	 -1.00 	 0.44
103973 	  28201 	 -1.00 	 0.44
103973 	 115258 	 -1.00 	 0.40
103973 	 122891 	 -1.00 	 0.49
121157 	 102383 	 -1.00 	 0.40
121157 	 111297 	 -1.00 	 0.40
121157 	 123022 	 -1.00 	 0.40
121157 	 115883 	 -1.00 	 0.40
 31394 	 127102 	 -1.00 	 0.40
 31394 	 127242 	 -1.00 	 0.40
 31394 	 128844 	 -1.00 	 0.40
 31394 	 130983 	 -1.00 	 0.40
 31394 	 102278 	 -1.00 	 0.40
 31394 	  72459 	 -1.00 	 0.41
 31394 	 130986 	 -1.00 	 0.40
 31394 	 128762 	 -1.00 	 0.40
 31394 	  77153 	 -1.00 	 0.47
 31394 	  65978 	 -1.00 	 0.47
123045 	  81305 	 -1.00 	 0.40
123045 	 205919 	 -1.00 	 0.40
123045 	  69026 	 -1.00 	 0.40
123045 	 108185 	 -1.00 	 0.40
123045 	  10274 	 -1.00 	 0.40
123045 	  79768 	 -1.00 	 0.40
123045 	  81262 	 -1.00 	 0.40
123045 	  70314 	 -1.00 	 0.40
123045 	  69513 	 -1.00 	 0.40
123045 	  48728 	 -1.00 	 0.40
123045 	  31394 	 -1.00 	 0.40
  2268 	 129131 	 -1.00 	 0.45
  2268 	  93696 	 -1.00 	 0.45
  7303 	 110268 	 -1.00 	 0.45
  7303 	  91637 	 -1.00 	 0.42
  7303 	  52894 	 -1.00 	 0.45
  7303 	  10274 	 -1.00 	 0.45
  7303 	 122945 	 -1.00 	 0.45
 92509 	 126721 	 -1.00 	 0.45
113681 	 106302 	 -1.00 	 0.40
113681 	 129644 	 -1.00 	 0.40
113681 	 125839 	 -1.00 	 0.40
113681 	  95781 	 -1.00 	 0.40
113681 	 126248 	 -1.00 	 0.40
 75661 	 114535 	 -1.00 	 0.45
 75661 	  65863 	 -1.00 	 0.45
 75661 	   8179 	 -1.00 	 0.45
 75661 	  75566 	 -1.00 	 0.49
 75661 	  93696 	 -1.00 	 0.40
 75661 	 119884 	 -1.00 	 0.45
 75661 	   2268 	 -1.00 	 0.45
 66563 	  66308 	 -1.00 	 0.45
 66563 	  93696 	 -1.00 	 0.45
108160 	  95442 	 -1.00 	 0.44
108160 	   4363 	 -1.00 	 0.44
108160 	  93950 	 -1.00 	 0.44
108160 	  67846 	 -1.00 	 0.44
108160 	  53106 	 -1.00 	 0.44
108160 	  81306 	 -1.00 	 0.44
108160 	  69633 	 -1.00 	 0.44
108160 	   2524 	 -1.00 	 0.44
108160 	  16404 	 -1.00 	 0.44
108160 	  28201 	 -1.00 	 0.44
 50309 	 130387 	 -1.00 	 0.40
 50309 	 127242 	 -1.00 	 0.40
 50309 	 106205 	 -1.00 	 0.40
 50309 	 127649 	 -1.00 	 0.40
 50309 	  31490 	 -1.00 	 0.40
 50309 	 101510 	 -1.00 	 0.40
 50309 	   4363 	 -1.00 	 0.40
 50309 	 118363 	 -1.00 	 0.40
 50309 	  67846 	 -1.00 	 0.40
 50309 	  53106 	 -1.00 	 0.40
 50309 	  81306 	 -1.00 	 0.40
 50309 	 102383 	 -1.00 	 0.40
 50309 	  43129 	 -1.00 	 0.40
 50309 	  69633 	 -1.00 	 0.40
 50309 	 102481 	 -1.00 	 0.40
 50309 	   2524 	 -1.00 	 0.40
 50309 	  92527 	 -1.00 	 0.40
 50309 	  16404 	 -1.00 	 0.40
 50309 	  28201 	 -1.00 	 0.40
 50309 	 123022 	 -1.00 	 0.40
 50309 	 115883 	 -1.00 	 0.40
 80885 	 102278 	 -1.00 	 0.40
 80885 	  72459 	 -1.00 	 0.41
 80885 	  77153 	 -1.00 	 0.47
 80885 	  65978 	 -1.00 	 0.47
 80885 	 123045 	 -1.00 	 0.40
 80885 	   7303 	 -1.00 	 0.45
 66886 	  95336 	 -1.00 	 0.43
 66886 	  62649 	 -1.00 	 0.48
 66886 	  74885 	 -1.00 	 0.41
 66886 	  61753 	 -1.00 	 0.48
100737 	 119325 	 -1.00 	 0.40
100737 	 119311 	 -1.00 	 0.40
126048 	 106205 	 -1.00 	 0.40
126048 	 113681 	 -1.00 	 0.40
 99548 	  92014 	 -1.00 	 0.40
 86131 	 127102 	 -1.00 	 0.40
 86131 	 127242 	 -1.00 	 0.40
 86131 	 128844 	 -1.00 	 0.40
 86131 	 130983 	 -1.00 	 0.40
 86131 	 102278 	 -1.00 	 0.40
 86131 	  72459 	 -1.00 	 0.41
 86131 	 130986 	 -1.00 	 0.40
 86131 	 128762 	 -1.00 	 0.40
 86131 	  77153 	 -1.00 	 0.47
 86131 	  65978 	 -1.00 	 0.47
 86131 	 123045 	 -1.00 	 0.40
  7854 	 129131 	 -1.00 	 0.45
  7854 	  93696 	 -1.00 	 0.45
  7854 	  75661 	 -1.00 	 0.45
126574 	 106205 	 -1.00 	 0.40
126574 	 113681 	 -1.00 	 0.40
 66058 	  72459 	 -1.00 	 0.41
127707 	 115883 	 -1.00 	 0.40
 94837 	  31490 	 -1.00 	 0.45
126274 	 117891 	 -1.00 	 0.40
126274 	 130665 	 -1.00 	 0.40
126274 	 118363 	 -1.00 	 0.44
126274 	 100782 	 -1.00 	 0.44
126274 	 129434 	 -1.00 	 0.40
126274 	 124419 	 -1.00 	 0.40
126274 	 128492 	 -1.00 	 0.40
126274 	 102383 	 -1.00 	 0.44
126274 	  52786 	 -1.00 	 0.40
126274 	 101648 	 -1.00 	 0.44
126274 	 124881 	 -1.00 	 0.40
126274 	 126646 	 -1.00 	 0.40
126274 	 127707 	 -1.00 	 0.40
124069 	  98252 	 -1.00 	 0.40
119890 	  66308 	 -1.00 	 0.45
119890 	  62268 	 -1.00 	 0.45
119890 	  93696 	 -1.00 	 0.45
119890 	  75661 	 -1.00 	 0.45
 60615 	  90154 	 -1.00 	 0.49
 60615 	  72992 	 -1.00 	 0.45
 60615 	  16479 	 -1.00 	 0.45
 60615 	  65192 	 -1.00 	 0.45
 60615 	  87759 	 -1.00 	 0.41
130419 	  85142 	 -1.00 	 0.45
 68575 	  93950 	 -1.00 	 0.40
 68575 	 101648 	 -1.00 	 0.40
 68575 	 126274 	 -1.00 	 0.40
126992 	 127242 	 -1.00 	 0.44
126992 	 129134 	 -1.00 	 0.40
 51984 	  91563 	 -1.00 	 0.40
 51984 	 110268 	 -1.00 	 0.40
 51984 	 101160 	 -1.00 	 0.40
 51984 	  95442 	 -1.00 	 0.44
 51984 	  51289 	 -1.00 	 0.40
 51984 	 122840 	 -1.00 	 0.40
 51984 	 127855 	 -1.00 	 0.44
 51984 	   4363 	 -1.00 	 0.44
 51984 	  93950 	 -1.00 	 0.44
 51984 	  70646 	 -1.00 	 0.40
 51984 	 118363 	 -1.00 	 0.44
 51984 	  67846 	 -1.00 	 0.44
 51984 	  53106 	 -1.00 	 0.44
 51984 	  81306 	 -1.00 	 0.44
 51984 	 126216 	 -1.00 	 0.40
 51984 	  43129 	 -1.00 	 0.44
 51984 	  69633 	 -1.00 	 0.44
 51984 	  79768 	 -1.00 	 0.40
 51984 	 122945 	 -1.00 	 0.40
 51984 	   2524 	 -1.00 	 0.44
 51984 	  16404 	 -1.00 	 0.44
 51984 	  28201 	 -1.00 	 0.44
 51984 	 103973 	 -1.00 	 0.44
 51984 	 108160 	 -1.00 	 0.44
 51984 	  50309 	 -1.00 	 0.40
 97187 	  92753 	 -1.00 	 0.40
 97187 	 102380 	 -1.00 	 0.40
 97187 	  39079 	 -1.00 	 0.40
 97187 	  93171 	 -1.00 	 0.40
 97187 	  66308 	 -1.00 	 0.49
 97187 	   4363 	 -1.00 	 0.44
 97187 	 130986 	 -1.00 	 0.44
 97187 	  52894 	 -1.00 	 0.40
 97187 	 128762 	 -1.00 	 0.44
 97187 	   2622 	 -1.00 	 0.44
 97187 	  73957 	 -1.00 	 0.40
 97187 	  95350 	 -1.00 	 0.40
 97187 	 126974 	 -1.00 	 0.44
 97187 	  58883 	 -1.00 	 0.40
 97187 	  77586 	 -1.00 	 0.40
 90122 	 127102 	 -1.00 	 0.40
 90122 	  92014 	 -1.00 	 0.40
 90122 	 128844 	 -1.00 	 0.40
 90122 	 105455 	 -1.00 	 0.40
 90122 	 130983 	 -1.00 	 0.40
 90122 	 102278 	 -1.00 	 0.40
 90122 	  95442 	 -1.00 	 0.40
 90122 	 127855 	 -1.00 	 0.40
 90122 	  53106 	 -1.00 	 0.40
 90122 	   2524 	 -1.00 	 0.40
 90122 	  75566 	 -1.00 	 0.40
 90122 	 103973 	 -1.00 	 0.40
