  4793 	  59539 	 0.08 	 0.03
 90154 	  59539 	 0.03 	 0.05
 50275 	   9595 	 0.05 	 0.07
 50275 	  90154 	 0.02 	 0.05
 93163 	  90154 	 0.02 	 0.09
 92014 	  90154 	 0.03 	 0.07
100225 	  90154 	 0.08 	 0.05
 95573 	  90154 	 0.06 	 0.05
 78533 	  90154 	 0.03 	 0.05
 78533 	  80076 	 0.06 	 0.09
 82555 	  90154 	 0.01 	 0.05
 52768 	  90154 	 0.01 	 0.05
  2986 	  90154 	 0.04 	 0.05
  5543 	  90154 	 0.05 	 0.04
 80370 	  90154 	 0.08 	 0.04
 76155 	  90154 	 0.09 	 0.05
105200 	   9595 	 0.07 	 0.07
105200 	  90154 	 0.04 	 0.05
114621 	  90154 	 0.05 	 0.05
109693 	  90154 	 0.09 	 0.04
122022 	  90154 	 0.05 	 0.09
 70752 	  90154 	 0.03 	 0.04
125052 	  90154 	 0.08 	 0.02
105455 	  90154 	 0.07 	 0.07
 28241 	  90154 	 0.03 	 0.05
 82246 	  90154 	 0.03 	 0.01
 93171 	  90154 	 0.08 	 0.04
114379 	  90154 	 0.02 	 0.09
131151 	  90154 	 0.03 	 0.07
 51213 	  82246 	 0.08 	 0.03
 85402 	  59539 	 0.05 	 0.09
 85402 	  50275 	 0.03 	 0.09
 85402 	  78533 	 0.06 	 0.09
 85402 	  82555 	 0.03 	 0.09
 85402 	  52768 	 0.05 	 0.09
 85402 	   2986 	 0.07 	 0.09
 85402 	   5543 	 0.09 	 0.06
 85402 	 105200 	 0.06 	 0.09
 85402 	  70752 	 0.07 	 0.06
 85402 	  28241 	 0.07 	 0.09
127649 	  90154 	 0.06 	 0.07
 95603 	  90154 	 0.06 	 0.05
 66308 	  90154 	 0.08 	 0.05
 91926 	  90154 	 0.03 	 0.04
 91926 	  85402 	 0.05 	 0.06
  7012 	  90154 	 0.07 	 0.05
 92250 	  90154 	 0.05 	 0.05
 92250 	  85402 	 0.08 	 0.09
 82503 	  90154 	 0.02 	 0.02
 82503 	  85402 	 0.03 	 0.04
 94332 	  90154 	 0.06 	 0.05
 94332 	  85402 	 0.08 	 0.09
114535 	  90154 	 0.04 	 0.05
114535 	  85402 	 0.05 	 0.09
 96113 	   9595 	 0.09 	 0.02
 96113 	  90154 	 0.04 	 0.01
 96113 	  85402 	 0.07 	 0.02
102503 	  78533 	 0.09 	 0.09
 51289 	  90154 	 0.03 	 0.04
 51289 	  85402 	 0.06 	 0.06
 94264 	  90154 	 0.05 	 0.07
111407 	  90154 	 0.02 	 0.05
111407 	  85402 	 0.05 	 0.09
 65863 	  90154 	 0.04 	 0.05
 65863 	  85402 	 0.06 	 0.09
 53672 	   4793 	 0.07 	 0.03
 53672 	  90154 	 0.01 	 0.05
 53672 	   9967 	 0.08 	 0.02
 53672 	  85402 	 0.02 	 0.09
108185 	  90154 	 0.08 	 0.04
105970 	  85402 	 0.06 	 0.09
 75641 	  50275 	 0.05 	 0.04
 75641 	  93163 	 0.04 	 0.07
 75641 	  92014 	 0.05 	 0.06
 75641 	  95573 	 0.08 	 0.04
 75641 	   5543 	 0.08 	 0.07
 75641 	 105200 	 0.06 	 0.04
 75641 	  70752 	 0.05 	 0.07
 75641 	 113027 	 0.05 	 0.07
 75641 	  82246 	 0.06 	 0.08
 75641 	 114379 	 0.04 	 0.07
 75641 	  95603 	 0.09 	 0.04
 75641 	  92250 	 0.08 	 0.04
 75641 	  96113 	 0.06 	 0.01
 75641 	  94264 	 0.07 	 0.06
131017 	  90154 	 0.05 	 0.04
131017 	  85402 	 0.05 	 0.06
101510 	  78533 	 0.09 	 0.09
 44074 	  90154 	 0.04 	 0.05
 44074 	  80076 	 0.09 	 0.09
 44074 	  85402 	 0.07 	 0.09
116115 	  75641 	 0.08 	 0.04
 85890 	  93163 	 0.07 	 0.08
 85890 	  92014 	 0.07 	 0.06
 85890 	   5543 	 0.09 	 0.08
 85890 	 113027 	 0.07 	 0.08
 85890 	  82246 	 0.08 	 0.02
 85890 	 131151 	 0.09 	 0.06
 85890 	  91926 	 0.06 	 0.08
 85890 	  82503 	 0.05 	 0.05
 85890 	  96113 	 0.07 	 0.03
 85890 	  51289 	 0.07 	 0.08
 85890 	 131017 	 0.08 	 0.08
 67362 	  90154 	 0.06 	 0.05
 67362 	  80076 	 0.09 	 0.09
 31770 	  92753 	 0.08 	 0.04
 31770 	  59539 	 0.03 	 0.06
 31770 	 118052 	 0.09 	 0.06
 31770 	  50275 	 0.03 	 0.06
 31770 	 100225 	 0.08 	 0.06
 31770 	  95573 	 0.06 	 0.06
 31770 	  78533 	 0.04 	 0.06
 31770 	  82555 	 0.02 	 0.06
 31770 	  52768 	 0.02 	 0.06
 31770 	   2986 	 0.04 	 0.06
 31770 	   5543 	 0.05 	 0.04
 31770 	  80370 	 0.09 	 0.04
 31770 	 105200 	 0.04 	 0.06
 31770 	 114621 	 0.05 	 0.06
 31770 	 109693 	 0.08 	 0.04
 31770 	  96738 	 0.09 	 0.06
 31770 	 105455 	 0.08 	 0.08
 31770 	  28241 	 0.03 	 0.06
 31770 	  82246 	 0.03 	 0.01
 31770 	  93171 	 0.08 	 0.04
 31770 	 131151 	 0.04 	 0.08
 31770 	 110268 	 0.08 	 0.04
 31770 	 127649 	 0.07 	 0.08
 31770 	  95603 	 0.06 	 0.06
 31770 	  66308 	 0.07 	 0.06
 31770 	  91926 	 0.03 	 0.04
 31770 	   7012 	 0.09 	 0.06
 31770 	 117081 	 0.07 	 0.06
 31770 	  92250 	 0.06 	 0.06
 31770 	  82503 	 0.03 	 0.03
 31770 	  94332 	 0.05 	 0.06
 31770 	 114535 	 0.04 	 0.06
 31770 	  96113 	 0.04 	 0.02
 31770 	  51289 	 0.05 	 0.04
 31770 	 111407 	 0.03 	 0.06
 31770 	  65863 	 0.03 	 0.06
 31770 	  53672 	 0.01 	 0.06
 31770 	  44074 	 0.05 	 0.06
 31770 	 116115 	 0.03 	 0.06
 31770 	  67362 	 0.07 	 0.06
 70646 	  90154 	 0.03 	 0.04
 70646 	  85402 	 0.06 	 0.06
 70646 	  85890 	 0.06 	 0.08
 70646 	  31770 	 0.04 	 0.04
 81306 	  50275 	 0.08 	 0.09
101892 	  90154 	 0.07 	 0.05
101892 	  31770 	 0.07 	 0.06
126216 	  90154 	 0.02 	 0.04
126216 	  85402 	 0.04 	 0.06
126216 	  85890 	 0.05 	 0.08
126216 	  31770 	 0.03 	 0.04
115173 	  31770 	 0.09 	 0.06
124419 	  90154 	 0.06 	 0.04
124419 	  75641 	 0.08 	 0.03
124419 	  31770 	 0.06 	 0.04
  2332 	  90154 	 0.03 	 0.05
  2332 	  80076 	 0.06 	 0.09
  2332 	  85402 	 0.06 	 0.09
  2332 	 102503 	 0.09 	 0.09
  2332 	 101510 	 0.09 	 0.09
  2332 	  31770 	 0.04 	 0.06
 68681 	  91563 	 0.07 	 0.08
 68681 	  82503 	 0.06 	 0.05
 68681 	  51289 	 0.08 	 0.08
 68681 	  70646 	 0.08 	 0.08
 68681 	 126216 	 0.08 	 0.08
 52894 	  90154 	 0.04 	 0.09
 52894 	  75641 	 0.06 	 0.07
 52894 	  85890 	 0.08 	 0.08
105733 	   9595 	 0.05 	 0.07
105733 	  90154 	 0.02 	 0.05
105733 	  85402 	 0.04 	 0.09
105733 	  75641 	 0.04 	 0.04
105733 	  81306 	 0.08 	 0.09
103296 	  85402 	 0.04 	 0.09
103296 	  31770 	 0.03 	 0.06
 65887 	  82555 	 0.08 	 0.07
 36327 	  78533 	 0.08 	 0.08
 36327 	   2332 	 0.08 	 0.08
  5103 	  90154 	 0.01 	 0.05
  5103 	  85402 	 0.03 	 0.09
  5103 	  31770 	 0.02 	 0.06
 77153 	  93163 	 0.05 	 0.09
 77153 	  95573 	 0.07 	 0.05
 77153 	  78533 	 0.05 	 0.05
 77153 	   5543 	 0.05 	 0.04
 77153 	 105200 	 0.04 	 0.05
 77153 	 114621 	 0.08 	 0.05
 77153 	 131018 	 0.08 	 0.04
 77153 	 113027 	 0.05 	 0.09
 77153 	 114379 	 0.04 	 0.09
 77153 	  95603 	 0.08 	 0.05
 77153 	   7012 	 0.09 	 0.05
 77153 	 117081 	 0.07 	 0.05
 77153 	  92250 	 0.06 	 0.05
 77153 	 114535 	 0.04 	 0.05
 77153 	  96113 	 0.06 	 0.01
 77153 	 111407 	 0.04 	 0.05
 77153 	  65863 	 0.04 	 0.05
 77153 	 131017 	 0.07 	 0.04
 77153 	 116115 	 0.03 	 0.05
 77153 	 101892 	 0.08 	 0.05
 77153 	 115173 	 0.09 	 0.05
 77153 	   2332 	 0.04 	 0.05
 77153 	  52894 	 0.06 	 0.09
 77153 	 105733 	 0.03 	 0.05
  8179 	  90154 	 0.06 	 0.05
  8179 	  85402 	 0.08 	 0.09
  8179 	  31770 	 0.06 	 0.06
  8179 	  77153 	 0.07 	 0.05
 97207 	  90154 	 0.04 	 0.04
 97207 	  85402 	 0.09 	 0.06
 97207 	  31770 	 0.05 	 0.04
116522 	  90154 	 0.07 	 0.05
116522 	  31770 	 0.08 	 0.06
116522 	  77153 	 0.08 	 0.05
 76449 	  90154 	 0.03 	 0.05
 76449 	  80076 	 0.06 	 0.09
 76449 	  66388 	 0.08 	 0.07
 76449 	 126626 	 0.08 	 0.03
 76449 	  85402 	 0.06 	 0.09
 76449 	 102503 	 0.09 	 0.09
 76449 	  75641 	 0.09 	 0.04
 76449 	 101510 	 0.09 	 0.09
 76449 	  31770 	 0.04 	 0.06
 76449 	  36327 	 0.08 	 0.03
 76449 	  77153 	 0.04 	 0.05
 51513 	  78533 	 0.05 	 0.01
 51513 	  44074 	 0.06 	 0.01
 51513 	   2332 	 0.05 	 0.01
 51513 	 105733 	 0.09 	 0.01
 51513 	  76449 	 0.05 	 0.01
108127 	  90154 	 0.04 	 0.09
108127 	  75641 	 0.07 	 0.07
108127 	  85890 	 0.09 	 0.08
108127 	  77153 	 0.05 	 0.09
120065 	  90154 	 0.03 	 0.04
120065 	  85402 	 0.04 	 0.06
120065 	  85890 	 0.06 	 0.08
120065 	  31770 	 0.03 	 0.04
 95336 	  59539 	 0.04 	 0.08
 95336 	  50275 	 0.03 	 0.08
 95336 	  95573 	 0.09 	 0.08
 95336 	  78533 	 0.09 	 0.08
 95336 	  82555 	 0.03 	 0.08
 95336 	  52768 	 0.04 	 0.08
 95336 	   2986 	 0.05 	 0.08
 95336 	   5543 	 0.08 	 0.06
 95336 	 105200 	 0.06 	 0.08
 95336 	  70752 	 0.07 	 0.06
 95336 	 131018 	 0.09 	 0.06
 95336 	  28241 	 0.03 	 0.08
 95336 	  82246 	 0.08 	 0.02
 95336 	 126721 	 0.05 	 0.08
 95336 	  95603 	 0.09 	 0.08
 95336 	  91926 	 0.05 	 0.06
 95336 	 117081 	 0.08 	 0.08
 95336 	  92250 	 0.07 	 0.08
 95336 	  82503 	 0.04 	 0.04
 95336 	 114535 	 0.04 	 0.08
 95336 	  96113 	 0.07 	 0.02
 95336 	  51289 	 0.07 	 0.06
 95336 	 111407 	 0.04 	 0.08
 95336 	  65863 	 0.06 	 0.08
 95336 	  53672 	 0.04 	 0.08
 95336 	 105970 	 0.07 	 0.08
 95336 	  44074 	 0.07 	 0.08
 95336 	  67362 	 0.09 	 0.08
 95336 	  70646 	 0.05 	 0.06
 95336 	 101892 	 0.09 	 0.08
 95336 	 126216 	 0.05 	 0.06
 95336 	 124419 	 0.09 	 0.06
 95336 	   2332 	 0.08 	 0.08
 95336 	 105733 	 0.04 	 0.08
 95336 	 103296 	 0.05 	 0.08
 95336 	   5103 	 0.04 	 0.08
 95336 	   8179 	 0.08 	 0.08
 95336 	  97207 	 0.08 	 0.06
 95336 	  76449 	 0.08 	 0.08
 95336 	  51513 	 0.08 	 0.04
 95336 	 120065 	 0.04 	 0.06
107568 	 114535 	 0.09 	 0.05
107568 	  65863 	 0.09 	 0.05
107568 	  67362 	 0.07 	 0.05
107568 	  52894 	 0.08 	 0.08
 96012 	  95336 	 0.09 	 0.06
 85142 	  90154 	 0.03 	 0.05
 85142 	  85402 	 0.05 	 0.09
 85142 	  31770 	 0.05 	 0.06
 85142 	  95336 	 0.04 	 0.08
 85142 	 107568 	 0.09 	 0.05
 69633 	  50275 	 0.05 	 0.09
 69633 	  82555 	 0.05 	 0.09
 69633 	 105200 	 0.09 	 0.09
 69633 	 114535 	 0.08 	 0.09
 69633 	 111407 	 0.07 	 0.09
 69633 	  65863 	 0.06 	 0.09
 69633 	 116115 	 0.07 	 0.09
 69633 	 105733 	 0.07 	 0.09
 69633 	 116522 	 0.08 	 0.09
 79310 	   9595 	 0.04 	 0.07
 79310 	  69633 	 0.06 	 0.09
101365 	  31770 	 0.08 	 0.04
 65192 	  92753 	 0.09 	 0.04
 65192 	  59539 	 0.03 	 0.06
 65192 	  50275 	 0.02 	 0.06
 65192 	 100225 	 0.08 	 0.06
 65192 	  78533 	 0.04 	 0.06
 65192 	  82555 	 0.02 	 0.06
 65192 	  52768 	 0.02 	 0.06
 65192 	   2986 	 0.06 	 0.06
 65192 	   5543 	 0.05 	 0.04
 65192 	  80370 	 0.09 	 0.04
 65192 	 105200 	 0.05 	 0.06
 65192 	  96738 	 0.09 	 0.06
 65192 	  28241 	 0.03 	 0.06
 65192 	  82246 	 0.06 	 0.01
 65192 	  93171 	 0.08 	 0.04
 65192 	 131151 	 0.04 	 0.08
 65192 	  95603 	 0.07 	 0.06
 65192 	  91926 	 0.04 	 0.04
 65192 	 117081 	 0.07 	 0.06
 65192 	  82503 	 0.03 	 0.03
 65192 	  94332 	 0.05 	 0.06
 65192 	 114535 	 0.04 	 0.06
 65192 	  96113 	 0.06 	 0.02
 65192 	  51289 	 0.06 	 0.04
 65192 	 111407 	 0.03 	 0.06
 65192 	  65863 	 0.03 	 0.06
 65192 	  53672 	 0.02 	 0.06
 65192 	  44074 	 0.05 	 0.06
 65192 	  67362 	 0.07 	 0.06
 65192 	  93950 	 0.08 	 0.08
 65192 	  70646 	 0.04 	 0.04
 65192 	 101892 	 0.08 	 0.06
 65192 	 126216 	 0.03 	 0.04
 65192 	 124419 	 0.06 	 0.04
 65192 	   2332 	 0.04 	 0.06
 65192 	 103296 	 0.03 	 0.06
 65192 	   5103 	 0.02 	 0.06
 65192 	   8179 	 0.07 	 0.06
 65192 	  97207 	 0.05 	 0.04
 65192 	 116522 	 0.08 	 0.06
 65192 	  76449 	 0.04 	 0.06
 65192 	 120065 	 0.03 	 0.04
 65192 	  85142 	 0.04 	 0.06
107458 	  90154 	 0.07 	 0.05
107458 	  31770 	 0.06 	 0.06
  2524 	  65192 	 0.08 	 0.08
 37464 	  90154 	 0.03 	 0.05
 37464 	  85402 	 0.06 	 0.09
 37464 	  31770 	 0.04 	 0.06
 37464 	  95336 	 0.05 	 0.08
 37464 	  65192 	 0.04 	 0.06
108273 	   4793 	 0.08 	 0.03
108273 	  90154 	 0.02 	 0.05
108273 	  85402 	 0.03 	 0.09
108273 	  31770 	 0.02 	 0.06
108273 	  77153 	 0.02 	 0.05
108273 	  95336 	 0.02 	 0.08
108273 	  65192 	 0.01 	 0.06
  2996 	  90154 	 0.02 	 0.05
  2996 	  85402 	 0.04 	 0.09
  2996 	  31770 	 0.03 	 0.06
  2996 	  95336 	 0.03 	 0.08
  2996 	 107568 	 0.08 	 0.05
  2996 	  65192 	 0.02 	 0.06
120998 	  90154 	 0.05 	 0.05
120998 	  85402 	 0.08 	 0.09
120998 	  75641 	 0.07 	 0.04
120998 	  31770 	 0.04 	 0.06
120998 	  77153 	 0.06 	 0.05
120998 	  95336 	 0.06 	 0.08
120998 	  69633 	 0.07 	 0.09
120998 	  65192 	 0.05 	 0.06
 92527 	  90154 	 0.06 	 0.07
 92527 	  31770 	 0.06 	 0.08
 92527 	  65192 	 0.08 	 0.08
108174 	   9595 	 0.04 	 0.07
108174 	  90154 	 0.02 	 0.05
108174 	  85402 	 0.03 	 0.09
108174 	  75641 	 0.04 	 0.04
108174 	  31770 	 0.02 	 0.06
108174 	  81306 	 0.08 	 0.09
108174 	  95336 	 0.03 	 0.08
108174 	  69633 	 0.05 	 0.09
 62649 	  92753 	 0.09 	 0.05
 62649 	  59539 	 0.02 	 0.07
 62649 	  50275 	 0.03 	 0.07
 62649 	  92014 	 0.05 	 0.09
 62649 	  95573 	 0.08 	 0.07
 62649 	  78533 	 0.06 	 0.07
 62649 	  82555 	 0.02 	 0.07
 62649 	  52768 	 0.04 	 0.07
 62649 	   2986 	 0.05 	 0.07
 62649 	   5543 	 0.07 	 0.05
 62649 	 105200 	 0.04 	 0.07
 62649 	 114621 	 0.07 	 0.07
 62649 	  70752 	 0.04 	 0.05
 62649 	 105455 	 0.08 	 0.09
 62649 	  28241 	 0.05 	 0.07
 62649 	  82246 	 0.07 	 0.02
 62649 	 131151 	 0.05 	 0.09
 62649 	  95603 	 0.09 	 0.07
 62649 	  91926 	 0.04 	 0.05
 62649 	 117081 	 0.08 	 0.07
 62649 	  92250 	 0.07 	 0.07
 62649 	  82503 	 0.03 	 0.03
 62649 	  94332 	 0.06 	 0.07
 62649 	 114535 	 0.05 	 0.07
 62649 	  96113 	 0.07 	 0.02
 62649 	  51289 	 0.04 	 0.05
 62649 	  94264 	 0.08 	 0.09
 62649 	 111407 	 0.03 	 0.07
 62649 	  65863 	 0.05 	 0.07
 62649 	  53672 	 0.03 	 0.07
 62649 	 105970 	 0.03 	 0.07
 62649 	 131017 	 0.05 	 0.05
 62649 	  44074 	 0.06 	 0.07
 62649 	  67362 	 0.08 	 0.07
 62649 	  70646 	 0.04 	 0.05
 62649 	 101892 	 0.08 	 0.07
 62649 	 126216 	 0.03 	 0.05
 62649 	   2332 	 0.05 	 0.07
 62649 	 105733 	 0.03 	 0.07
 62649 	   5103 	 0.02 	 0.07
 62649 	   8179 	 0.07 	 0.07
 62649 	  97207 	 0.07 	 0.05
 62649 	  76449 	 0.05 	 0.07
 62649 	  51513 	 0.07 	 0.04
 62649 	 120065 	 0.06 	 0.05
 62649 	  85142 	 0.05 	 0.07
 62649 	 107458 	 0.08 	 0.07
 62649 	  37464 	 0.05 	 0.07
 62649 	 108273 	 0.02 	 0.07
 62649 	   2996 	 0.04 	 0.07
 62649 	 120998 	 0.07 	 0.07
 62649 	  92527 	 0.08 	 0.09
 62649 	 108174 	 0.03 	 0.07
 94602 	  31770 	 0.08 	 0.04
 94602 	  77153 	 0.09 	 0.03
 94602 	  65192 	 0.08 	 0.04
 82318 	  90154 	 0.06 	 0.01
 82318 	  72459 	 0.09 	 0.01
 82318 	  31770 	 0.06 	 0.02
 82318 	  65192 	 0.08 	 0.02
 82318 	  62649 	 0.09 	 0.02
 64266 	 100617 	 0.06 	 0.02
 64266 	 113401 	 0.08 	 0.03
 64266 	  94908 	 0.09 	 0.03
 64266 	  92753 	 0.09 	 0.02
 64266 	  94927 	 0.07 	 0.02
 64266 	  88141 	 0.07 	 0.02
 64266 	  59539 	 0.05 	 0.03
 64266 	 118052 	 0.08 	 0.03
 64266 	 130387 	 0.08 	 0.02
 64266 	 117891 	 0.05 	 0.02
 64266 	  39337 	 0.04 	 0.03
 64266 	 117976 	 0.07 	 0.03
 64266 	 110641 	 0.07 	 0.02
 64266 	  50275 	 0.04 	 0.03
 64266 	  93163 	 0.08 	 0.02
 64266 	 119680 	 0.07 	 0.02
 64266 	  92014 	 0.06 	 0.02
 64266 	  39079 	 0.08 	 0.02
 64266 	  91563 	 0.04 	 0.02
 64266 	 100225 	 0.08 	 0.03
 64266 	 130665 	 0.07 	 0.02
 64266 	  95573 	 0.09 	 0.03
 64266 	  80076 	 0.04 	 0.02
 64266 	 127242 	 0.09 	 0.02
 64266 	  97838 	 0.07 	 0.02
 64266 	 126040 	 0.08 	 0.02
 64266 	  75030 	 0.08 	 0.02
 64266 	 106302 	 0.07 	 0.02
 64266 	 106205 	 0.06 	 0.02
 64266 	  15511 	 0.05 	 0.02
 64266 	 127533 	 0.08 	 0.03
 64266 	 110571 	 0.06 	 0.02
 64266 	  99902 	 0.06 	 0.02
 64266 	 122022 	 0.09 	 0.02
 64266 	  88333 	 0.09 	 0.02
 64266 	  96738 	 0.08 	 0.03
 64266 	  70752 	 0.03 	 0.02
 64266 	   8980 	 0.08 	 0.02
 64266 	 130780 	 0.09 	 0.02
 64266 	 125052 	 0.09 	 0.01
 64266 	 107934 	 0.08 	 0.03
 64266 	 129131 	 0.06 	 0.02
 64266 	 131018 	 0.07 	 0.02
 64266 	 126200 	 0.07 	 0.02
 64266 	 105455 	 0.07 	 0.02
 64266 	 126626 	 0.06 	 0.02
 64266 	 113027 	 0.08 	 0.02
 64266 	 124999 	 0.09 	 0.01
 64266 	  93171 	 0.07 	 0.02
 64266 	 114379 	 0.08 	 0.02
 64266 	 131151 	 0.09 	 0.02
 64266 	 126721 	 0.06 	 0.02
 64266 	 101280 	 0.08 	 0.03
 64266 	 103813 	 0.07 	 0.03
 64266 	  85402 	 0.06 	 0.02
 64266 	 127649 	 0.09 	 0.02
 64266 	  95603 	 0.09 	 0.03
 64266 	  63310 	 0.08 	 0.03
 64266 	  66308 	 0.06 	 0.02
 64266 	  95442 	 0.06 	 0.02
 64266 	   5646 	 0.08 	 0.02
 64266 	  82503 	 0.09 	 0.02
 64266 	  31490 	 0.06 	 0.01
 64266 	 129859 	 0.09 	 0.01
 64266 	 102503 	 0.06 	 0.02
 64266 	  94264 	 0.06 	 0.02
 64266 	 111407 	 0.04 	 0.03
 64266 	 113290 	 0.08 	 0.03
 64266 	 100909 	 0.08 	 0.03
 64266 	 108185 	 0.09 	 0.02
 64266 	  99477 	 0.08 	 0.02
 64266 	 117951 	 0.08 	 0.03
 64266 	  75641 	 0.09 	 0.01
 64266 	 129134 	 0.09 	 0.02
 64266 	 101510 	 0.07 	 0.02
 64266 	  44074 	 0.05 	 0.03
 64266 	 127855 	 0.09 	 0.02
 64266 	 127451 	 0.08 	 0.02
 64266 	 130218 	 0.09 	 0.02
 64266 	   4363 	 0.07 	 0.02
 64266 	  85890 	 0.08 	 0.02
 64266 	  31770 	 0.05 	 0.01
 64266 	 119325 	 0.06 	 0.02
 64266 	 129644 	 0.05 	 0.02
 64266 	  93950 	 0.09 	 0.02
 64266 	 100782 	 0.07 	 0.02
 64266 	 129960 	 0.08 	 0.02
 64266 	 130986 	 0.07 	 0.02
 64266 	 129434 	 0.07 	 0.02
 64266 	 115173 	 0.08 	 0.03
 64266 	 104295 	 0.08 	 0.03
 64266 	 124419 	 0.08 	 0.02
 64266 	 128492 	 0.05 	 0.02
 64266 	  91637 	 0.08 	 0.08
 64266 	 102383 	 0.08 	 0.02
 64266 	 122251 	 0.08 	 0.03
 64266 	  68681 	 0.06 	 0.02
 64266 	 125161 	 0.09 	 0.02
 64266 	 105733 	 0.04 	 0.03
 64266 	   2911 	 0.04 	 0.01
 64266 	  36327 	 0.05 	 0.01
 64266 	 130217 	 0.08 	 0.03
 64266 	 119311 	 0.06 	 0.02
 64266 	 128762 	 0.07 	 0.02
 64266 	 125839 	 0.06 	 0.02
 64266 	   5103 	 0.05 	 0.03
 64266 	  77153 	 0.09 	 0.01
 64266 	 124080 	 0.07 	 0.03
 64266 	   2622 	 0.08 	 0.02
 64266 	 116522 	 0.04 	 0.03
 64266 	  51513 	 0.02 	 0.01
 64266 	 103133 	 0.08 	 0.03
 64266 	 101463 	 0.08 	 0.02
 64266 	 108127 	 0.03 	 0.02
 64266 	 120065 	 0.03 	 0.02
 64266 	  95336 	 0.05 	 0.02
 64266 	 107568 	 0.07 	 0.09
 64266 	  96012 	 0.07 	 0.02
 64266 	 111666 	 0.07 	 0.02
 64266 	 125990 	 0.09 	 0.03
 64266 	  98252 	 0.07 	 0.02
 64266 	  73957 	 0.08 	 0.02
 64266 	 128974 	 0.07 	 0.02
 64266 	  66221 	 0.07 	 0.03
 64266 	  65192 	 0.04 	 0.01
 64266 	 122945 	 0.08 	 0.02
 64266 	  99455 	 0.07 	 0.02
 64266 	  96900 	 0.07 	 0.02
 64266 	 102481 	 0.07 	 0.02
 64266 	 119112 	 0.07 	 0.02
 64266 	 115606 	 0.08 	 0.02
 64266 	 120998 	 0.04 	 0.03
 64266 	 110588 	 0.08 	 0.03
 64266 	  92527 	 0.07 	 0.02
 64266 	 101749 	 0.08 	 0.03
 64266 	 108174 	 0.04 	 0.03
 64266 	   2251 	 0.08 	 0.02
 64266 	  75566 	 0.07 	 0.02
 64266 	  52224 	 0.06 	 0.02
 64266 	 103677 	 0.09 	 0.03
 64266 	 122600 	 0.08 	 0.02
 64266 	   1531 	 0.09 	 0.02
 64266 	  94602 	 0.08 	 0.02
 64266 	  82318 	 0.05 	 0.03
 58632 	  90154 	 0.04 	 0.04
 58632 	  85402 	 0.07 	 0.04
 58632 	  85890 	 0.07 	 0.02
 58632 	  31770 	 0.04 	 0.05
 58632 	  95336 	 0.07 	 0.06
 58632 	  65192 	 0.04 	 0.05
 58632 	  62649 	 0.07 	 0.03
 58632 	  64266 	 0.06 	 0.01
 62268 	  64266 	 0.06 	 0.02
115220 	  90154 	 0.08 	 0.01
115220 	  64266 	 0.08 	 0.03
107489 	   9595 	 0.07 	 0.07
107489 	  90154 	 0.03 	 0.05
107489 	  85402 	 0.05 	 0.09
107489 	  75641 	 0.06 	 0.04
107489 	  31770 	 0.04 	 0.06
107489 	  77153 	 0.04 	 0.05
107489 	  95336 	 0.05 	 0.08
107489 	  69633 	 0.06 	 0.09
107489 	  65192 	 0.04 	 0.06
107489 	  62649 	 0.05 	 0.07
107489 	  64266 	 0.04 	 0.03
 58416 	  85402 	 0.09 	 0.04
 58416 	  31770 	 0.05 	 0.05
 58416 	  95336 	 0.08 	 0.06
 58416 	  65192 	 0.06 	 0.05
 58416 	  62649 	 0.07 	 0.03
 58416 	  64266 	 0.06 	 0.01
 52786 	  90154 	 0.02 	 0.04
 52786 	  85402 	 0.03 	 0.06
 52786 	  85890 	 0.04 	 0.08
 52786 	  31770 	 0.03 	 0.04
 52786 	  95336 	 0.03 	 0.06
 52786 	  65192 	 0.02 	 0.04
 52786 	  62649 	 0.03 	 0.05
 52786 	  64266 	 0.08 	 0.02
 16404 	 105733 	 0.08 	 0.09
 16404 	  79310 	 0.08 	 0.09
 16404 	 108174 	 0.08 	 0.09
117884 	  64266 	 0.09 	 0.03
105413 	  90154 	 0.02 	 0.05
105413 	  85402 	 0.03 	 0.09
105413 	  31770 	 0.02 	 0.06
105413 	  77153 	 0.02 	 0.05
105413 	  95336 	 0.03 	 0.08
105413 	  65192 	 0.02 	 0.06
105413 	  62649 	 0.03 	 0.07
105413 	  64266 	 0.04 	 0.03
124477 	  64266 	 0.06 	 0.02
 37931 	   4793 	 0.08 	 0.03
 37931 	  90154 	 0.01 	 0.05
 37931 	   9967 	 0.07 	 0.02
 37931 	  85402 	 0.02 	 0.09
 37931 	  31770 	 0.01 	 0.06
 37931 	  95336 	 0.02 	 0.08
 37931 	 107568 	 0.09 	 0.05
 37931 	  65192 	 0.02 	 0.06
 37931 	  62649 	 0.02 	 0.07
 37931 	  64266 	 0.05 	 0.03
101648 	  64266 	 0.06 	 0.02
127221 	  77153 	 0.09 	 0.05
127221 	  64266 	 0.09 	 0.03
106697 	  90154 	 0.08 	 0.01
106697 	  65192 	 0.09 	 0.02
106697 	  64266 	 0.08 	 0.03
 74286 	  90154 	 0.03 	 0.05
 74286 	  80076 	 0.06 	 0.09
 74286 	  66388 	 0.08 	 0.07
 74286 	 126626 	 0.08 	 0.03
 74286 	  85402 	 0.06 	 0.09
 74286 	 102503 	 0.09 	 0.09
 74286 	  75641 	 0.09 	 0.04
 74286 	 101510 	 0.09 	 0.09
 74286 	  31770 	 0.04 	 0.06
 74286 	  36327 	 0.08 	 0.03
 74286 	  77153 	 0.04 	 0.05
 74286 	  51513 	 0.05 	 0.01
 74286 	  95336 	 0.08 	 0.08
 74286 	  69633 	 0.09 	 0.09
 74286 	  65192 	 0.04 	 0.06
 74286 	  62649 	 0.05 	 0.07
 27623 	  90154 	 0.04 	 0.05
 27623 	  85402 	 0.04 	 0.09
 27623 	  95336 	 0.04 	 0.08
 27623 	  62649 	 0.04 	 0.07
 27623 	  64266 	 0.04 	 0.03
 95781 	  64266 	 0.07 	 0.02
124177 	  64266 	 0.08 	 0.03
 65782 	  65192 	 0.06 	 0.06
 65782 	  62649 	 0.06 	 0.07
116898 	  90154 	 0.03 	 0.04
116898 	  85402 	 0.04 	 0.06
116898 	  95336 	 0.04 	 0.06
116898 	  62649 	 0.04 	 0.05
116898 	  64266 	 0.03 	 0.02
100142 	   9595 	 0.06 	 0.02
100142 	  90154 	 0.04 	 0.01
100142 	  85402 	 0.05 	 0.02
100142 	  75641 	 0.06 	 0.01
100142 	  85890 	 0.07 	 0.03
100142 	  31770 	 0.03 	 0.02
100142 	  16479 	 0.09 	 0.04
100142 	  77153 	 0.04 	 0.01
100142 	  95336 	 0.06 	 0.02
100142 	  65192 	 0.05 	 0.02
100142 	  62649 	 0.06 	 0.02
 51767 	  64266 	 0.05 	 0.01
 74885 	  59539 	 0.02 	 0.04
 74885 	  50275 	 0.01 	 0.04
 74885 	   2986 	 0.03 	 0.04
 74885 	  82246 	 0.04 	 0.01
 74885 	 114535 	 0.03 	 0.04
 74885 	  53672 	 0.01 	 0.04
 74885 	  44074 	 0.03 	 0.04
 74885 	  67362 	 0.04 	 0.04
 74885 	 101892 	 0.04 	 0.04
 74885 	  94785 	 0.02 	 0.09
 74885 	   2332 	 0.02 	 0.04
 74885 	 105733 	 0.02 	 0.09
 74885 	   5103 	 0.01 	 0.04
 74885 	  76449 	 0.02 	 0.04
 74885 	  79310 	 0.02 	 0.04
 74885 	 108273 	 0.02 	 0.04
 74885 	   2996 	 0.02 	 0.04
 74885 	 105413 	 0.02 	 0.04
 74885 	  48486 	 0.02 	 0.09
 74885 	  37931 	 0.01 	 0.04
 74885 	  74286 	 0.02 	 0.04
 74885 	  27623 	 0.02 	 0.09
 74885 	 100142 	 0.03 	 0.01
105156 	  90154 	 0.04 	 0.04
105156 	  85402 	 0.06 	 0.06
105156 	  75641 	 0.06 	 0.03
105156 	  95336 	 0.06 	 0.06
105156 	  62649 	 0.05 	 0.05
105156 	  64266 	 0.03 	 0.02
 95409 	  64266 	 0.06 	 0.02
124225 	  64266 	 0.09 	 0.03
 99213 	  64266 	 0.08 	 0.02
 98469 	  64266 	 0.07 	 0.02
119685 	  64266 	 0.08 	 0.02
121308 	  90154 	 0.03 	 0.04
121308 	  85402 	 0.06 	 0.06
121308 	  85890 	 0.06 	 0.08
121308 	  31770 	 0.04 	 0.04
121308 	  95336 	 0.05 	 0.06
121308 	  65192 	 0.04 	 0.04
121308 	  62649 	 0.04 	 0.05
128471 	  64266 	 0.08 	 0.02
 77148 	  78533 	 0.05 	 0.06
 77148 	   5543 	 0.07 	 0.04
 77148 	 105200 	 0.05 	 0.06
 77148 	 131018 	 0.09 	 0.04
 77148 	  95603 	 0.09 	 0.06
 77148 	 117081 	 0.07 	 0.06
 77148 	 114535 	 0.04 	 0.06
 77148 	  96113 	 0.06 	 0.02
 77148 	 111407 	 0.06 	 0.06
 77148 	  65863 	 0.06 	 0.06
 77148 	 105970 	 0.08 	 0.06
 77148 	 131017 	 0.08 	 0.04
 77148 	   2332 	 0.05 	 0.06
 77148 	   8179 	 0.09 	 0.06
 77148 	  97207 	 0.08 	 0.04
 77148 	  76449 	 0.05 	 0.06
 77148 	  51513 	 0.08 	 0.03
 77148 	 107458 	 0.08 	 0.06
 77148 	 108273 	 0.02 	 0.06
 77148 	 120998 	 0.06 	 0.06
 77148 	  82318 	 0.09 	 0.02
 77148 	 107489 	 0.05 	 0.06
 77148 	 105413 	 0.03 	 0.06
 77148 	  74286 	 0.05 	 0.06
 77148 	 100142 	 0.04 	 0.02
 96223 	  64266 	 0.09 	 0.03
  3715 	  90154 	 0.03 	 0.05
  3715 	  85402 	 0.05 	 0.09
  3715 	  31770 	 0.04 	 0.06
  3715 	  95336 	 0.04 	 0.08
  3715 	  65192 	 0.04 	 0.06
  3715 	  62649 	 0.05 	 0.07
  3715 	  64266 	 0.05 	 0.03
  3715 	  74885 	 0.02 	 0.04
115258 	  64266 	 0.06 	 0.02
126248 	  64266 	 0.07 	 0.02
102995 	  90154 	 0.08 	 0.01
102995 	  65192 	 0.09 	 0.02
102995 	  64266 	 0.08 	 0.03
118432 	  64266 	 0.07 	 0.02
  2267 	  90154 	 0.06 	 0.05
  2267 	  85402 	 0.08 	 0.09
  2267 	  31770 	 0.05 	 0.06
  2267 	  77153 	 0.07 	 0.05
  2267 	  95336 	 0.07 	 0.08
  2267 	  65192 	 0.06 	 0.06
  2267 	  62649 	 0.07 	 0.07
   514 	  90154 	 0.03 	 0.05
   514 	  85402 	 0.07 	 0.09
   514 	  31770 	 0.04 	 0.06
   514 	  95336 	 0.05 	 0.08
   514 	 107568 	 0.08 	 0.05
   514 	  65192 	 0.03 	 0.06
   514 	  62649 	 0.05 	 0.07
 82463 	  59539 	 0.09 	 0.03
 82463 	  50275 	 0.08 	 0.03
 82463 	  82555 	 0.07 	 0.03
 82463 	  52768 	 0.07 	 0.03
 82463 	  53672 	 0.08 	 0.03
 82463 	 105733 	 0.09 	 0.03
 82463 	   5103 	 0.06 	 0.03
 82463 	  79310 	 0.09 	 0.03
 82463 	  37464 	 0.09 	 0.03
 82463 	 108273 	 0.08 	 0.03
 82463 	   2996 	 0.09 	 0.03
 82463 	 108174 	 0.08 	 0.03
 82463 	 105413 	 0.08 	 0.03
 82463 	  37931 	 0.06 	 0.03
115465 	  64266 	 0.08 	 0.03
107890 	  90154 	 0.07 	 0.05
107890 	  75641 	 0.09 	 0.04
107890 	  31770 	 0.08 	 0.06
107890 	  77153 	 0.09 	 0.05
107890 	  69633 	 0.09 	 0.09
107890 	  65192 	 0.07 	 0.06
107890 	  62649 	 0.09 	 0.07
107890 	  64266 	 0.03 	 0.03
107890 	  77148 	 0.08 	 0.06
 95790 	  85402 	 0.08 	 0.09
 95790 	  75641 	 0.08 	 0.04
 95790 	  77153 	 0.07 	 0.05
 95790 	  95336 	 0.07 	 0.08
 95790 	  69633 	 0.08 	 0.09
 95790 	  65192 	 0.06 	 0.06
 95790 	  62649 	 0.07 	 0.07
 95790 	  64266 	 0.09 	 0.03
 95790 	  77148 	 0.07 	 0.06
 95350 	  90154 	 0.06 	 0.04
 95350 	  31770 	 0.07 	 0.04
 95350 	  65192 	 0.07 	 0.04
101486 	  64266 	 0.08 	 0.02
101809 	  64266 	 0.08 	 0.02
109399 	   9595 	 0.04 	 0.07
109399 	  90154 	 0.02 	 0.05
109399 	  85402 	 0.03 	 0.09
109399 	  75641 	 0.04 	 0.04
109399 	  31770 	 0.02 	 0.06
109399 	  81306 	 0.07 	 0.09
109399 	  77153 	 0.02 	 0.05
109399 	  95336 	 0.03 	 0.08
109399 	  69633 	 0.05 	 0.09
109399 	  65192 	 0.02 	 0.06
109399 	  62649 	 0.03 	 0.07
109399 	  64266 	 0.06 	 0.03
109399 	  16404 	 0.07 	 0.09
109399 	  74885 	 0.01 	 0.04
109399 	  77148 	 0.03 	 0.06
109399 	  87759 	 0.01 	 0.03
 95513 	  64266 	 0.06 	 0.02
 94015 	  90154 	 0.05 	 0.04
 94015 	  85402 	 0.09 	 0.06
 94015 	  95336 	 0.09 	 0.06
 94015 	  62649 	 0.07 	 0.05
 94005 	  90154 	 0.03 	 0.05
 94005 	  85402 	 0.05 	 0.09
 94005 	  31770 	 0.04 	 0.06
 94005 	  77153 	 0.04 	 0.05
 94005 	  95336 	 0.05 	 0.08
 94005 	  65192 	 0.04 	 0.06
 94005 	  62649 	 0.05 	 0.07
 94005 	  77148 	 0.04 	 0.06
123976 	  90154 	 0.06 	 0.05
123976 	  85402 	 0.09 	 0.09
123976 	  31770 	 0.06 	 0.06
123976 	  77153 	 0.07 	 0.05
123976 	  95336 	 0.09 	 0.08
123976 	  65192 	 0.06 	 0.06
123976 	  62649 	 0.09 	 0.07
123976 	  64266 	 0.09 	 0.03
123976 	  77148 	 0.09 	 0.06
 18023 	  62649 	 0.08 	 0.09
129747 	  64266 	 0.08 	 0.03
109086 	  90154 	 0.03 	 0.04
109086 	  85402 	 0.04 	 0.06
109086 	  85890 	 0.04 	 0.08
109086 	  31770 	 0.03 	 0.04
109086 	  95336 	 0.04 	 0.06
109086 	  65192 	 0.03 	 0.04
109086 	  62649 	 0.03 	 0.05
109086 	  64266 	 0.04 	 0.02
109086 	  74885 	 0.02 	 0.03
 76438 	  90154 	 0.03 	 0.05
 76438 	  80076 	 0.06 	 0.09
 76438 	  66388 	 0.08 	 0.07
 76438 	 126626 	 0.08 	 0.03
 76438 	  85402 	 0.06 	 0.09
 76438 	 102503 	 0.09 	 0.09
 76438 	  75641 	 0.09 	 0.04
 76438 	 101510 	 0.09 	 0.09
 76438 	  31770 	 0.04 	 0.06
 76438 	  36327 	 0.08 	 0.03
 76438 	  77153 	 0.04 	 0.05
 76438 	  51513 	 0.05 	 0.01
 76438 	  95336 	 0.08 	 0.08
 76438 	  69633 	 0.09 	 0.09
 76438 	  65192 	 0.04 	 0.06
 76438 	  62649 	 0.05 	 0.07
 76438 	  74885 	 0.02 	 0.04
 76438 	  77148 	 0.05 	 0.06
122891 	  64266 	 0.05 	 0.02
124881 	  90154 	 0.06 	 0.04
124881 	  75641 	 0.08 	 0.03
124881 	  31770 	 0.06 	 0.04
124881 	  95336 	 0.09 	 0.06
124881 	  65192 	 0.08 	 0.04
124881 	  62649 	 0.09 	 0.05
124881 	  64266 	 0.08 	 0.02
124881 	  77148 	 0.08 	 0.04
105523 	  90154 	 0.02 	 0.05
105523 	  80076 	 0.06 	 0.09
105523 	  97838 	 0.09 	 0.07
105523 	  99902 	 0.08 	 0.07
105523 	  85402 	 0.04 	 0.09
105523 	 101510 	 0.09 	 0.09
105523 	  31770 	 0.03 	 0.06
105523 	   2911 	 0.07 	 0.06
105523 	  77153 	 0.03 	 0.05
105523 	  51513 	 0.05 	 0.01
105523 	  95336 	 0.03 	 0.08
105523 	  65192 	 0.02 	 0.06
105523 	  99455 	 0.09 	 0.09
105523 	  62649 	 0.03 	 0.07
105523 	  74885 	 0.01 	 0.04
105523 	  77148 	 0.03 	 0.06
105523 	  82463 	 0.06 	 0.03
129421 	  85402 	 0.04 	 0.06
129421 	  85890 	 0.08 	 0.08
129421 	  31770 	 0.05 	 0.04
129421 	  95336 	 0.06 	 0.06
129421 	  65192 	 0.05 	 0.04
129421 	  62649 	 0.05 	 0.05
113610 	  64266 	 0.06 	 0.02
103091 	  64266 	 0.08 	 0.02
 67993 	  50275 	 0.03 	 0.06
 67993 	  95573 	 0.09 	 0.06
 67993 	  82555 	 0.03 	 0.06
 67993 	 105200 	 0.05 	 0.06
 67993 	  70752 	 0.05 	 0.04
 67993 	 127649 	 0.09 	 0.08
 67993 	  95603 	 0.08 	 0.06
 67993 	  94264 	 0.09 	 0.08
 67993 	 111407 	 0.05 	 0.06
 67993 	 105970 	 0.08 	 0.06
 67993 	 116115 	 0.07 	 0.06
 67993 	 124419 	 0.09 	 0.04
 67993 	 107458 	 0.08 	 0.06
 67993 	 120998 	 0.06 	 0.06
 67993 	 108174 	 0.03 	 0.06
 67993 	 107489 	 0.06 	 0.06
 67993 	 107890 	 0.09 	 0.06
 67993 	  95790 	 0.08 	 0.06
 67993 	 109399 	 0.02 	 0.06
 67993 	 123976 	 0.09 	 0.06
 67993 	 124881 	 0.09 	 0.04
110898 	  64266 	 0.07 	 0.03
 61753 	  59539 	 0.04 	 0.07
 61753 	  50275 	 0.03 	 0.07
 61753 	  92014 	 0.05 	 0.09
 61753 	  95573 	 0.08 	 0.07
 61753 	  78533 	 0.06 	 0.07
 61753 	  82555 	 0.02 	 0.07
 61753 	  52768 	 0.04 	 0.07
 61753 	   2986 	 0.05 	 0.07
 61753 	   5543 	 0.07 	 0.05
 61753 	 105200 	 0.05 	 0.07
 61753 	 114621 	 0.06 	 0.07
 61753 	 122022 	 0.08 	 0.05
 61753 	  70752 	 0.06 	 0.05
 61753 	 131018 	 0.08 	 0.05
 61753 	  28241 	 0.04 	 0.07
 61753 	  82246 	 0.04 	 0.02
 61753 	 131151 	 0.05 	 0.09
 61753 	 126721 	 0.06 	 0.07
 61753 	  95603 	 0.09 	 0.07
 61753 	  91926 	 0.05 	 0.05
 61753 	 117081 	 0.08 	 0.07
 61753 	  92250 	 0.07 	 0.07
 61753 	  82503 	 0.03 	 0.03
 61753 	  94332 	 0.06 	 0.07
 61753 	 114535 	 0.06 	 0.07
 61753 	  96113 	 0.07 	 0.02
 61753 	  51289 	 0.07 	 0.05
 61753 	  94264 	 0.08 	 0.09
 61753 	 111407 	 0.03 	 0.07
 61753 	  65863 	 0.04 	 0.07
 61753 	  53672 	 0.03 	 0.07
 61753 	  44074 	 0.06 	 0.07
 61753 	 116115 	 0.05 	 0.07
 61753 	  67362 	 0.08 	 0.07
 61753 	  70646 	 0.04 	 0.05
 61753 	 101892 	 0.09 	 0.07
 61753 	 126216 	 0.03 	 0.05
 61753 	 130986 	 0.06 	 0.09
 61753 	 124419 	 0.08 	 0.05
 61753 	   2332 	 0.05 	 0.07
 61753 	 105733 	 0.04 	 0.07
 61753 	 103296 	 0.04 	 0.07
 61753 	   5103 	 0.02 	 0.07
 61753 	   8179 	 0.08 	 0.07
 61753 	  97207 	 0.06 	 0.05
 61753 	  76449 	 0.05 	 0.07
 61753 	  51513 	 0.07 	 0.04
 61753 	 103133 	 0.09 	 0.02
 61753 	 120065 	 0.04 	 0.05
 61753 	 114673 	 0.09 	 0.07
 61753 	  85142 	 0.05 	 0.07
 61753 	  79310 	 0.03 	 0.07
 61753 	  99159 	 0.09 	 0.05
 61753 	 107458 	 0.09 	 0.07
 61753 	  37464 	 0.05 	 0.07
 61753 	 108273 	 0.03 	 0.07
 61753 	   2996 	 0.04 	 0.07
 61753 	 120998 	 0.05 	 0.07
 61753 	  92527 	 0.09 	 0.09
 61753 	 108174 	 0.03 	 0.07
 61753 	  82318 	 0.09 	 0.02
 61753 	  64266 	 0.05 	 0.02
 61753 	  58632 	 0.05 	 0.06
 61753 	 107489 	 0.06 	 0.07
 61753 	  52786 	 0.05 	 0.05
 61753 	 105413 	 0.03 	 0.07
 61753 	  37931 	 0.02 	 0.07
 61753 	  74286 	 0.05 	 0.07
 61753 	  27623 	 0.04 	 0.07
 61753 	  65782 	 0.06 	 0.07
 61753 	 116898 	 0.05 	 0.05
 61753 	 100142 	 0.04 	 0.02
 61753 	 105156 	 0.05 	 0.05
 61753 	 121308 	 0.05 	 0.05
 61753 	   3715 	 0.05 	 0.07
 61753 	 118432 	 0.08 	 0.05
 61753 	   2267 	 0.07 	 0.07
 61753 	    514 	 0.06 	 0.07
 61753 	 107890 	 0.09 	 0.07
 61753 	  95790 	 0.08 	 0.07
 61753 	  95350 	 0.08 	 0.05
 61753 	 109399 	 0.03 	 0.07
 61753 	  94015 	 0.08 	 0.05
 61753 	  94005 	 0.07 	 0.07
 61753 	 123976 	 0.08 	 0.07
 61753 	 109086 	 0.05 	 0.05
 61753 	  76438 	 0.05 	 0.07
 61753 	 124881 	 0.08 	 0.05
 61753 	 105523 	 0.02 	 0.07
 61753 	 129421 	 0.05 	 0.05
 93696 	  64266 	 0.06 	 0.02
119884 	   9595 	 0.04 	 0.07
119884 	  90154 	 0.02 	 0.05
119884 	  85402 	 0.03 	 0.09
119884 	  75641 	 0.04 	 0.04
119884 	  31770 	 0.02 	 0.06
119884 	  65887 	 0.09 	 0.07
119884 	  77153 	 0.02 	 0.05
119884 	  95336 	 0.03 	 0.08
119884 	  69633 	 0.04 	 0.09
119884 	  65192 	 0.02 	 0.06
119884 	  62649 	 0.02 	 0.07
119884 	  64266 	 0.05 	 0.03
119884 	  16404 	 0.08 	 0.09
119884 	  77148 	 0.02 	 0.06
119884 	  82463 	 0.05 	 0.03
119884 	  61753 	 0.02 	 0.07
110974 	  64266 	 0.09 	 0.03
123022 	  64266 	 0.06 	 0.02
100744 	   9595 	 0.08 	 0.02
100744 	  90154 	 0.04 	 0.01
100744 	  85402 	 0.07 	 0.02
100744 	  75641 	 0.06 	 0.01
100744 	  85890 	 0.07 	 0.03
100744 	  31770 	 0.04 	 0.02
100744 	  77153 	 0.05 	 0.01
100744 	  95336 	 0.05 	 0.02
100744 	  69633 	 0.09 	 0.02
100744 	  65192 	 0.04 	 0.02
100744 	  62649 	 0.04 	 0.02
100744 	  74885 	 0.03 	 0.01
100744 	  77148 	 0.06 	 0.02
100744 	  61753 	 0.06 	 0.02
122171 	  90154 	 0.05 	 0.05
122171 	  85402 	 0.08 	 0.09
122171 	  75641 	 0.07 	 0.04
122171 	  31770 	 0.06 	 0.06
122171 	  77153 	 0.06 	 0.05
122171 	  95336 	 0.08 	 0.08
122171 	  69633 	 0.08 	 0.09
122171 	  65192 	 0.06 	 0.06
122171 	  62649 	 0.07 	 0.07
122171 	  74885 	 0.04 	 0.04
122171 	  77148 	 0.07 	 0.06
122171 	  67993 	 0.08 	 0.06
122171 	  61753 	 0.06 	 0.07
115883 	  64266 	 0.06 	 0.02
103973 	  31770 	 0.08 	 0.08
103973 	  65192 	 0.07 	 0.08
103973 	  64266 	 0.07 	 0.02
 67672 	  50275 	 0.08 	 0.03
 67672 	  93163 	 0.09 	 0.02
 67672 	  78533 	 0.09 	 0.06
 67672 	  82555 	 0.06 	 0.03
 67672 	 111407 	 0.09 	 0.03
 67672 	  65863 	 0.08 	 0.03
 67672 	 116115 	 0.09 	 0.03
 67672 	  94785 	 0.08 	 0.06
 67672 	 105733 	 0.07 	 0.03
 67672 	  79310 	 0.08 	 0.03
 67672 	 108273 	 0.06 	 0.03
 67672 	 108174 	 0.05 	 0.03
 67672 	 105413 	 0.08 	 0.06
 67672 	  48486 	 0.09 	 0.06
 67672 	 109399 	 0.06 	 0.03
 67672 	 109086 	 0.09 	 0.07
 67672 	 105523 	 0.06 	 0.03
 67672 	 119884 	 0.06 	 0.03
111227 	  90154 	 0.04 	 0.05
111227 	  85402 	 0.06 	 0.09
111227 	  75641 	 0.06 	 0.04
111227 	  31770 	 0.04 	 0.06
111227 	  77153 	 0.04 	 0.05
111227 	  95336 	 0.06 	 0.08
111227 	  69633 	 0.06 	 0.09
111227 	  65192 	 0.04 	 0.06
111227 	  62649 	 0.04 	 0.07
111227 	  64266 	 0.04 	 0.03
111227 	  74885 	 0.03 	 0.04
111227 	  77148 	 0.05 	 0.06
111227 	  67993 	 0.06 	 0.06
111227 	  61753 	 0.05 	 0.07
 52250 	  64266 	 0.05 	 0.01
121157 	  90154 	 0.05 	 0.04
121157 	  85402 	 0.08 	 0.06
121157 	  95336 	 0.07 	 0.06
121157 	  62649 	 0.08 	 0.05
121157 	  64266 	 0.04 	 0.02
121157 	  61753 	 0.07 	 0.05
 81503 	  90154 	 0.03 	 0.05
 81503 	  85402 	 0.07 	 0.09
 81503 	  31770 	 0.04 	 0.06
 81503 	  95336 	 0.04 	 0.08
 81503 	 107568 	 0.06 	 0.05
 81503 	  65192 	 0.05 	 0.06
 81503 	  62649 	 0.06 	 0.07
 81503 	  64266 	 0.05 	 0.03
 81503 	  74885 	 0.03 	 0.04
 81503 	  61753 	 0.05 	 0.07
123045 	  64266 	 0.09 	 0.02
  2268 	  90154 	 0.04 	 0.05
  2268 	  85402 	 0.07 	 0.09
  2268 	  31770 	 0.04 	 0.06
  2268 	  77153 	 0.05 	 0.05
  2268 	  95336 	 0.05 	 0.08
  2268 	  65192 	 0.03 	 0.06
  2268 	  62649 	 0.04 	 0.07
  2268 	  61753 	 0.05 	 0.07
126651 	  64266 	 0.07 	 0.02
 92509 	   9595 	 0.07 	 0.07
 92509 	  90154 	 0.03 	 0.05
 92509 	  85402 	 0.04 	 0.09
 92509 	  75641 	 0.05 	 0.04
 92509 	  31770 	 0.03 	 0.06
 92509 	  95336 	 0.06 	 0.08
 92509 	  62649 	 0.04 	 0.07
 92509 	  67993 	 0.05 	 0.06
 92509 	  61753 	 0.04 	 0.07
 92509 	  67672 	 0.09 	 0.03
 82242 	   9595 	 0.06 	 0.07
 82242 	  81306 	 0.07 	 0.09
 82242 	  69633 	 0.04 	 0.09
 82242 	  64266 	 0.05 	 0.03
 82242 	  16404 	 0.07 	 0.09
 82242 	  74885 	 0.02 	 0.09
 82242 	  82463 	 0.08 	 0.03
 82242 	  67672 	 0.07 	 0.03
113681 	  64266 	 0.06 	 0.02
 75661 	  64266 	 0.07 	 0.02
 66563 	  90154 	 0.06 	 0.05
 66563 	  85402 	 0.09 	 0.09
 66563 	  31770 	 0.05 	 0.06
 66563 	  77153 	 0.06 	 0.05
 66563 	  95336 	 0.08 	 0.08
 66563 	  65192 	 0.06 	 0.06
 66563 	  62649 	 0.09 	 0.07
 66563 	  77148 	 0.07 	 0.06
 66563 	  61753 	 0.08 	 0.07
 62878 	  90154 	 0.04 	 0.05
 62878 	  85402 	 0.05 	 0.09
 62878 	  31770 	 0.05 	 0.06
 62878 	  77153 	 0.04 	 0.05
 62878 	  95336 	 0.05 	 0.08
 62878 	  65192 	 0.04 	 0.06
 62878 	  62649 	 0.04 	 0.07
 62878 	  64266 	 0.05 	 0.03
 62878 	  77148 	 0.04 	 0.06
 62878 	  61753 	 0.05 	 0.07
100172 	  64266 	 0.09 	 0.02
108160 	  65192 	 0.09 	 0.08
108160 	  64266 	 0.09 	 0.02
 77586 	  85402 	 0.08 	 0.06
 77586 	  85890 	 0.08 	 0.08
 77586 	  31770 	 0.05 	 0.04
 77586 	  77153 	 0.05 	 0.04
 77586 	  95336 	 0.07 	 0.06
 77586 	  65192 	 0.05 	 0.04
 77586 	  62649 	 0.07 	 0.05
 77586 	  64266 	 0.09 	 0.02
 77586 	  77148 	 0.06 	 0.04
 77586 	  61753 	 0.07 	 0.05
128300 	  64266 	 0.07 	 0.03
 50309 	  62649 	 0.06 	 0.08
 50309 	  64266 	 0.02 	 0.02
 59944 	  93163 	 0.09 	 0.08
 59944 	 113027 	 0.09 	 0.08
 59944 	  91926 	 0.07 	 0.08
 59944 	  82503 	 0.06 	 0.05
 59944 	  96113 	 0.09 	 0.03
 59944 	  51289 	 0.07 	 0.08
 59944 	  70646 	 0.08 	 0.08
 59944 	 126216 	 0.06 	 0.08
 59944 	  64266 	 0.08 	 0.02
 59944 	  52786 	 0.08 	 0.08
 59944 	 121308 	 0.09 	 0.08
 59944 	 109086 	 0.08 	 0.08
 59944 	 129421 	 0.08 	 0.08
 66886 	  59539 	 0.02 	 0.03
 66886 	  78533 	 0.03 	 0.03
 66886 	  82246 	 0.03 	 0.01
 66886 	  96113 	 0.03 	 0.01
 66886 	  44074 	 0.03 	 0.03
 66886 	 105733 	 0.02 	 0.03
 66886 	   5103 	 0.01 	 0.03
 66886 	  76449 	 0.02 	 0.03
 66886 	 108273 	 0.01 	 0.03
 66886 	  37931 	 0.01 	 0.03
 66886 	  74286 	 0.02 	 0.03
 66886 	 100142 	 0.02 	 0.01
 66886 	   3715 	 0.03 	 0.03
 66886 	    514 	 0.03 	 0.03
 66886 	  76438 	 0.02 	 0.03
 66886 	 105523 	 0.01 	 0.03
 66886 	 119884 	 0.02 	 0.03
 66886 	 111227 	 0.02 	 0.03
103733 	  64266 	 0.08 	 0.03
 74664 	  90154 	 0.03 	 0.05
 74664 	  80076 	 0.06 	 0.09
 74664 	  66388 	 0.08 	 0.07
 74664 	 126626 	 0.08 	 0.03
 74664 	  85402 	 0.06 	 0.09
 74664 	 102503 	 0.09 	 0.09
 74664 	  75641 	 0.09 	 0.04
 74664 	 101510 	 0.09 	 0.09
 74664 	  31770 	 0.04 	 0.06
 74664 	  36327 	 0.08 	 0.03
 74664 	  77153 	 0.04 	 0.05
 74664 	  51513 	 0.05 	 0.01
 74664 	  95336 	 0.08 	 0.08
 74664 	  69633 	 0.09 	 0.09
 74664 	  65192 	 0.04 	 0.06
 74664 	  62649 	 0.05 	 0.07
 74664 	  74885 	 0.02 	 0.04
 74664 	  77148 	 0.05 	 0.06
 74664 	  61753 	 0.05 	 0.07
 74664 	  67672 	 0.09 	 0.03
 74664 	  66886 	 0.02 	 0.03
106244 	  64266 	 0.07 	 0.02
100737 	  64266 	 0.08 	 0.02
108765 	  90154 	 0.05 	 0.01
108765 	  75641 	 0.07 	 0.01
108765 	  95336 	 0.08 	 0.02
108765 	  69633 	 0.09 	 0.02
108765 	  62649 	 0.07 	 0.02
108765 	  64266 	 0.05 	 0.03
108765 	  67993 	 0.09 	 0.02
108765 	  61753 	 0.06 	 0.02
119270 	  31770 	 0.07 	 0.04
119270 	  65192 	 0.07 	 0.04
119270 	  62649 	 0.08 	 0.05
119270 	  61753 	 0.08 	 0.05
126646 	  64266 	 0.05 	 0.02
103038 	  90154 	 0.09 	 0.05
103038 	  64266 	 0.08 	 0.03
126048 	  64266 	 0.06 	 0.02
 99548 	  90154 	 0.06 	 0.04
 99548 	  31770 	 0.07 	 0.04
 99548 	  77153 	 0.06 	 0.04
 99548 	  95336 	 0.08 	 0.06
 99548 	  65192 	 0.06 	 0.04
 99548 	  62649 	 0.08 	 0.05
 99548 	  77148 	 0.08 	 0.04
 99548 	  61753 	 0.09 	 0.05
  7854 	  90154 	 0.04 	 0.05
  7854 	  85402 	 0.08 	 0.09
  7854 	  31770 	 0.04 	 0.06
  7854 	  77153 	 0.05 	 0.05
  7854 	  95336 	 0.07 	 0.08
  7854 	 107568 	 0.08 	 0.05
  7854 	  65192 	 0.04 	 0.06
  7854 	  62649 	 0.05 	 0.07
  7854 	  74885 	 0.03 	 0.04
  7854 	  61753 	 0.06 	 0.07
 66058 	  90154 	 0.08 	 0.04
 66058 	  31770 	 0.09 	 0.04
 66058 	  65192 	 0.09 	 0.04
127707 	  64266 	 0.06 	 0.02
 94837 	  76449 	 0.09 	 0.06
 94837 	  74286 	 0.09 	 0.06
 94837 	  76438 	 0.09 	 0.06
 94837 	  74664 	 0.09 	 0.06
126274 	  64266 	 0.05 	 0.02
126274 	 105523 	 0.08 	 0.09
124069 	  64266 	 0.08 	 0.02
119890 	  85402 	 0.09 	 0.09
119890 	  31770 	 0.06 	 0.06
119890 	  95336 	 0.08 	 0.08
119890 	  65192 	 0.06 	 0.06
119890 	  62649 	 0.08 	 0.07
119890 	  77148 	 0.07 	 0.06
119890 	  61753 	 0.07 	 0.07
 41611 	  90154 	 0.03 	 0.05
 41611 	  80076 	 0.06 	 0.09
 41611 	  66388 	 0.08 	 0.07
 41611 	 126626 	 0.08 	 0.03
 41611 	  85402 	 0.06 	 0.09
 41611 	 102503 	 0.09 	 0.09
 41611 	  75641 	 0.09 	 0.04
 41611 	 101510 	 0.09 	 0.09
 41611 	  31770 	 0.04 	 0.06
 41611 	  36327 	 0.08 	 0.03
 41611 	  77153 	 0.04 	 0.05
 41611 	  51513 	 0.05 	 0.01
 41611 	  95336 	 0.08 	 0.08
 41611 	  69633 	 0.09 	 0.09
 41611 	  65192 	 0.04 	 0.06
 41611 	  62649 	 0.05 	 0.07
 41611 	  74885 	 0.02 	 0.04
 41611 	  77148 	 0.05 	 0.06
 41611 	  87759 	 0.02 	 0.03
 41611 	  61753 	 0.05 	 0.07
 41611 	  67672 	 0.09 	 0.03
 41611 	  66886 	 0.02 	 0.03
 41611 	  94837 	 0.09 	 0.06
127382 	  62649 	 0.08 	 0.05
127382 	  64266 	 0.09 	 0.02
127382 	  61753 	 0.08 	 0.05
 60615 	  59539 	 0.04 	 0.07
 60615 	  50275 	 0.03 	 0.07
 60615 	  95573 	 0.07 	 0.07
 60615 	  78533 	 0.05 	 0.07
 60615 	  82555 	 0.02 	 0.07
 60615 	  52768 	 0.04 	 0.07
 60615 	   2986 	 0.06 	 0.07
 60615 	   5543 	 0.05 	 0.05
 60615 	 105200 	 0.04 	 0.07
 60615 	 114621 	 0.06 	 0.07
 60615 	  28241 	 0.03 	 0.07
 60615 	  82246 	 0.04 	 0.02
 60615 	  93171 	 0.09 	 0.05
 60615 	 131151 	 0.05 	 0.09
 60615 	 127649 	 0.07 	 0.09
 60615 	  95603 	 0.08 	 0.07
 60615 	  91926 	 0.05 	 0.05
 60615 	 117081 	 0.08 	 0.07
 60615 	  92250 	 0.07 	 0.07
 60615 	  82503 	 0.03 	 0.03
 60615 	  94332 	 0.06 	 0.07
 60615 	 114535 	 0.06 	 0.07
 60615 	  96113 	 0.07 	 0.02
 60615 	  51289 	 0.06 	 0.05
 60615 	 111407 	 0.04 	 0.07
 60615 	  65863 	 0.05 	 0.07
 60615 	  53672 	 0.03 	 0.07
 60615 	 105970 	 0.03 	 0.07
 60615 	  44074 	 0.05 	 0.07
 60615 	  67362 	 0.08 	 0.07
 60615 	  93950 	 0.09 	 0.09
 60615 	  70646 	 0.05 	 0.05
 60615 	 126216 	 0.03 	 0.05
 60615 	 124419 	 0.08 	 0.05
 60615 	   2332 	 0.05 	 0.07
 60615 	 105733 	 0.04 	 0.07
 60615 	 103296 	 0.04 	 0.07
 60615 	   5103 	 0.02 	 0.07
 60615 	   8179 	 0.07 	 0.07
 60615 	  76449 	 0.05 	 0.07
 60615 	  51513 	 0.08 	 0.04
 60615 	 120065 	 0.05 	 0.05
 60615 	  85142 	 0.05 	 0.07
 60615 	  37464 	 0.05 	 0.07
 60615 	 108273 	 0.03 	 0.07
 60615 	   2996 	 0.04 	 0.07
 60615 	 120998 	 0.07 	 0.07
 60615 	 108174 	 0.03 	 0.07
 60615 	  82318 	 0.08 	 0.02
 60615 	  64266 	 0.04 	 0.02
 60615 	  58632 	 0.05 	 0.03
 60615 	 107489 	 0.05 	 0.07
 60615 	  52786 	 0.05 	 0.05
 60615 	 105413 	 0.03 	 0.07
 60615 	  37931 	 0.02 	 0.07
 60615 	  74286 	 0.05 	 0.07
 60615 	  27623 	 0.04 	 0.07
 60615 	  65782 	 0.06 	 0.07
 60615 	 100142 	 0.04 	 0.02
 60615 	 121308 	 0.05 	 0.05
 60615 	   3715 	 0.04 	 0.07
 60615 	   2267 	 0.06 	 0.07
 60615 	    514 	 0.05 	 0.07
 60615 	  95790 	 0.07 	 0.07
 60615 	 109399 	 0.03 	 0.07
 60615 	  94005 	 0.06 	 0.07
 60615 	 123976 	 0.07 	 0.07
 60615 	  18023 	 0.08 	 0.09
 60615 	 109086 	 0.04 	 0.05
 60615 	  76438 	 0.05 	 0.07
 60615 	 124881 	 0.08 	 0.05
 60615 	 105523 	 0.03 	 0.07
 60615 	 129421 	 0.05 	 0.05
 60615 	 119884 	 0.02 	 0.07
 60615 	 100744 	 0.06 	 0.02
 60615 	 122171 	 0.08 	 0.07
 60615 	 111227 	 0.04 	 0.07
 60615 	  81503 	 0.05 	 0.07
 60615 	   2268 	 0.06 	 0.07
 60615 	  92509 	 0.04 	 0.07
 60615 	  66563 	 0.06 	 0.07
 60615 	  62878 	 0.05 	 0.07
 60615 	  77586 	 0.08 	 0.05
 60615 	  74664 	 0.05 	 0.07
 60615 	 119270 	 0.08 	 0.05
 60615 	  99548 	 0.07 	 0.05
 60615 	   7854 	 0.06 	 0.07
 60615 	  66058 	 0.09 	 0.05
 60615 	 119890 	 0.07 	 0.07
 60615 	  41611 	 0.05 	 0.07
103084 	  64266 	 0.08 	 0.03
130419 	  85402 	 0.06 	 0.09
130419 	  85890 	 0.08 	 0.05
130419 	  95336 	 0.06 	 0.08
130419 	  65192 	 0.04 	 0.06
130419 	  62649 	 0.05 	 0.07
130419 	  64266 	 0.07 	 0.02
130419 	  61753 	 0.07 	 0.07
130419 	  60615 	 0.05 	 0.07
 68575 	  90154 	 0.07 	 0.04
 68575 	  31770 	 0.07 	 0.04
 68575 	  95336 	 0.09 	 0.06
 68575 	  65192 	 0.07 	 0.04
 68575 	  62649 	 0.08 	 0.05
 68575 	  64266 	 0.09 	 0.02
 68575 	  60615 	 0.08 	 0.05
117924 	  64266 	 0.09 	 0.03
 62617 	  90154 	 0.03 	 0.05
 62617 	  80076 	 0.06 	 0.09
 62617 	  66388 	 0.08 	 0.07
 62617 	 126626 	 0.08 	 0.03
 62617 	  85402 	 0.06 	 0.09
 62617 	 102503 	 0.09 	 0.09
 62617 	  75641 	 0.09 	 0.04
 62617 	 101510 	 0.09 	 0.09
 62617 	  31770 	 0.04 	 0.06
 62617 	  36327 	 0.08 	 0.03
 62617 	  77153 	 0.04 	 0.05
 62617 	  51513 	 0.05 	 0.01
 62617 	  95336 	 0.08 	 0.08
 62617 	  69633 	 0.09 	 0.09
 62617 	  65192 	 0.04 	 0.06
 62617 	  62649 	 0.05 	 0.07
 62617 	  74885 	 0.02 	 0.04
 62617 	  77148 	 0.05 	 0.06
 62617 	  61753 	 0.05 	 0.07
 62617 	  67672 	 0.09 	 0.03
 62617 	  66886 	 0.02 	 0.03
 62617 	  94837 	 0.09 	 0.06
 62617 	  60615 	 0.05 	 0.07
126992 	  90154 	 0.08 	 0.03
126992 	  64266 	 0.08 	 0.02
 96495 	  90154 	 0.05 	 0.05
 96495 	  85402 	 0.09 	 0.09
 96495 	  31770 	 0.06 	 0.06
 96495 	  77153 	 0.06 	 0.05
 96495 	  95336 	 0.08 	 0.08
 96495 	  65192 	 0.05 	 0.06
 96495 	  62649 	 0.07 	 0.07
 96495 	  64266 	 0.09 	 0.03
 96495 	  77148 	 0.08 	 0.06
 96495 	  67993 	 0.07 	 0.06
 96495 	  60615 	 0.07 	 0.07
 51984 	  90154 	 0.04 	 0.07
 51984 	  85890 	 0.08 	 0.06
 51984 	  31770 	 0.04 	 0.08
 51984 	  65192 	 0.06 	 0.08
 51984 	  62649 	 0.05 	 0.09
 51984 	  64266 	 0.07 	 0.02
 51984 	  61753 	 0.05 	 0.09
 51984 	  60615 	 0.05 	 0.09
105872 	  90154 	 0.03 	 0.05
105872 	  85402 	 0.06 	 0.09
105872 	  31770 	 0.04 	 0.06
105872 	  77153 	 0.04 	 0.05
105872 	  95336 	 0.05 	 0.08
105872 	  65192 	 0.03 	 0.06
105872 	  62649 	 0.04 	 0.07
105872 	  64266 	 0.04 	 0.03
105872 	  77148 	 0.06 	 0.06
105872 	  67993 	 0.05 	 0.06
105872 	  61753 	 0.05 	 0.07
105872 	  60615 	 0.04 	 0.07
101248 	  64266 	 0.07 	 0.02
124765 	  90154 	 0.05 	 0.01
124765 	  75641 	 0.08 	 0.01
124765 	  31770 	 0.05 	 0.02
124765 	  77153 	 0.07 	 0.01
124765 	  95336 	 0.08 	 0.02
124765 	  65192 	 0.06 	 0.02
124765 	  62649 	 0.07 	 0.02
124765 	  64266 	 0.04 	 0.03
124765 	  77148 	 0.07 	 0.02
124765 	  67993 	 0.08 	 0.02
124765 	  61753 	 0.08 	 0.02
124765 	  60615 	 0.07 	 0.02
 95929 	  64266 	 0.08 	 0.03
 97187 	  64266 	 0.08 	 0.02
 90122 	  90154 	 0.04 	 0.09
 90122 	  75641 	 0.07 	 0.07
 90122 	  85890 	 0.07 	 0.08
 90122 	  77153 	 0.05 	 0.09
 90122 	  59944 	 0.09 	 0.08
