113401 	 106567 	 0.41 	 0.11
118052 	  94927 	 0.47 	 0.11
102380 	 127102 	 0.43 	 0.18
102380 	 118052 	 0.42 	 0.18
117891 	 113401 	 0.44 	 0.11
117891 	 118052 	 0.44 	 0.11
117976 	 118052 	 0.40 	 0.16
110641 	  96511 	 0.48 	 0.18
110641 	  39337 	 0.49 	 0.11
 50275 	 118052 	 0.42 	 0.16
 93163 	 118052 	 0.43 	 0.11
119680 	 117976 	 0.42 	 0.11
 39079 	 118052 	 0.48 	 0.11
 39079 	  50275 	 0.41 	 0.11
128397 	  93163 	 0.40 	 0.14
100225 	 113401 	 0.45 	 0.16
100225 	  94927 	 0.40 	 0.11
100225 	 118052 	 0.41 	 0.16
100225 	  93163 	 0.41 	 0.11
100225 	 119680 	 0.41 	 0.11
100225 	  91563 	 0.40 	 0.11
130665 	 113401 	 0.40 	 0.11
130665 	 100225 	 0.41 	 0.11
 95573 	  94927 	 0.44 	 0.11
 95573 	 118052 	 0.45 	 0.16
 95573 	  93163 	 0.47 	 0.11
 95573 	  39079 	 0.45 	 0.11
 95573 	  91563 	 0.43 	 0.11
 95573 	 130665 	 0.43 	 0.11
 97838 	  94908 	 0.45 	 0.16
 82555 	 118052 	 0.40 	 0.16
 82555 	 100225 	 0.43 	 0.16
 82555 	  95573 	 0.47 	 0.16
 95182 	   9595 	 0.46 	 0.16
 95182 	 117976 	 0.42 	 0.16
 52768 	  50275 	 0.41 	 0.16
 52768 	  95573 	 0.40 	 0.16
 80370 	  50275 	 0.41 	 0.11
 80370 	  39079 	 0.44 	 0.18
 80370 	 100225 	 0.45 	 0.11
 62372 	  95182 	 0.40 	 0.16
 76155 	  52768 	 0.40 	 0.16
 75030 	 102380 	 0.46 	 0.10
106302 	 113401 	 0.48 	 0.11
106302 	 118052 	 0.41 	 0.11
106302 	 100225 	 0.45 	 0.11
106302 	  76155 	 0.49 	 0.11
105200 	  50275 	 0.48 	 0.16
105200 	  76155 	 0.43 	 0.16
127533 	 117976 	 0.43 	 0.16
127533 	 119680 	 0.41 	 0.11
127533 	 100225 	 0.47 	 0.16
127533 	  76155 	 0.43 	 0.16
110571 	 100225 	 0.46 	 0.11
114621 	  59539 	 0.41 	 0.16
114621 	  95573 	 0.46 	 0.16
114621 	  76155 	 0.43 	 0.16
114621 	 105200 	 0.41 	 0.16
109693 	  76155 	 0.46 	 0.11
109693 	 127533 	 0.48 	 0.11
109693 	 114621 	 0.46 	 0.11
122022 	 113401 	 0.43 	 0.11
122022 	  50275 	 0.45 	 0.11
122022 	 100225 	 0.47 	 0.11
122022 	   5543 	 0.42 	 0.18
122022 	 114621 	 0.42 	 0.11
 88333 	  95573 	 0.40 	 0.11
 88333 	 127533 	 0.49 	 0.11
 18307 	  95182 	 0.40 	 0.16
 96738 	 118052 	 0.44 	 0.16
 96738 	  96511 	 0.46 	 0.11
 96738 	 119680 	 0.40 	 0.11
 96738 	 130665 	 0.40 	 0.11
 96738 	 106302 	 0.43 	 0.11
 96738 	 110571 	 0.44 	 0.11
 96738 	 109693 	 0.41 	 0.11
 96738 	 122022 	 0.43 	 0.11
 70752 	  91563 	 0.41 	 0.18
 70752 	  95573 	 0.47 	 0.11
 70752 	  80370 	 0.41 	 0.18
  8980 	 118052 	 0.49 	 0.11
  8980 	 130387 	 0.44 	 0.14
  8980 	 100225 	 0.44 	 0.11
  8980 	  95573 	 0.43 	 0.11
130780 	 128397 	 0.49 	 0.14
130780 	 100225 	 0.44 	 0.11
130780 	  95573 	 0.40 	 0.11
130780 	  76155 	 0.40 	 0.11
130780 	 105200 	 0.45 	 0.11
 91848 	 113401 	 0.44 	 0.16
107934 	 106567 	 0.43 	 0.11
107934 	  94927 	 0.43 	 0.11
107934 	  96511 	 0.46 	 0.11
107934 	 117891 	 0.42 	 0.11
107934 	  50275 	 0.41 	 0.16
107934 	  82555 	 0.41 	 0.16
107934 	  80370 	 0.43 	 0.11
107934 	 114621 	 0.44 	 0.16
107934 	 109693 	 0.49 	 0.11
131018 	  96511 	 0.48 	 0.18
131018 	  82555 	 0.43 	 0.11
131018 	  96738 	 0.42 	 0.11
126626 	  39337 	 0.43 	 0.11
113027 	  95573 	 0.44 	 0.11
 28241 	  50275 	 0.41 	 0.16
 28241 	  93163 	 0.48 	 0.11
 28241 	 100225 	 0.49 	 0.16
 28241 	  76155 	 0.46 	 0.16
 28241 	 114621 	 0.41 	 0.16
 28241 	 130780 	 0.42 	 0.11
 28241 	 107934 	 0.47 	 0.16
114379 	  50275 	 0.40 	 0.11
114379 	 105200 	 0.49 	 0.11
114379 	  99902 	 0.48 	 0.12
114379 	  96738 	 0.40 	 0.11
114379 	 105455 	 0.45 	 0.14
101280 	  96511 	 0.46 	 0.11
101280 	 117891 	 0.43 	 0.11
101280 	 117976 	 0.48 	 0.16
101280 	 119680 	 0.41 	 0.11
101280 	 100225 	 0.44 	 0.16
101280 	 130665 	 0.41 	 0.11
101280 	  95573 	 0.43 	 0.16
101280 	  76155 	 0.40 	 0.16
101280 	 109693 	 0.48 	 0.11
110268 	 118052 	 0.47 	 0.11
110268 	  50275 	 0.43 	 0.11
110268 	  39079 	 0.44 	 0.18
110268 	  95573 	 0.46 	 0.11
110268 	 127533 	 0.43 	 0.11
110268 	 114621 	 0.46 	 0.11
110268 	 107934 	 0.49 	 0.11
110268 	 101280 	 0.43 	 0.11
103813 	 113401 	 0.46 	 0.16
103813 	  96511 	 0.41 	 0.11
103813 	 107934 	 0.41 	 0.16
101160 	 113401 	 0.48 	 0.11
101160 	 118052 	 0.46 	 0.11
101160 	  39337 	 0.42 	 0.11
101160 	 117976 	 0.43 	 0.11
101160 	  95573 	 0.41 	 0.11
101160 	   5543 	 0.44 	 0.18
101160 	 107934 	 0.42 	 0.11
101160 	 103813 	 0.45 	 0.11
127649 	  93163 	 0.43 	 0.14
127649 	  39079 	 0.43 	 0.14
 95603 	 113401 	 0.44 	 0.16
 95603 	 118052 	 0.48 	 0.16
 95603 	  52768 	 0.40 	 0.16
 95603 	  80370 	 0.46 	 0.11
 95603 	  76155 	 0.46 	 0.16
 95603 	 127533 	 0.40 	 0.16
 95603 	 110571 	 0.43 	 0.11
 95603 	 114621 	 0.43 	 0.16
 95603 	 122022 	 0.45 	 0.11
 95603 	  88333 	 0.42 	 0.11
 95603 	 130780 	 0.42 	 0.11
 95603 	 107934 	 0.47 	 0.16
 95603 	 101280 	 0.40 	 0.16
 95603 	 110268 	 0.44 	 0.11
 90147 	  95182 	 0.42 	 0.16
 90147 	   2986 	 0.44 	 0.16
 90147 	  80370 	 0.41 	 0.11
 90147 	 106302 	 0.44 	 0.11
 90147 	 127533 	 0.42 	 0.16
 90147 	 114621 	 0.44 	 0.16
 90147 	 109693 	 0.43 	 0.11
 90147 	  91848 	 0.41 	 0.16
 90147 	 101280 	 0.42 	 0.16
 90147 	 110268 	 0.40 	 0.11
 91926 	  50275 	 0.45 	 0.11
 91926 	 100225 	 0.42 	 0.11
 91926 	  95573 	 0.42 	 0.11
 91926 	  82555 	 0.46 	 0.11
 91926 	  76155 	 0.42 	 0.11
 91926 	 114621 	 0.41 	 0.11
 91926 	 107934 	 0.43 	 0.11
 91926 	  28241 	 0.41 	 0.11
 91926 	  95603 	 0.46 	 0.11
 95442 	  70752 	 0.43 	 0.14
  7012 	  96511 	 0.42 	 0.11
  7012 	  39079 	 0.43 	 0.11
  7012 	 100225 	 0.44 	 0.16
  7012 	  95573 	 0.45 	 0.16
  7012 	  80370 	 0.44 	 0.11
  7012 	   8980 	 0.46 	 0.11
  7012 	  91926 	 0.41 	 0.11
117081 	 113401 	 0.43 	 0.16
117081 	 127533 	 0.42 	 0.16
117081 	 126721 	 0.42 	 0.16
117081 	 101280 	 0.42 	 0.16
117081 	  95603 	 0.46 	 0.16
 92865 	 100225 	 0.47 	 0.11
 92865 	  82555 	 0.40 	 0.11
 92865 	 107934 	 0.48 	 0.11
 92865 	  28241 	 0.46 	 0.11
 92865 	  95603 	 0.46 	 0.11
 92865 	   7012 	 0.49 	 0.11
 92865 	 117081 	 0.48 	 0.11
  5646 	 122022 	 0.41 	 0.18
 92250 	  91563 	 0.42 	 0.11
 92250 	  97838 	 0.42 	 0.16
 92250 	  52768 	 0.42 	 0.16
 92250 	 109693 	 0.40 	 0.11
 92250 	 114379 	 0.45 	 0.11
 92250 	 110268 	 0.49 	 0.11
 92250 	 101160 	 0.40 	 0.11
 92250 	  95603 	 0.46 	 0.16
 92250 	   5646 	 0.41 	 0.11
 94332 	  95573 	 0.40 	 0.16
 94332 	  76155 	 0.40 	 0.16
 94332 	  95603 	 0.40 	 0.16
 94332 	  90147 	 0.49 	 0.16
 94332 	  92250 	 0.42 	 0.16
114535 	  93163 	 0.44 	 0.11
114535 	 100225 	 0.41 	 0.16
114535 	  95573 	 0.45 	 0.16
114535 	  76155 	 0.49 	 0.16
114535 	   7012 	 0.44 	 0.16
114535 	  92865 	 0.45 	 0.11
129859 	 127102 	 0.44 	 0.13
129859 	 128844 	 0.44 	 0.13
129859 	 130983 	 0.44 	 0.13
102078 	 106567 	 0.41 	 0.11
102078 	 113401 	 0.44 	 0.16
102078 	 117976 	 0.47 	 0.16
102078 	 100225 	 0.49 	 0.16
102078 	  97838 	 0.45 	 0.16
102078 	 106302 	 0.49 	 0.11
102078 	 114621 	 0.42 	 0.16
102078 	 109693 	 0.45 	 0.11
102078 	  96738 	 0.44 	 0.16
102078 	 130780 	 0.41 	 0.11
102078 	 103813 	 0.40 	 0.16
102078 	 101160 	 0.46 	 0.11
102078 	  95603 	 0.45 	 0.16
102078 	 117081 	 0.44 	 0.16
 51289 	 114621 	 0.41 	 0.11
111407 	  93163 	 0.47 	 0.11
111407 	 100225 	 0.42 	 0.16
111407 	  95573 	 0.49 	 0.16
111407 	  76155 	 0.49 	 0.16
111407 	 114621 	 0.45 	 0.16
111407 	 130780 	 0.44 	 0.11
111407 	 129131 	 0.41 	 0.16
113290 	 118052 	 0.48 	 0.16
113290 	 100225 	 0.44 	 0.16
113290 	  95573 	 0.42 	 0.16
113290 	 109693 	 0.42 	 0.11
113290 	 122022 	 0.41 	 0.11
113290 	  88333 	 0.45 	 0.11
113290 	 107934 	 0.42 	 0.16
113290 	 101160 	 0.49 	 0.11
113290 	   7012 	 0.40 	 0.16
122840 	  39337 	 0.48 	 0.11
122840 	  76155 	 0.40 	 0.11
122840 	 127533 	 0.46 	 0.11
122840 	 109693 	 0.41 	 0.18
122840 	 122022 	 0.42 	 0.18
122840 	 101280 	 0.46 	 0.11
 65863 	  50275 	 0.47 	 0.16
 65863 	  93163 	 0.44 	 0.11
 65863 	 100225 	 0.45 	 0.16
 65863 	  76155 	 0.49 	 0.16
 65863 	 107934 	 0.43 	 0.16
 65863 	 114379 	 0.42 	 0.11
 65863 	   7012 	 0.41 	 0.16
 65863 	  92865 	 0.45 	 0.11
 53672 	  50275 	 0.44 	 0.16
108185 	 124999 	 0.44 	 0.16
108185 	 101280 	 0.44 	 0.11
108185 	 103813 	 0.46 	 0.11
108185 	  90147 	 0.45 	 0.11
108185 	   7012 	 0.44 	 0.11
108185 	 111407 	 0.41 	 0.11
117951 	  39079 	 0.47 	 0.11
117951 	  95573 	 0.44 	 0.16
117951 	 106302 	 0.43 	 0.11
117951 	 127533 	 0.48 	 0.16
117951 	 109693 	 0.41 	 0.11
117951 	  96738 	 0.49 	 0.16
117951 	 130780 	 0.40 	 0.11
117951 	 107934 	 0.41 	 0.16
117951 	 101280 	 0.48 	 0.16
117951 	  95603 	 0.44 	 0.16
117951 	   7012 	 0.44 	 0.16
105970 	  59539 	 0.48 	 0.16
105970 	 118052 	 0.46 	 0.16
105970 	  93163 	 0.43 	 0.11
105970 	  39079 	 0.43 	 0.11
105970 	  82555 	 0.41 	 0.16
105970 	   5543 	 0.41 	 0.11
105970 	  80370 	 0.43 	 0.11
105970 	 105200 	 0.47 	 0.16
105970 	 114621 	 0.47 	 0.16
105970 	 107934 	 0.48 	 0.16
105970 	 113027 	 0.40 	 0.11
105970 	 114379 	 0.41 	 0.11
105970 	 110268 	 0.45 	 0.11
105970 	  95603 	 0.48 	 0.16
105970 	   7012 	 0.40 	 0.16
105970 	 117081 	 0.43 	 0.16
105970 	  92865 	 0.44 	 0.11
105970 	 114535 	 0.42 	 0.16
105970 	 111407 	 0.47 	 0.16
105970 	 122840 	 0.41 	 0.11
129134 	  93163 	 0.47 	 0.18
129134 	  39079 	 0.47 	 0.18
129134 	 126869 	 0.46 	 0.14
131017 	  95573 	 0.48 	 0.11
131017 	  82555 	 0.41 	 0.11
131017 	  52768 	 0.41 	 0.11
131017 	  76155 	 0.44 	 0.11
131017 	 105200 	 0.47 	 0.11
131017 	 114621 	 0.44 	 0.11
131017 	  28241 	 0.40 	 0.11
131017 	   7012 	 0.46 	 0.11
131017 	 114535 	 0.43 	 0.11
131017 	 129859 	 0.48 	 0.16
131017 	 102078 	 0.43 	 0.11
131017 	 111407 	 0.40 	 0.11
131017 	  65863 	 0.43 	 0.11
101510 	  93163 	 0.41 	 0.14
101510 	 105455 	 0.40 	 0.11
127855 	  93163 	 0.41 	 0.14
127855 	   5646 	 0.42 	 0.14
116115 	   2986 	 0.48 	 0.16
116115 	 114621 	 0.44 	 0.16
127451 	 113401 	 0.41 	 0.11
127451 	 117081 	 0.40 	 0.11
127451 	 117951 	 0.46 	 0.11
127451 	 105970 	 0.40 	 0.11
127451 	 131017 	 0.48 	 0.18
130218 	 113401 	 0.46 	 0.11
130218 	  93163 	 0.42 	 0.18
130218 	 100225 	 0.46 	 0.11
130218 	  95573 	 0.47 	 0.11
130218 	  96738 	 0.46 	 0.11
130218 	 113027 	 0.41 	 0.18
130218 	  28241 	 0.40 	 0.11
130218 	 114379 	 0.45 	 0.18
130218 	 103813 	 0.46 	 0.11
130218 	 117081 	 0.49 	 0.11
  4363 	  93163 	 0.49 	 0.14
  4363 	  70752 	 0.48 	 0.14
119111 	 113401 	 0.44 	 0.16
119111 	 119680 	 0.42 	 0.11
119111 	  97838 	 0.46 	 0.16
119111 	  80370 	 0.40 	 0.11
119111 	 114621 	 0.47 	 0.16
119111 	  96738 	 0.44 	 0.16
119111 	 130780 	 0.43 	 0.11
119111 	 110268 	 0.46 	 0.11
119111 	 101160 	 0.48 	 0.11
119111 	  95603 	 0.44 	 0.16
119111 	 131017 	 0.45 	 0.11
129644 	 113401 	 0.45 	 0.11
129644 	 100225 	 0.42 	 0.11
129644 	 127533 	 0.42 	 0.11
129644 	 131018 	 0.44 	 0.18
129644 	 102078 	 0.41 	 0.11
 58481 	 114621 	 0.44 	 0.16
 58481 	 130780 	 0.48 	 0.11
 58481 	  95603 	 0.43 	 0.16
 58481 	  92865 	 0.43 	 0.11
 58481 	 129859 	 0.42 	 0.13
 58481 	 117951 	 0.41 	 0.16
 58481 	 105970 	 0.47 	 0.16
 58481 	 130218 	 0.48 	 0.11
 58481 	 119111 	 0.44 	 0.16
 70646 	 118052 	 0.41 	 0.11
 70646 	  50275 	 0.41 	 0.11
 70646 	 100225 	 0.45 	 0.11
 70646 	 114621 	 0.48 	 0.11
 70646 	 107934 	 0.43 	 0.11
 70646 	  95603 	 0.49 	 0.11
 70646 	  92250 	 0.48 	 0.11
 70646 	 105970 	 0.40 	 0.11
 70646 	 119111 	 0.40 	 0.11
101544 	 117976 	 0.41 	 0.16
101544 	  39079 	 0.44 	 0.11
101544 	  82555 	 0.41 	 0.16
101544 	  95182 	 0.41 	 0.16
101544 	  80370 	 0.40 	 0.11
101544 	 106302 	 0.41 	 0.11
101544 	 127533 	 0.45 	 0.16
101544 	 114621 	 0.44 	 0.16
101544 	 130780 	 0.40 	 0.11
101544 	  91848 	 0.44 	 0.16
101544 	  28241 	 0.47 	 0.16
101544 	 114379 	 0.48 	 0.11
101544 	 110268 	 0.46 	 0.11
101544 	 101160 	 0.48 	 0.11
101544 	  90147 	 0.41 	 0.16
101544 	  91926 	 0.40 	 0.11
101544 	 117081 	 0.49 	 0.16
101544 	   5646 	 0.45 	 0.11
101544 	 111407 	 0.43 	 0.16
101544 	  65863 	 0.40 	 0.16
101544 	  58481 	 0.47 	 0.16
101544 	  70646 	 0.46 	 0.11
118363 	  93163 	 0.40 	 0.14
118363 	 114379 	 0.48 	 0.14
100782 	  93163 	 0.46 	 0.14
105815 	 118052 	 0.46 	 0.16
105815 	  50275 	 0.40 	 0.16
105815 	  93163 	 0.46 	 0.11
105815 	  39079 	 0.46 	 0.11
105815 	  91563 	 0.48 	 0.11
105815 	 100225 	 0.44 	 0.16
105815 	  82555 	 0.44 	 0.16
105815 	  52768 	 0.44 	 0.16
105815 	 105200 	 0.47 	 0.16
105815 	 114621 	 0.47 	 0.16
105815 	 109693 	 0.45 	 0.11
105815 	  70752 	 0.42 	 0.11
105815 	  28241 	 0.47 	 0.16
105815 	 110268 	 0.48 	 0.11
105815 	 101160 	 0.49 	 0.11
105815 	  91926 	 0.47 	 0.11
105815 	   7012 	 0.43 	 0.16
105815 	  92865 	 0.47 	 0.11
105815 	 114535 	 0.46 	 0.16
105815 	 102078 	 0.43 	 0.16
105815 	 111407 	 0.43 	 0.16
105815 	 108185 	 0.41 	 0.11
105815 	 131017 	 0.49 	 0.11
105815 	 130218 	 0.46 	 0.11
105815 	 119111 	 0.45 	 0.16
105815 	 101544 	 0.48 	 0.16
129960 	  93163 	 0.44 	 0.12
129960 	  82555 	 0.40 	 0.16
129960 	 111407 	 0.41 	 0.16
101892 	 113401 	 0.45 	 0.16
101892 	 118052 	 0.49 	 0.16
101892 	  50275 	 0.40 	 0.16
101892 	  91563 	 0.41 	 0.11
101892 	 100225 	 0.47 	 0.16
101892 	  82555 	 0.41 	 0.16
101892 	  95182 	 0.41 	 0.16
101892 	  52768 	 0.44 	 0.16
101892 	 105200 	 0.47 	 0.16
101892 	 114621 	 0.47 	 0.16
101892 	 109693 	 0.42 	 0.11
101892 	  96738 	 0.42 	 0.16
101892 	 107934 	 0.48 	 0.16
101892 	  28241 	 0.43 	 0.16
101892 	 110268 	 0.45 	 0.11
101892 	 103813 	 0.40 	 0.16
101892 	 101160 	 0.46 	 0.11
101892 	  90147 	 0.47 	 0.16
101892 	   5646 	 0.41 	 0.11
101892 	  94332 	 0.40 	 0.16
101892 	 102078 	 0.43 	 0.16
101892 	 113290 	 0.43 	 0.16
101892 	 117951 	 0.45 	 0.16
101892 	 131017 	 0.49 	 0.11
126216 	   5543 	 0.40 	 0.18
126216 	 105970 	 0.41 	 0.11
126216 	 101892 	 0.41 	 0.11
 85972 	 118052 	 0.46 	 0.11
 85972 	 100225 	 0.44 	 0.11
 85972 	  95573 	 0.43 	 0.11
 85972 	  82555 	 0.40 	 0.11
 85972 	  76155 	 0.46 	 0.11
 85972 	 105200 	 0.43 	 0.11
 85972 	  96738 	 0.43 	 0.11
 85972 	  28241 	 0.46 	 0.11
 85972 	 101280 	 0.44 	 0.11
 85972 	 114535 	 0.45 	 0.11
 85972 	 113290 	 0.46 	 0.11
 85972 	  65863 	 0.42 	 0.11
129434 	 113401 	 0.40 	 0.11
129434 	 118052 	 0.42 	 0.11
129434 	 100225 	 0.43 	 0.11
129434 	  95573 	 0.43 	 0.11
 94785 	  95603 	 0.49 	 0.16
 94785 	   7012 	 0.44 	 0.16
 94785 	  92865 	 0.42 	 0.11
 94785 	 119111 	 0.40 	 0.16
 94785 	 101544 	 0.40 	 0.16
 94785 	  85972 	 0.42 	 0.11
115173 	  93163 	 0.46 	 0.11
115173 	  39079 	 0.41 	 0.11
115173 	  91563 	 0.40 	 0.11
115173 	  82555 	 0.43 	 0.16
115173 	  52768 	 0.40 	 0.16
115173 	  96738 	 0.45 	 0.16
115173 	  91848 	 0.43 	 0.16
115173 	  28241 	 0.49 	 0.16
115173 	 101160 	 0.44 	 0.11
115173 	  91926 	 0.48 	 0.11
115173 	   7012 	 0.49 	 0.16
115173 	   5646 	 0.43 	 0.11
115173 	 114535 	 0.45 	 0.16
115173 	 111407 	 0.45 	 0.16
115173 	 122840 	 0.40 	 0.11
115173 	  65863 	 0.41 	 0.16
115173 	 108185 	 0.47 	 0.11
115173 	 117951 	 0.45 	 0.16
115173 	 105970 	 0.44 	 0.16
115173 	 131017 	 0.47 	 0.11
115173 	 127451 	 0.45 	 0.11
115173 	  85972 	 0.47 	 0.11
104295 	  99902 	 0.49 	 0.16
124419 	 113401 	 0.49 	 0.11
124419 	 102380 	 0.43 	 0.13
124419 	 119680 	 0.40 	 0.18
124419 	 106302 	 0.45 	 0.18
124419 	  96738 	 0.46 	 0.11
124419 	 111407 	 0.46 	 0.11
124419 	 113290 	 0.42 	 0.11
124419 	  65863 	 0.44 	 0.11
124419 	 129644 	 0.47 	 0.18
128492 	 118052 	 0.49 	 0.11
128492 	   8980 	 0.41 	 0.18
128492 	 107934 	 0.44 	 0.11
 91637 	 109693 	 0.45 	 0.12
 91637 	 110268 	 0.47 	 0.12
 91637 	 101160 	 0.41 	 0.12
102383 	 130986 	 0.40 	 0.11
122251 	 113401 	 0.41 	 0.16
122251 	 117976 	 0.49 	 0.16
122251 	 106302 	 0.43 	 0.11
122251 	 130780 	 0.43 	 0.11
122251 	 103813 	 0.49 	 0.16
122251 	 117081 	 0.40 	 0.16
122251 	 113290 	 0.47 	 0.16
122251 	 127451 	 0.44 	 0.11
125161 	 101160 	 0.42 	 0.16
 52894 	 118052 	 0.40 	 0.11
 52894 	 100225 	 0.44 	 0.11
 52894 	 122022 	 0.47 	 0.18
 52894 	 107934 	 0.42 	 0.11
 52894 	  90147 	 0.47 	 0.11
 52894 	  91926 	 0.43 	 0.18
 52894 	 105970 	 0.42 	 0.11
 52894 	 118363 	 0.46 	 0.14
 52894 	 102383 	 0.40 	 0.14
105733 	 105815 	 0.41 	 0.16
103296 	 105970 	 0.47 	 0.16
 16479 	  91848 	 0.45 	 0.16
 16479 	  65408 	 0.43 	 0.16
 16479 	 103813 	 0.40 	 0.16
 16479 	  63310 	 0.40 	 0.16
130217 	  96511 	 0.46 	 0.11
130217 	 117976 	 0.43 	 0.16
130217 	 119680 	 0.41 	 0.11
130217 	 100225 	 0.44 	 0.16
130217 	  76155 	 0.40 	 0.16
130217 	 109693 	 0.48 	 0.11
130217 	  88333 	 0.44 	 0.11
130217 	 110268 	 0.43 	 0.11
130217 	  90147 	 0.42 	 0.16
130217 	 117081 	 0.42 	 0.16
130217 	  92865 	 0.42 	 0.11
130217 	 102078 	 0.46 	 0.16
130217 	 122840 	 0.49 	 0.11
130217 	 108185 	 0.47 	 0.11
130217 	 117951 	 0.43 	 0.16
130217 	 129644 	 0.42 	 0.11
130217 	 129434 	 0.43 	 0.11
130217 	 124419 	 0.48 	 0.11
130217 	 128492 	 0.43 	 0.11
125839 	  96738 	 0.43 	 0.11
125839 	 113290 	 0.46 	 0.11
  5103 	  50275 	 0.41 	 0.16
  5103 	  91563 	 0.43 	 0.11
  5103 	  28241 	 0.41 	 0.16
  5103 	 131017 	 0.41 	 0.11
  8179 	 107934 	 0.40 	 0.16
  8179 	 114379 	 0.45 	 0.11
  8179 	   7012 	 0.41 	 0.16
  8179 	 101544 	 0.43 	 0.16
  8179 	 105815 	 0.42 	 0.16
  8179 	  85972 	 0.42 	 0.11
  8179 	 115173 	 0.48 	 0.16
109370 	 113401 	 0.48 	 0.11
109370 	  95573 	 0.40 	 0.11
109370 	  96738 	 0.43 	 0.11
109370 	  95603 	 0.40 	 0.11
109370 	   7012 	 0.46 	 0.11
109370 	 113290 	 0.49 	 0.11
109370 	 101544 	 0.43 	 0.11
 97207 	  50275 	 0.43 	 0.11
 97207 	 100225 	 0.44 	 0.11
 97207 	  95573 	 0.43 	 0.11
 97207 	 105200 	 0.49 	 0.11
 97207 	  28241 	 0.46 	 0.11
 97207 	  95603 	 0.46 	 0.11
 97207 	 114535 	 0.45 	 0.11
 97207 	  65863 	 0.42 	 0.11
 97207 	  58481 	 0.46 	 0.11
 97207 	  94785 	 0.42 	 0.11
116522 	 100225 	 0.46 	 0.16
116522 	  82555 	 0.47 	 0.16
116522 	 105200 	 0.49 	 0.16
116522 	 114621 	 0.49 	 0.16
116522 	 122022 	 0.49 	 0.11
116522 	  70752 	 0.42 	 0.11
116522 	 107934 	 0.44 	 0.16
116522 	 114379 	 0.43 	 0.11
116522 	 117081 	 0.42 	 0.16
116522 	  92250 	 0.42 	 0.16
116522 	  94332 	 0.46 	 0.16
116522 	 114535 	 0.41 	 0.16
116522 	 111407 	 0.42 	 0.16
116522 	  65863 	 0.41 	 0.16
116522 	 131017 	 0.45 	 0.11
116522 	 119111 	 0.41 	 0.16
116522 	  58481 	 0.49 	 0.16
116522 	  70646 	 0.49 	 0.11
116522 	 101544 	 0.41 	 0.16
116522 	 115173 	 0.49 	 0.16
116522 	   8179 	 0.41 	 0.16
  5133 	 114621 	 0.47 	 0.16
  5133 	  92250 	 0.40 	 0.16
  5133 	 105970 	 0.42 	 0.16
 91880 	  95573 	 0.40 	 0.11
 91880 	  90147 	 0.42 	 0.11
 91880 	 105815 	 0.41 	 0.11
 91880 	   5133 	 0.41 	 0.11
103133 	  97838 	 0.44 	 0.16
108127 	 127102 	 0.40 	 0.14
108127 	 100225 	 0.42 	 0.11
108127 	  95573 	 0.43 	 0.11
108127 	 128844 	 0.40 	 0.14
108127 	  70752 	 0.45 	 0.18
108127 	 107934 	 0.40 	 0.11
108127 	 105455 	 0.40 	 0.14
108127 	 130983 	 0.40 	 0.14
108127 	 126721 	 0.41 	 0.12
108127 	 110268 	 0.45 	 0.18
108127 	 127649 	 0.46 	 0.14
108127 	  95603 	 0.46 	 0.11
108127 	   7012 	 0.46 	 0.11
108127 	 129134 	 0.40 	 0.18
108127 	 127855 	 0.44 	 0.14
108127 	   4363 	 0.44 	 0.14
108127 	 100782 	 0.42 	 0.14
108127 	  85972 	 0.42 	 0.18
120065 	 118052 	 0.42 	 0.11
120065 	 100225 	 0.40 	 0.11
120065 	 107934 	 0.44 	 0.11
120065 	  65863 	 0.46 	 0.11
120065 	  53672 	 0.44 	 0.11
120065 	  58481 	 0.46 	 0.11
120065 	 101544 	 0.41 	 0.11
120065 	 105815 	 0.48 	 0.11
120065 	 115173 	 0.40 	 0.11
120065 	 116522 	 0.41 	 0.11
114673 	 106567 	 0.40 	 0.11
114673 	  80370 	 0.43 	 0.11
114673 	  76155 	 0.49 	 0.16
114673 	 127533 	 0.45 	 0.16
114673 	 114621 	 0.47 	 0.16
114673 	 109693 	 0.49 	 0.11
114673 	 101280 	 0.45 	 0.16
114673 	  91926 	 0.47 	 0.11
114673 	  92865 	 0.45 	 0.11
114673 	  92250 	 0.44 	 0.16
114673 	 114535 	 0.42 	 0.16
114673 	 111407 	 0.40 	 0.16
114673 	 105970 	 0.46 	 0.16
114673 	  70646 	 0.43 	 0.11
114673 	 101892 	 0.42 	 0.16
114673 	 115173 	 0.48 	 0.16
114673 	 130217 	 0.41 	 0.16
114673 	 116522 	 0.48 	 0.16
114673 	  91880 	 0.45 	 0.11
 96012 	  96738 	 0.45 	 0.11
 96012 	 113290 	 0.44 	 0.11
 96012 	 117951 	 0.41 	 0.11
 96012 	 105970 	 0.42 	 0.11
 96012 	  94785 	 0.46 	 0.11
 96012 	 116522 	 0.47 	 0.11
111666 	 113401 	 0.47 	 0.11
111666 	 118052 	 0.40 	 0.11
111666 	 114621 	 0.40 	 0.11
111666 	  96738 	 0.40 	 0.11
111666 	 107934 	 0.45 	 0.11
111666 	 131018 	 0.40 	 0.18
111666 	 113290 	 0.40 	 0.11
111666 	 115173 	 0.44 	 0.11
111666 	 124419 	 0.40 	 0.18
125990 	  94927 	 0.40 	 0.11
125990 	  96511 	 0.43 	 0.11
125990 	 117891 	 0.41 	 0.11
125990 	 117976 	 0.40 	 0.16
125990 	  95182 	 0.42 	 0.16
125990 	  76155 	 0.42 	 0.16
125990 	 106302 	 0.42 	 0.11
125990 	 122022 	 0.41 	 0.11
125990 	  88333 	 0.46 	 0.11
125990 	  90147 	 0.44 	 0.16
125990 	 117081 	 0.44 	 0.16
125990 	 117951 	 0.42 	 0.16
125990 	 101892 	 0.40 	 0.16
125990 	 129434 	 0.41 	 0.11
125990 	 124419 	 0.47 	 0.11
125990 	 128492 	 0.41 	 0.11
125990 	 109370 	 0.49 	 0.11
125990 	 114673 	 0.47 	 0.16
125990 	 111666 	 0.46 	 0.11
129208 	 113401 	 0.44 	 0.11
129208 	  96738 	 0.42 	 0.11
129208 	 117081 	 0.41 	 0.11
129208 	 113290 	 0.45 	 0.11
129208 	 117951 	 0.42 	 0.11
129208 	  58481 	 0.41 	 0.11
129208 	 101544 	 0.42 	 0.11
129208 	 122251 	 0.42 	 0.11
 73957 	 113401 	 0.49 	 0.11
 73957 	 110641 	 0.46 	 0.18
 73957 	 114621 	 0.41 	 0.11
 73957 	  96738 	 0.41 	 0.11
 73957 	 105455 	 0.41 	 0.14
 73957 	 126626 	 0.45 	 0.18
 73957 	  95603 	 0.44 	 0.11
 73957 	  91926 	 0.44 	 0.18
 73957 	 105970 	 0.42 	 0.11
 73957 	  53106 	 0.43 	 0.14
 73957 	  52894 	 0.48 	 0.18
 73957 	 116522 	 0.42 	 0.11
 73957 	 108127 	 0.40 	 0.18
118768 	 100617 	 0.42 	 0.16
118768 	 102380 	 0.42 	 0.18
118768 	  95182 	 0.40 	 0.16
118768 	  76155 	 0.45 	 0.16
118768 	 106302 	 0.41 	 0.11
118768 	 127533 	 0.49 	 0.16
118768 	 114621 	 0.42 	 0.16
118768 	  99902 	 0.45 	 0.16
118768 	  88333 	 0.40 	 0.11
118768 	  70752 	 0.44 	 0.11
118768 	   8980 	 0.41 	 0.11
118768 	 131018 	 0.42 	 0.11
118768 	 101160 	 0.49 	 0.11
118768 	   7012 	 0.43 	 0.16
118768 	 127451 	 0.40 	 0.11
118768 	 130218 	 0.40 	 0.11
118768 	 115173 	 0.49 	 0.16
118768 	 128492 	 0.42 	 0.11
118768 	 109370 	 0.44 	 0.11
118768 	  97207 	 0.49 	 0.11
118768 	 111666 	 0.43 	 0.11
118768 	 125990 	 0.48 	 0.16
118768 	  73957 	 0.42 	 0.11
 85142 	 100225 	 0.40 	 0.16
 85142 	  95573 	 0.40 	 0.16
 85142 	  92250 	 0.42 	 0.16
 85142 	 131017 	 0.41 	 0.11
 85142 	 105815 	 0.44 	 0.16
 85142 	 101892 	 0.44 	 0.16
 85142 	 115173 	 0.40 	 0.16
128974 	 106567 	 0.43 	 0.18
128974 	 118052 	 0.45 	 0.11
128974 	 100225 	 0.46 	 0.11
128974 	  95573 	 0.47 	 0.11
128974 	 110571 	 0.42 	 0.18
128974 	 107934 	 0.46 	 0.11
128974 	 101160 	 0.40 	 0.18
128974 	 102078 	 0.47 	 0.11
128974 	 117951 	 0.44 	 0.11
128974 	 101544 	 0.44 	 0.11
128974 	 125990 	 0.40 	 0.11
128974 	 118768 	 0.45 	 0.11
 79310 	  50275 	 0.48 	 0.16
 79310 	  80370 	 0.41 	 0.11
 79310 	 105200 	 0.41 	 0.16
 79310 	 131018 	 0.40 	 0.11
 79310 	 110268 	 0.40 	 0.11
 79310 	  91926 	 0.48 	 0.11
 79310 	  92250 	 0.45 	 0.16
 79310 	 111407 	 0.45 	 0.16
 79310 	  65863 	 0.43 	 0.16
 79310 	 117951 	 0.41 	 0.16
 79310 	 105970 	 0.47 	 0.16
 79310 	 101892 	 0.40 	 0.16
 79310 	 124419 	 0.47 	 0.11
 79310 	   5103 	 0.41 	 0.16
 79310 	   8179 	 0.40 	 0.16
 79310 	  97207 	 0.43 	 0.11
 79310 	 120065 	 0.43 	 0.11
101365 	 125052 	 0.46 	 0.16
101365 	 124999 	 0.46 	 0.16
101365 	  95603 	 0.41 	 0.11
101365 	   7012 	 0.40 	 0.11
101365 	 105970 	 0.42 	 0.11
101365 	 105815 	 0.49 	 0.11
101365 	 126216 	 0.42 	 0.18
101365 	  52894 	 0.49 	 0.18
101365 	 116522 	 0.41 	 0.11
101365 	 108127 	 0.41 	 0.18
101365 	 114673 	 0.43 	 0.11
101365 	  73957 	 0.45 	 0.18
  3208 	 205919 	 0.40 	 0.11
  3208 	  95182 	 0.46 	 0.16
  3208 	   9967 	 0.48 	 0.14
  3208 	  65408 	 0.41 	 0.16
  3208 	  94332 	 0.44 	 0.16
  3208 	 103296 	 0.46 	 0.16
 99159 	 113401 	 0.43 	 0.11
 99159 	 118052 	 0.49 	 0.11
 99159 	  82555 	 0.40 	 0.11
 99159 	 127533 	 0.42 	 0.11
 99159 	 114621 	 0.43 	 0.11
 99159 	  96738 	 0.48 	 0.11
 99159 	  91848 	 0.45 	 0.11
 99159 	  28241 	 0.40 	 0.11
 99159 	 101280 	 0.44 	 0.11
 99159 	  90147 	 0.40 	 0.11
 99159 	 113290 	 0.44 	 0.11
 99159 	 105970 	 0.47 	 0.11
 99159 	  58481 	 0.49 	 0.11
 99159 	 105815 	 0.44 	 0.11
 99159 	  94785 	 0.45 	 0.11
 99159 	 122251 	 0.40 	 0.11
 99159 	 130217 	 0.42 	 0.11
 99159 	   8179 	 0.42 	 0.11
 99159 	 116522 	 0.40 	 0.11
 99159 	 125990 	 0.41 	 0.11
 99159 	 118768 	 0.44 	 0.11
 66221 	 127533 	 0.42 	 0.16
 66221 	  68681 	 0.44 	 0.11
 66221 	 125990 	 0.41 	 0.16
122945 	  91848 	 0.42 	 0.11
122945 	  95603 	 0.47 	 0.11
122945 	 105970 	 0.43 	 0.11
122945 	 122251 	 0.47 	 0.11
122945 	 116522 	 0.42 	 0.11
119617 	 113401 	 0.40 	 0.11
119617 	  96738 	 0.45 	 0.11
119617 	 103813 	 0.49 	 0.11
119617 	 115173 	 0.49 	 0.11
119617 	  99159 	 0.46 	 0.18
107458 	  92753 	 0.41 	 0.11
107458 	 118052 	 0.44 	 0.16
107458 	 117891 	 0.40 	 0.11
107458 	  50275 	 0.48 	 0.16
107458 	  91563 	 0.46 	 0.11
107458 	 100225 	 0.48 	 0.16
107458 	  52768 	 0.46 	 0.16
107458 	 105200 	 0.45 	 0.16
107458 	 127533 	 0.42 	 0.16
107458 	 109693 	 0.49 	 0.11
107458 	  88333 	 0.42 	 0.11
107458 	  96738 	 0.40 	 0.16
107458 	  28241 	 0.45 	 0.16
107458 	 101280 	 0.42 	 0.16
107458 	 103813 	 0.41 	 0.16
107458 	  95603 	 0.49 	 0.16
107458 	  91926 	 0.48 	 0.11
107458 	   5646 	 0.44 	 0.11
107458 	 114535 	 0.40 	 0.16
107458 	 122840 	 0.42 	 0.11
107458 	  53672 	 0.49 	 0.16
107458 	 131017 	 0.47 	 0.11
107458 	 130218 	 0.49 	 0.11
107458 	  70646 	 0.48 	 0.11
107458 	  85972 	 0.48 	 0.11
107458 	 115173 	 0.48 	 0.16
107458 	 122251 	 0.40 	 0.16
107458 	 130217 	 0.42 	 0.16
107458 	 125839 	 0.46 	 0.11
107458 	   5103 	 0.42 	 0.16
107458 	   5133 	 0.40 	 0.16
107458 	 125990 	 0.44 	 0.16
107458 	 118768 	 0.44 	 0.16
107458 	  85142 	 0.46 	 0.16
107458 	 128974 	 0.44 	 0.11
107458 	  79310 	 0.45 	 0.16
107458 	 101365 	 0.47 	 0.11
107458 	 119617 	 0.48 	 0.11
101673 	  95182 	 0.42 	 0.16
101673 	   5543 	 0.42 	 0.11
101673 	 127533 	 0.44 	 0.16
101673 	 101280 	 0.41 	 0.16
101673 	 102078 	 0.46 	 0.16
101673 	 130217 	 0.44 	 0.16
 96900 	 118052 	 0.43 	 0.11
 96900 	 127533 	 0.47 	 0.11
 96900 	 101280 	 0.47 	 0.11
 96900 	 102078 	 0.46 	 0.11
 96900 	 119111 	 0.42 	 0.11
 96900 	 130217 	 0.47 	 0.11
 96900 	 118768 	 0.41 	 0.11
114259 	 118052 	 0.40 	 0.11
114259 	 102078 	 0.40 	 0.11
114259 	 115173 	 0.46 	 0.11
102481 	 126626 	 0.45 	 0.14
102481 	 114379 	 0.44 	 0.14
102481 	  52894 	 0.41 	 0.14
102481 	  43129 	 0.48 	 0.11
119112 	 113401 	 0.47 	 0.11
119112 	 109693 	 0.43 	 0.18
119112 	 111407 	 0.40 	 0.11
119112 	 119111 	 0.47 	 0.11
  2524 	  93163 	 0.43 	 0.14
 37464 	 105200 	 0.45 	 0.16
 37464 	  28241 	 0.45 	 0.16
 37464 	  91926 	 0.41 	 0.11
 37464 	  65863 	 0.47 	 0.16
 37464 	 105815 	 0.40 	 0.16
 93866 	  59539 	 0.41 	 0.16
 93866 	  95573 	 0.43 	 0.16
 93866 	  80370 	 0.41 	 0.11
 93866 	 127533 	 0.42 	 0.16
 93866 	 114621 	 0.44 	 0.16
 93866 	 109693 	 0.43 	 0.11
 93866 	 130780 	 0.45 	 0.11
 93866 	  65408 	 0.41 	 0.16
 93866 	 101160 	 0.40 	 0.11
 93866 	  90147 	 0.48 	 0.16
 93866 	  92250 	 0.41 	 0.16
 93866 	 114535 	 0.40 	 0.16
 93866 	 122840 	 0.42 	 0.11
 93866 	  58481 	 0.41 	 0.16
 93866 	  70646 	 0.45 	 0.11
 93866 	 101544 	 0.41 	 0.16
 93866 	 109370 	 0.40 	 0.11
 93866 	 116522 	 0.42 	 0.16
 93866 	 122945 	 0.41 	 0.11
108273 	  79310 	 0.42 	 0.16
  2996 	  50275 	 0.49 	 0.16
  2996 	  95573 	 0.40 	 0.16
  2996 	  92250 	 0.42 	 0.16
  2996 	 131017 	 0.41 	 0.11
  2996 	 105815 	 0.44 	 0.16
  2996 	 101892 	 0.44 	 0.16
  2996 	 114673 	 0.43 	 0.16
  2996 	 107458 	 0.42 	 0.16
120998 	 118052 	 0.42 	 0.16
120998 	  96511 	 0.40 	 0.11
120998 	  50275 	 0.48 	 0.16
120998 	  93163 	 0.41 	 0.11
120998 	  39079 	 0.48 	 0.11
120998 	  91563 	 0.42 	 0.11
120998 	 100225 	 0.45 	 0.16
120998 	 114621 	 0.41 	 0.16
120998 	  88333 	 0.40 	 0.11
120998 	  70752 	 0.47 	 0.11
120998 	   8980 	 0.46 	 0.11
120998 	 107934 	 0.47 	 0.16
120998 	 131018 	 0.48 	 0.11
120998 	 113027 	 0.47 	 0.11
120998 	 114379 	 0.46 	 0.11
120998 	 117081 	 0.45 	 0.16
120998 	  92865 	 0.46 	 0.11
120998 	  94332 	 0.49 	 0.16
120998 	 102078 	 0.42 	 0.16
120998 	  53672 	 0.44 	 0.16
120998 	 105970 	 0.47 	 0.16
120998 	 130218 	 0.40 	 0.11
120998 	 119111 	 0.44 	 0.16
120998 	  70646 	 0.48 	 0.11
120998 	 101544 	 0.47 	 0.16
120998 	 101892 	 0.47 	 0.16
120998 	 126216 	 0.42 	 0.11
120998 	  85972 	 0.46 	 0.11
120998 	 115173 	 0.45 	 0.16
120998 	 124419 	 0.47 	 0.11
120998 	 125839 	 0.45 	 0.11
120998 	   8179 	 0.43 	 0.16
120998 	  97207 	 0.46 	 0.11
120998 	 108127 	 0.43 	 0.11
120998 	  73957 	 0.44 	 0.11
120998 	  79310 	 0.41 	 0.16
120998 	  99159 	 0.43 	 0.11
120998 	 122945 	 0.44 	 0.11
120998 	 119617 	 0.47 	 0.11
120998 	  93866 	 0.44 	 0.16
 15972 	  95182 	 0.40 	 0.16
110588 	 117976 	 0.41 	 0.16
110588 	 100225 	 0.48 	 0.16
110588 	 106302 	 0.43 	 0.11
110588 	  88333 	 0.42 	 0.11
110588 	  96738 	 0.41 	 0.16
110588 	 107934 	 0.49 	 0.16
110588 	  95603 	 0.41 	 0.16
110588 	 117081 	 0.40 	 0.16
110588 	  92250 	 0.40 	 0.16
110588 	 108185 	 0.43 	 0.11
110588 	 119111 	 0.49 	 0.16
110588 	 101544 	 0.41 	 0.16
110588 	 114673 	 0.46 	 0.16
110588 	  73957 	 0.44 	 0.11
110588 	 122945 	 0.44 	 0.11
 92527 	 114379 	 0.40 	 0.14
 92527 	 129960 	 0.41 	 0.16
 92527 	 108127 	 0.43 	 0.14
101749 	  99902 	 0.49 	 0.16
108174 	 118052 	 0.45 	 0.16
108174 	  39079 	 0.44 	 0.11
108174 	  91563 	 0.49 	 0.11
108174 	 114621 	 0.48 	 0.16
108174 	 130780 	 0.42 	 0.11
108174 	 131018 	 0.40 	 0.11
108174 	 113027 	 0.47 	 0.11
108174 	 114379 	 0.49 	 0.11
108174 	  92865 	 0.43 	 0.11
108174 	 114535 	 0.47 	 0.16
108174 	  51289 	 0.41 	 0.11
108174 	 131017 	 0.47 	 0.11
108174 	  52894 	 0.40 	 0.11
108174 	 125839 	 0.40 	 0.11
108174 	   5103 	 0.49 	 0.16
108174 	   8179 	 0.47 	 0.16
108174 	  97207 	 0.46 	 0.11
108174 	 116522 	 0.42 	 0.16
108174 	   5133 	 0.47 	 0.16
108174 	 114673 	 0.40 	 0.16
108174 	  96012 	 0.44 	 0.11
108174 	  85142 	 0.49 	 0.16
108174 	  99159 	 0.49 	 0.11
108174 	 108273 	 0.42 	 0.16
108174 	   2996 	 0.49 	 0.16
  2251 	 113401 	 0.40 	 0.11
  2251 	 118052 	 0.43 	 0.11
  2251 	 117976 	 0.42 	 0.11
  2251 	 117951 	 0.40 	 0.11
  2251 	 118768 	 0.46 	 0.11
 75566 	 110268 	 0.41 	 0.14
103677 	  97838 	 0.45 	 0.16
122600 	 113401 	 0.42 	 0.11
122600 	 118052 	 0.47 	 0.11
122600 	 117976 	 0.48 	 0.11
122600 	 127533 	 0.49 	 0.11
122600 	 107934 	 0.49 	 0.11
122600 	 101280 	 0.49 	 0.11
122600 	  95603 	 0.40 	 0.11
122600 	 130217 	 0.49 	 0.11
122600 	 125990 	 0.46 	 0.11
122600 	 128974 	 0.42 	 0.18
122600 	 107458 	 0.42 	 0.11
  1531 	 113401 	 0.41 	 0.11
  1531 	  62372 	 0.42 	 0.11
  1531 	  18307 	 0.42 	 0.11
  1531 	  96738 	 0.41 	 0.11
  1531 	   7012 	 0.41 	 0.11
  1531 	 119111 	 0.41 	 0.11
  1531 	  15972 	 0.42 	 0.11
 90137 	  95182 	 0.42 	 0.16
 90137 	   2986 	 0.44 	 0.16
 90137 	  80370 	 0.41 	 0.11
 90137 	 106302 	 0.44 	 0.11
 90137 	 127533 	 0.42 	 0.16
 90137 	 114621 	 0.44 	 0.16
 90137 	 109693 	 0.43 	 0.11
 90137 	  91848 	 0.41 	 0.16
 90137 	 101280 	 0.42 	 0.16
 90137 	 110268 	 0.40 	 0.11
 90137 	  94332 	 0.49 	 0.16
 90137 	 108185 	 0.45 	 0.11
 90137 	 101544 	 0.41 	 0.16
 90137 	 101892 	 0.47 	 0.16
 90137 	 130217 	 0.42 	 0.16
 90137 	   8179 	 0.43 	 0.16
 90137 	  91880 	 0.42 	 0.11
 90137 	 125990 	 0.44 	 0.16
 90137 	  99159 	 0.40 	 0.11
 90137 	 122945 	 0.41 	 0.11
 90137 	  37464 	 0.41 	 0.16
 90137 	  93866 	 0.44 	 0.16
 94602 	 113401 	 0.45 	 0.10
 94602 	 117976 	 0.40 	 0.10
 94602 	 127533 	 0.44 	 0.10
 94602 	 101280 	 0.44 	 0.10
 94602 	  92250 	 0.42 	 0.10
 94602 	 113290 	 0.41 	 0.10
 94602 	 119111 	 0.43 	 0.10
 94602 	 130217 	 0.44 	 0.10
 82318 	   4793 	 0.48 	 0.11
 83275 	   4793 	 0.48 	 0.11
 83275 	  39337 	 0.42 	 0.16
 83275 	 101160 	 0.46 	 0.11
 83275 	 122840 	 0.44 	 0.11
 62268 	  92250 	 0.43 	 0.16
 62268 	  94785 	 0.44 	 0.16
115220 	  97838 	 0.46 	 0.16
107489 	  94927 	 0.41 	 0.11
107489 	  96511 	 0.40 	 0.11
107489 	  50275 	 0.42 	 0.16
107489 	  91563 	 0.47 	 0.11
107489 	 100225 	 0.43 	 0.16
107489 	   5543 	 0.40 	 0.11
107489 	 105200 	 0.49 	 0.16
107489 	  88333 	 0.43 	 0.11
107489 	  70752 	 0.48 	 0.11
107489 	 130780 	 0.46 	 0.11
107489 	 113027 	 0.48 	 0.11
107489 	  28241 	 0.46 	 0.16
107489 	   7012 	 0.40 	 0.16
107489 	 117081 	 0.49 	 0.16
107489 	  94332 	 0.46 	 0.16
107489 	 102078 	 0.46 	 0.16
107489 	 108185 	 0.40 	 0.11
107489 	 129644 	 0.41 	 0.11
107489 	 101892 	 0.44 	 0.16
107489 	   8179 	 0.41 	 0.16
107489 	 114673 	 0.48 	 0.16
107489 	  96012 	 0.44 	 0.11
107489 	  73957 	 0.45 	 0.11
107489 	  79310 	 0.49 	 0.16
107489 	 101365 	 0.48 	 0.11
107489 	 122945 	 0.48 	 0.11
107489 	 108174 	 0.49 	 0.16
 52786 	  50275 	 0.44 	 0.11
 52786 	   5543 	 0.45 	 0.18
 52786 	 107934 	 0.44 	 0.11
 52786 	 102078 	 0.45 	 0.11
 52786 	 120998 	 0.41 	 0.11
117884 	 119680 	 0.49 	 0.11
117884 	 122022 	 0.41 	 0.11
117884 	  96738 	 0.41 	 0.16
117884 	  70752 	 0.41 	 0.11
117884 	  28241 	 0.42 	 0.16
117884 	 110268 	 0.41 	 0.11
117884 	 101160 	 0.43 	 0.11
117884 	  92865 	 0.43 	 0.11
117884 	 102078 	 0.47 	 0.16
117884 	 117951 	 0.49 	 0.16
117884 	 119111 	 0.46 	 0.16
117884 	 101892 	 0.49 	 0.16
117884 	  52894 	 0.43 	 0.11
117884 	 116522 	 0.40 	 0.16
117884 	 118768 	 0.42 	 0.16
117884 	 101365 	 0.40 	 0.11
117884 	 107458 	 0.49 	 0.16
117884 	 120998 	 0.45 	 0.16
117884 	 108174 	 0.45 	 0.16
117884 	 107489 	 0.42 	 0.16
105413 	  93163 	 0.41 	 0.11
105413 	  95573 	 0.49 	 0.16
105413 	  76155 	 0.42 	 0.16
105413 	 107934 	 0.43 	 0.16
105413 	 129131 	 0.41 	 0.16
105413 	 113027 	 0.49 	 0.11
105413 	   7012 	 0.41 	 0.16
105413 	  92865 	 0.42 	 0.11
105413 	  82503 	 0.42 	 0.16
105413 	 105970 	 0.43 	 0.16
105413 	 131017 	 0.40 	 0.11
105413 	 101544 	 0.43 	 0.16
105413 	 129960 	 0.41 	 0.16
105413 	  85972 	 0.42 	 0.11
105413 	 115173 	 0.45 	 0.16
105413 	  96012 	 0.45 	 0.11
105413 	  99159 	 0.42 	 0.11
105413 	 107458 	 0.44 	 0.16
105413 	 120998 	 0.45 	 0.16
124477 	 113401 	 0.49 	 0.11
124477 	 100225 	 0.49 	 0.11
124477 	  96738 	 0.42 	 0.11
124477 	  92250 	 0.45 	 0.11
124477 	 102078 	 0.45 	 0.11
124477 	 113290 	 0.45 	 0.11
124477 	  94785 	 0.41 	 0.11
124477 	  99159 	 0.46 	 0.18
124477 	 120998 	 0.44 	 0.11
 48486 	 130780 	 0.45 	 0.11
 48486 	 131017 	 0.47 	 0.11
 48486 	 119111 	 0.41 	 0.16
 48486 	  97207 	 0.40 	 0.11
 48486 	 120998 	 0.44 	 0.16
 37931 	  50275 	 0.49 	 0.16
 37931 	 100225 	 0.40 	 0.16
 37931 	  95573 	 0.44 	 0.16
 37931 	  76155 	 0.44 	 0.16
 37931 	 114621 	 0.41 	 0.16
 37931 	  95603 	 0.40 	 0.16
 37931 	  92250 	 0.42 	 0.16
 37931 	 105970 	 0.44 	 0.16
 37931 	 115173 	 0.40 	 0.16
 37931 	  79310 	 0.49 	 0.16
 37931 	 107458 	 0.42 	 0.16
 37931 	 120998 	 0.49 	 0.16
 37931 	 108174 	 0.49 	 0.16
 37931 	 107489 	 0.46 	 0.16
127221 	  94927 	 0.40 	 0.11
127221 	  39079 	 0.43 	 0.11
127221 	  80370 	 0.44 	 0.11
127221 	 105200 	 0.41 	 0.16
127221 	 127533 	 0.41 	 0.16
127221 	 114621 	 0.44 	 0.16
127221 	 109693 	 0.44 	 0.11
127221 	  96738 	 0.47 	 0.16
127221 	   8980 	 0.46 	 0.11
127221 	 107934 	 0.47 	 0.16
127221 	  28241 	 0.41 	 0.16
127221 	 101280 	 0.41 	 0.16
127221 	 110268 	 0.42 	 0.11
127221 	 101160 	 0.43 	 0.11
127221 	  91926 	 0.41 	 0.11
127221 	 117081 	 0.44 	 0.16
127221 	  92865 	 0.49 	 0.11
127221 	 102078 	 0.46 	 0.16
127221 	 111407 	 0.44 	 0.16
127221 	 113290 	 0.43 	 0.16
127221 	 105970 	 0.46 	 0.16
127221 	 127451 	 0.45 	 0.11
127221 	 130218 	 0.43 	 0.11
127221 	 119111 	 0.47 	 0.16
127221 	  70646 	 0.47 	 0.11
127221 	 101544 	 0.47 	 0.16
127221 	 105815 	 0.40 	 0.16
127221 	 101892 	 0.46 	 0.16
127221 	  85972 	 0.49 	 0.11
127221 	  94785 	 0.47 	 0.16
127221 	 128492 	 0.45 	 0.11
127221 	 122251 	 0.47 	 0.16
127221 	  52894 	 0.46 	 0.11
127221 	 130217 	 0.41 	 0.16
127221 	   8179 	 0.40 	 0.16
127221 	 109370 	 0.41 	 0.11
127221 	  97207 	 0.46 	 0.11
127221 	 108127 	 0.46 	 0.11
127221 	 129208 	 0.48 	 0.11
127221 	  73957 	 0.45 	 0.11
127221 	 118768 	 0.46 	 0.16
127221 	 128974 	 0.48 	 0.11
127221 	 101365 	 0.46 	 0.11
127221 	 108174 	 0.41 	 0.16
127221 	 122600 	 0.43 	 0.11
127221 	   1531 	 0.44 	 0.11
127221 	 117884 	 0.42 	 0.16
127221 	  48486 	 0.41 	 0.16
106697 	 102380 	 0.49 	 0.18
 27623 	  95603 	 0.40 	 0.16
 27623 	 131017 	 0.41 	 0.11
 27623 	 118768 	 0.43 	 0.16
 27623 	 120998 	 0.42 	 0.16
 34379 	 100225 	 0.47 	 0.11
 34379 	  95573 	 0.49 	 0.11
 34379 	  95603 	 0.40 	 0.11
 34379 	 111407 	 0.42 	 0.11
 34379 	 120998 	 0.46 	 0.11
 34379 	 108174 	 0.40 	 0.11
 34379 	 107489 	 0.40 	 0.11
 95781 	 113401 	 0.41 	 0.11
 95781 	 117976 	 0.41 	 0.11
 95781 	  93163 	 0.44 	 0.18
 95781 	 100225 	 0.47 	 0.11
 95781 	  76155 	 0.46 	 0.11
 95781 	  96738 	 0.43 	 0.11
 95781 	  28241 	 0.41 	 0.11
 95781 	 111407 	 0.43 	 0.11
 95781 	 117951 	 0.41 	 0.11
 95781 	 101544 	 0.45 	 0.11
 95781 	 108127 	 0.40 	 0.18
 95781 	 125990 	 0.42 	 0.11
 95781 	 118768 	 0.41 	 0.11
 95781 	  99159 	 0.42 	 0.18
124177 	 106567 	 0.40 	 0.11
124177 	  94927 	 0.47 	 0.11
124177 	 117891 	 0.41 	 0.11
124177 	  50275 	 0.42 	 0.16
124177 	  93163 	 0.49 	 0.11
124177 	 130665 	 0.41 	 0.11
124177 	  82555 	 0.43 	 0.16
124177 	  80370 	 0.45 	 0.11
124177 	 110571 	 0.46 	 0.11
124177 	  96738 	 0.48 	 0.16
124177 	   8980 	 0.42 	 0.11
124177 	  28241 	 0.49 	 0.16
124177 	 110268 	 0.48 	 0.11
124177 	 103813 	 0.41 	 0.16
124177 	 101160 	 0.44 	 0.11
124177 	   5646 	 0.40 	 0.11
124177 	 114535 	 0.41 	 0.16
124177 	 111407 	 0.42 	 0.16
124177 	  65863 	 0.45 	 0.16
124177 	 117951 	 0.45 	 0.16
124177 	 105970 	 0.44 	 0.16
124177 	 127451 	 0.48 	 0.11
124177 	 119111 	 0.48 	 0.16
124177 	  58481 	 0.49 	 0.16
124177 	  70646 	 0.42 	 0.11
124177 	 105815 	 0.47 	 0.16
124177 	  94785 	 0.41 	 0.16
124177 	 128492 	 0.41 	 0.11
124177 	 130217 	 0.47 	 0.16
124177 	   8179 	 0.41 	 0.16
124177 	 109370 	 0.47 	 0.11
124177 	 116522 	 0.46 	 0.16
124177 	 108127 	 0.44 	 0.11
124177 	 120065 	 0.43 	 0.11
124177 	 128974 	 0.43 	 0.11
124177 	  96900 	 0.49 	 0.11
124177 	 114259 	 0.44 	 0.11
124177 	 119112 	 0.42 	 0.11
124177 	 110588 	 0.45 	 0.16
124177 	 122600 	 0.46 	 0.11
124177 	  52786 	 0.46 	 0.11
124177 	 117884 	 0.43 	 0.16
124177 	 105413 	 0.45 	 0.16
124177 	  37931 	 0.40 	 0.16
 65782 	  90147 	 0.49 	 0.16
 65782 	 105815 	 0.48 	 0.16
 65782 	 101892 	 0.44 	 0.16
 65782 	  91880 	 0.43 	 0.11
 65782 	   3208 	 0.49 	 0.16
 65782 	  93866 	 0.49 	 0.16
 65782 	  90137 	 0.49 	 0.16
116898 	 110641 	 0.49 	 0.18
116898 	 100225 	 0.41 	 0.11
116898 	  95573 	 0.42 	 0.11
116898 	 126626 	 0.46 	 0.18
116898 	  95603 	 0.42 	 0.11
116898 	 111407 	 0.44 	 0.11
116898 	 101544 	 0.47 	 0.11
116898 	 125839 	 0.44 	 0.18
116898 	 119112 	 0.45 	 0.18
116898 	 120998 	 0.45 	 0.11
116898 	 110588 	 0.40 	 0.11
116898 	 117884 	 0.42 	 0.11
116898 	 124477 	 0.43 	 0.18
100142 	 126216 	 0.48 	 0.11
100142 	  85972 	 0.42 	 0.11
 28201 	 102481 	 0.49 	 0.11
105156 	 118052 	 0.49 	 0.11
105156 	 110641 	 0.41 	 0.18
105156 	 100225 	 0.47 	 0.11
105156 	  95573 	 0.49 	 0.11
105156 	 115173 	 0.47 	 0.11
105156 	 120998 	 0.41 	 0.11
105156 	 105413 	 0.43 	 0.11
105156 	 127221 	 0.44 	 0.11
119717 	 106567 	 0.43 	 0.11
119717 	  76155 	 0.43 	 0.16
119717 	  88333 	 0.42 	 0.11
119717 	 114379 	 0.43 	 0.11
119717 	 110268 	 0.44 	 0.11
119717 	 103813 	 0.47 	 0.16
119717 	 101160 	 0.44 	 0.11
119717 	  90147 	 0.46 	 0.16
119717 	  94332 	 0.40 	 0.16
119717 	 113290 	 0.42 	 0.16
119717 	 122840 	 0.43 	 0.11
119717 	 108185 	 0.42 	 0.11
119717 	 117951 	 0.47 	 0.16
119717 	 105970 	 0.45 	 0.16
119717 	 101544 	 0.47 	 0.16
119717 	 126216 	 0.41 	 0.11
119717 	 115173 	 0.48 	 0.16
119717 	 109370 	 0.46 	 0.11
119717 	 116522 	 0.47 	 0.16
119717 	  91880 	 0.40 	 0.11
119717 	 125990 	 0.47 	 0.16
119717 	  73957 	 0.44 	 0.11
119717 	 118768 	 0.45 	 0.16
119717 	 122945 	 0.47 	 0.11
119717 	  90137 	 0.46 	 0.16
119717 	 116898 	 0.40 	 0.11
 95409 	 105200 	 0.40 	 0.11
 95409 	  96738 	 0.43 	 0.11
 95409 	 113290 	 0.40 	 0.11
 95409 	  94785 	 0.42 	 0.11
 95409 	 116522 	 0.43 	 0.11
 95409 	 118768 	 0.42 	 0.11
 95409 	 107458 	 0.46 	 0.11
 95409 	 120998 	 0.45 	 0.11
 95409 	 108174 	 0.40 	 0.11
 95409 	 107489 	 0.48 	 0.11
124225 	 106567 	 0.49 	 0.11
124225 	 100225 	 0.43 	 0.16
124225 	   5543 	 0.40 	 0.11
124225 	 114621 	 0.43 	 0.16
124225 	  96738 	 0.47 	 0.16
124225 	 101160 	 0.44 	 0.11
124225 	 117081 	 0.46 	 0.16
124225 	  92865 	 0.40 	 0.11
124225 	  94332 	 0.40 	 0.16
124225 	 105970 	 0.45 	 0.16
124225 	 101892 	 0.41 	 0.16
124225 	 126216 	 0.41 	 0.11
124225 	 129434 	 0.43 	 0.11
124225 	 122251 	 0.44 	 0.16
124225 	 116522 	 0.40 	 0.16
124225 	  91880 	 0.40 	 0.11
124225 	 118768 	 0.45 	 0.16
124225 	 107458 	 0.46 	 0.16
124225 	  94602 	 0.43 	 0.10
124225 	 107489 	 0.40 	 0.16
124225 	  65782 	 0.40 	 0.16
 99213 	  93163 	 0.47 	 0.18
 99213 	  96738 	 0.43 	 0.11
 99213 	  95603 	 0.44 	 0.11
 99213 	  92527 	 0.43 	 0.14
 99213 	 105413 	 0.41 	 0.11
 98469 	  96738 	 0.44 	 0.11
 98469 	  95603 	 0.47 	 0.11
 98469 	 111407 	 0.41 	 0.11
 98469 	 110588 	 0.44 	 0.11
 98469 	  92527 	 0.46 	 0.14
 98469 	 108174 	 0.42 	 0.11
 98469 	 105413 	 0.44 	 0.11
119685 	  76155 	 0.46 	 0.11
119685 	 127533 	 0.44 	 0.11
119685 	  96738 	 0.40 	 0.11
119685 	 107934 	 0.40 	 0.11
119685 	 131018 	 0.41 	 0.18
119685 	 101280 	 0.47 	 0.11
119685 	 101160 	 0.47 	 0.18
119685 	 102078 	 0.46 	 0.11
119685 	 113290 	 0.41 	 0.11
119685 	 117951 	 0.43 	 0.11
119685 	 105970 	 0.44 	 0.11
119685 	 101544 	 0.40 	 0.11
119685 	 105815 	 0.41 	 0.11
119685 	 101892 	 0.44 	 0.11
119685 	 122251 	 0.43 	 0.11
119685 	 130217 	 0.47 	 0.11
119685 	 116522 	 0.40 	 0.11
119685 	 107458 	 0.48 	 0.11
119685 	 120998 	 0.46 	 0.11
119685 	 110588 	 0.40 	 0.11
119685 	 117884 	 0.43 	 0.11
121308 	  95573 	 0.42 	 0.11
121308 	  76155 	 0.49 	 0.11
121308 	 107934 	 0.40 	 0.11
121308 	 111407 	 0.44 	 0.11
121308 	 105970 	 0.44 	 0.11
121308 	  58481 	 0.48 	 0.11
121308 	 101544 	 0.46 	 0.11
121308 	 105815 	 0.44 	 0.11
121308 	  94785 	 0.48 	 0.11
121308 	 116522 	 0.40 	 0.11
121308 	  79310 	 0.42 	 0.11
121308 	 120998 	 0.42 	 0.11
121308 	 107489 	 0.49 	 0.11
121308 	 117884 	 0.41 	 0.11
121308 	 105413 	 0.44 	 0.11
121308 	  37931 	 0.43 	 0.11
121308 	  27623 	 0.40 	 0.11
128471 	  96511 	 0.40 	 0.18
128471 	 108185 	 0.40 	 0.18
128471 	  99159 	 0.44 	 0.18
128471 	   2251 	 0.47 	 0.18
 96223 	 113401 	 0.44 	 0.16
 96223 	 118052 	 0.42 	 0.16
 96223 	 117976 	 0.47 	 0.16
 96223 	 100225 	 0.40 	 0.16
 96223 	  96738 	 0.44 	 0.16
 96223 	  91848 	 0.41 	 0.16
 96223 	 110268 	 0.41 	 0.11
 96223 	 102078 	 0.42 	 0.16
 96223 	 122840 	 0.47 	 0.11
 96223 	 108185 	 0.42 	 0.11
 96223 	 119111 	 0.47 	 0.16
 96223 	 115173 	 0.46 	 0.16
 96223 	 114673 	 0.42 	 0.16
 96223 	 125990 	 0.47 	 0.16
 96223 	  73957 	 0.41 	 0.11
 96223 	 122945 	 0.47 	 0.11
 96223 	 122600 	 0.43 	 0.11
  3715 	  50275 	 0.41 	 0.16
  3715 	  95573 	 0.40 	 0.16
  3715 	  76155 	 0.40 	 0.16
  3715 	 114673 	 0.43 	 0.16
  3715 	  79310 	 0.49 	 0.16
  3715 	 120998 	 0.41 	 0.16
  3715 	 108174 	 0.41 	 0.16
115258 	 105200 	 0.40 	 0.11
115258 	  95603 	 0.44 	 0.11
115258 	  94785 	 0.42 	 0.11
115258 	 130217 	 0.43 	 0.11
115258 	 107489 	 0.40 	 0.11
115258 	 105413 	 0.41 	 0.11
115258 	 116898 	 0.44 	 0.18
115258 	 119717 	 0.42 	 0.11
 69513 	   5543 	 0.40 	 0.18
 69513 	 114621 	 0.42 	 0.11
 69513 	 101280 	 0.42 	 0.11
 69513 	 105970 	 0.41 	 0.11
 69513 	  72992 	 0.41 	 0.11
 69513 	  16479 	 0.44 	 0.11
 69513 	 116522 	 0.49 	 0.11
 69513 	 125990 	 0.43 	 0.11
126248 	 113401 	 0.47 	 0.11
126248 	 118052 	 0.43 	 0.11
126248 	 117976 	 0.40 	 0.11
126248 	 117081 	 0.40 	 0.11
126248 	 111407 	 0.43 	 0.11
126248 	 113290 	 0.43 	 0.11
126248 	 107458 	 0.48 	 0.11
126248 	 120998 	 0.47 	 0.11
126248 	 110588 	 0.45 	 0.11
126248 	 107489 	 0.41 	 0.11
120346 	 106567 	 0.45 	 0.11
120346 	  97838 	 0.44 	 0.16
120346 	  95182 	 0.49 	 0.16
120346 	 114621 	 0.45 	 0.16
120346 	 131018 	 0.43 	 0.11
120346 	 110268 	 0.43 	 0.11
120346 	 103813 	 0.43 	 0.16
120346 	  90147 	 0.42 	 0.16
120346 	 105815 	 0.44 	 0.16
120346 	 114673 	 0.48 	 0.16
120346 	 111666 	 0.49 	 0.11
120346 	 125990 	 0.49 	 0.16
120346 	  99159 	 0.42 	 0.11
120346 	  96900 	 0.44 	 0.11
120346 	 114259 	 0.44 	 0.11
120346 	   2251 	 0.42 	 0.11
120346 	  90137 	 0.42 	 0.16
120346 	  94602 	 0.44 	 0.10
120346 	 117884 	 0.46 	 0.16
120346 	 119717 	 0.46 	 0.16
120346 	  96223 	 0.43 	 0.16
118432 	 113401 	 0.49 	 0.11
118432 	 117976 	 0.44 	 0.11
118432 	 114621 	 0.40 	 0.11
118432 	  91848 	 0.42 	 0.11
118432 	 101280 	 0.46 	 0.11
118432 	  90147 	 0.42 	 0.11
118432 	 129134 	 0.47 	 0.18
118432 	 107458 	 0.47 	 0.11
118432 	  90137 	 0.42 	 0.11
118432 	 107489 	 0.40 	 0.11
118432 	 124177 	 0.41 	 0.11
118432 	 128471 	 0.46 	 0.18
  2267 	  95573 	 0.49 	 0.16
  2267 	  76155 	 0.49 	 0.16
  2267 	 130780 	 0.48 	 0.11
  2267 	 114379 	 0.45 	 0.11
  2267 	  95603 	 0.49 	 0.16
  2267 	   7012 	 0.44 	 0.16
  2267 	  85972 	 0.45 	 0.11
  2267 	 115173 	 0.45 	 0.16
  2267 	 124477 	 0.41 	 0.11
  2267 	 127221 	 0.47 	 0.16
  2267 	  95409 	 0.42 	 0.11
   514 	  95573 	 0.40 	 0.16
   514 	  76155 	 0.40 	 0.16
   514 	  95603 	 0.40 	 0.16
   514 	  92865 	 0.48 	 0.11
   514 	  92250 	 0.42 	 0.16
   514 	 131017 	 0.41 	 0.11
   514 	 105815 	 0.44 	 0.16
   514 	 101892 	 0.44 	 0.16
   514 	 116522 	 0.46 	 0.16
   514 	  79310 	 0.41 	 0.16
   514 	 107458 	 0.46 	 0.16
   514 	 108174 	 0.49 	 0.16
   514 	 107489 	 0.46 	 0.16
   514 	 121308 	 0.43 	 0.11
115465 	 102380 	 0.46 	 0.15
115465 	  99455 	 0.41 	 0.17
107890 	  92753 	 0.40 	 0.11
107890 	 118052 	 0.40 	 0.16
107890 	  50275 	 0.44 	 0.16
107890 	  93163 	 0.45 	 0.11
107890 	  91563 	 0.42 	 0.11
107890 	  82555 	 0.45 	 0.16
107890 	  80370 	 0.44 	 0.11
107890 	 105200 	 0.44 	 0.16
107890 	 114621 	 0.41 	 0.16
107890 	 122022 	 0.46 	 0.11
107890 	  88333 	 0.40 	 0.11
107890 	  70752 	 0.45 	 0.11
107890 	 114379 	 0.49 	 0.11
107890 	 110268 	 0.44 	 0.11
107890 	   7012 	 0.46 	 0.16
107890 	 114535 	 0.43 	 0.16
107890 	 102078 	 0.46 	 0.16
107890 	  65863 	 0.43 	 0.16
107890 	 108185 	 0.49 	 0.11
107890 	 105970 	 0.43 	 0.16
107890 	 130218 	 0.40 	 0.11
107890 	 119111 	 0.47 	 0.16
107890 	  58481 	 0.47 	 0.16
107890 	  70646 	 0.47 	 0.11
107890 	 101544 	 0.47 	 0.16
107890 	 105815 	 0.49 	 0.16
107890 	  85972 	 0.44 	 0.11
107890 	  94785 	 0.43 	 0.16
107890 	 125839 	 0.40 	 0.11
107890 	  97207 	 0.49 	 0.11
107890 	 116522 	 0.48 	 0.16
107890 	  96012 	 0.42 	 0.11
107890 	  73957 	 0.45 	 0.11
107890 	  85142 	 0.42 	 0.16
107890 	 128974 	 0.43 	 0.11
107890 	  79310 	 0.41 	 0.16
107890 	 101365 	 0.49 	 0.11
107890 	  99159 	 0.46 	 0.11
107890 	 122945 	 0.48 	 0.11
107890 	 119617 	 0.41 	 0.11
107890 	   1531 	 0.42 	 0.11
107890 	 117884 	 0.45 	 0.16
107890 	 105413 	 0.47 	 0.16
107890 	  48486 	 0.41 	 0.16
107890 	 127221 	 0.45 	 0.16
107890 	  34379 	 0.44 	 0.11
107890 	  95781 	 0.42 	 0.11
107890 	 116898 	 0.43 	 0.11
107890 	 105156 	 0.44 	 0.11
107890 	  95409 	 0.47 	 0.11
107890 	  98469 	 0.43 	 0.11
107890 	 119685 	 0.44 	 0.11
107890 	 115258 	 0.40 	 0.11
107890 	 126248 	 0.41 	 0.11
107890 	 118432 	 0.40 	 0.11
107890 	   2267 	 0.47 	 0.16
 95790 	 113401 	 0.47 	 0.16
 95790 	 118052 	 0.45 	 0.16
 95790 	  82555 	 0.47 	 0.16
 95790 	  52768 	 0.40 	 0.16
 95790 	  76155 	 0.46 	 0.16
 95790 	 110571 	 0.43 	 0.11
 95790 	 122022 	 0.45 	 0.11
 95790 	 107934 	 0.47 	 0.16
 95790 	 113027 	 0.44 	 0.11
 95790 	 110268 	 0.44 	 0.11
 95790 	  91926 	 0.42 	 0.11
 95790 	   7012 	 0.45 	 0.16
 95790 	 117081 	 0.46 	 0.16
 95790 	  92865 	 0.46 	 0.11
 95790 	  92250 	 0.49 	 0.16
 95790 	  94332 	 0.40 	 0.16
 95790 	 114535 	 0.45 	 0.16
 95790 	 102078 	 0.42 	 0.16
 95790 	 113290 	 0.42 	 0.16
 95790 	  65863 	 0.45 	 0.16
 95790 	 117951 	 0.47 	 0.16
 95790 	 105970 	 0.41 	 0.16
 95790 	 119111 	 0.41 	 0.16
 95790 	 105815 	 0.45 	 0.16
 95790 	  85972 	 0.46 	 0.11
 95790 	  94785 	 0.45 	 0.16
 95790 	  91880 	 0.40 	 0.11
 95790 	 108127 	 0.43 	 0.11
 95790 	 120065 	 0.41 	 0.11
 95790 	  73957 	 0.44 	 0.11
 95790 	  85142 	 0.44 	 0.16
 95790 	 107458 	 0.49 	 0.16
 95790 	  93866 	 0.43 	 0.16
 95790 	 108174 	 0.46 	 0.16
 95790 	 105413 	 0.49 	 0.16
 95790 	  37931 	 0.40 	 0.16
 95790 	  34379 	 0.43 	 0.11
 95790 	 116898 	 0.42 	 0.11
 95790 	 105156 	 0.49 	 0.11
 95790 	  99213 	 0.42 	 0.11
 95790 	  98469 	 0.45 	 0.11
 95790 	 115258 	 0.42 	 0.11
 95790 	  69513 	 0.45 	 0.11
 95790 	   2267 	 0.49 	 0.16
 95790 	    514 	 0.40 	 0.16
 95350 	 113401 	 0.41 	 0.11
 95350 	 100225 	 0.48 	 0.11
 95350 	 127533 	 0.43 	 0.11
 95350 	  95603 	 0.41 	 0.11
 95350 	 122840 	 0.41 	 0.18
 95350 	 105970 	 0.42 	 0.11
 95350 	 129134 	 0.49 	 0.18
 95350 	 119111 	 0.46 	 0.11
 95350 	 129960 	 0.44 	 0.12
 95350 	 130217 	 0.43 	 0.11
 95350 	 108174 	 0.40 	 0.11
 95350 	 107489 	 0.44 	 0.11
 95350 	 124225 	 0.44 	 0.11
 95350 	  95790 	 0.44 	 0.11
101486 	 100225 	 0.49 	 0.11
101486 	  95573 	 0.48 	 0.11
101486 	  95603 	 0.46 	 0.11
101486 	  92250 	 0.48 	 0.11
101486 	  58481 	 0.41 	 0.11
101486 	 101892 	 0.45 	 0.11
101486 	 115173 	 0.44 	 0.11
101486 	 107458 	 0.45 	 0.11
101486 	 108174 	 0.41 	 0.11
101486 	 124177 	 0.42 	 0.11
101486 	 119717 	 0.43 	 0.11
101486 	  95790 	 0.46 	 0.11
101809 	  93163 	 0.48 	 0.18
101809 	  82555 	 0.41 	 0.11
101809 	 105200 	 0.41 	 0.11
101809 	 105455 	 0.40 	 0.14
101809 	  95603 	 0.46 	 0.11
101809 	 111407 	 0.43 	 0.11
101809 	 117951 	 0.40 	 0.11
101809 	 108127 	 0.44 	 0.18
101809 	 118768 	 0.46 	 0.11
101809 	 107489 	 0.41 	 0.11
101809 	 105413 	 0.43 	 0.11
101809 	 120346 	 0.47 	 0.11
101809 	 107890 	 0.41 	 0.11
101809 	  95790 	 0.43 	 0.11
109399 	  91563 	 0.42 	 0.11
109399 	  82555 	 0.46 	 0.16
109399 	 114621 	 0.41 	 0.16
109399 	  91926 	 0.41 	 0.11
109399 	 117081 	 0.41 	 0.16
109399 	 108185 	 0.42 	 0.11
109399 	 105970 	 0.40 	 0.16
109399 	 119111 	 0.41 	 0.16
109399 	  70646 	 0.41 	 0.11
109399 	   5103 	 0.41 	 0.16
109399 	   8179 	 0.40 	 0.16
109399 	  93866 	 0.41 	 0.16
109399 	   2996 	 0.49 	 0.16
109399 	  65782 	 0.49 	 0.16
109399 	 119685 	 0.40 	 0.11
109399 	   2267 	 0.40 	 0.16
 86335 	  62372 	 0.42 	 0.16
 86335 	  18307 	 0.42 	 0.16
 86335 	  63310 	 0.43 	 0.16
 86335 	  68681 	 0.42 	 0.11
 86335 	  15972 	 0.42 	 0.16
 86335 	  69513 	 0.41 	 0.11
 61797 	  62372 	 0.42 	 0.16
 61797 	  18307 	 0.42 	 0.16
 61797 	  63310 	 0.48 	 0.16
 61797 	  68681 	 0.42 	 0.11
 61797 	  15972 	 0.42 	 0.16
 95513 	 118052 	 0.47 	 0.11
 95513 	 100225 	 0.49 	 0.11
 95513 	  95573 	 0.48 	 0.11
 95513 	  95603 	 0.40 	 0.11
 95513 	 102078 	 0.47 	 0.11
 95513 	 119111 	 0.42 	 0.11
 95513 	 122251 	 0.40 	 0.11
 95513 	 118768 	 0.43 	 0.11
 95513 	 127221 	 0.43 	 0.11
 95513 	 124177 	 0.49 	 0.11
 95513 	 128471 	 0.48 	 0.18
 95513 	  95790 	 0.40 	 0.11
 94015 	  50275 	 0.43 	 0.11
 94015 	  95573 	 0.41 	 0.11
 94015 	  76155 	 0.41 	 0.11
 94015 	 102078 	 0.45 	 0.11
 94015 	 117951 	 0.41 	 0.11
 94015 	  79310 	 0.43 	 0.11
 94015 	 120998 	 0.40 	 0.11
 94015 	 107489 	 0.41 	 0.11
 94015 	 124177 	 0.43 	 0.11
 94015 	 124225 	 0.44 	 0.11
 94015 	 120346 	 0.45 	 0.11
 94015 	 107890 	 0.44 	 0.11
117213 	   5543 	 0.44 	 0.18
117213 	 114621 	 0.44 	 0.11
117213 	   7012 	 0.46 	 0.11
117213 	 129859 	 0.45 	 0.16
117213 	 102078 	 0.40 	 0.11
117213 	 105970 	 0.42 	 0.11
117213 	 105815 	 0.46 	 0.11
117213 	 115173 	 0.44 	 0.11
117213 	 107458 	 0.47 	 0.11
117213 	 127221 	 0.40 	 0.11
117213 	 124177 	 0.41 	 0.11
117213 	 120346 	 0.41 	 0.11
117213 	 107890 	 0.43 	 0.11
117213 	 109399 	 0.44 	 0.11
 94005 	  93163 	 0.44 	 0.11
 94005 	 100225 	 0.45 	 0.16
 94005 	  95573 	 0.45 	 0.16
 94005 	  76155 	 0.49 	 0.16
 94005 	 114621 	 0.40 	 0.16
 94005 	 107934 	 0.40 	 0.16
 94005 	   7012 	 0.44 	 0.16
 94005 	  92865 	 0.45 	 0.11
 94005 	 105970 	 0.42 	 0.16
 94005 	 131017 	 0.43 	 0.11
 94005 	 105815 	 0.42 	 0.16
 94005 	  85972 	 0.45 	 0.11
 94005 	 115173 	 0.48 	 0.16
 94005 	 124419 	 0.40 	 0.11
 94005 	  97207 	 0.45 	 0.11
 94005 	 116522 	 0.45 	 0.16
 94005 	 120065 	 0.42 	 0.11
 94005 	 114673 	 0.42 	 0.16
 94005 	  79310 	 0.40 	 0.16
 94005 	  99159 	 0.45 	 0.11
 94005 	 107458 	 0.40 	 0.16
 94005 	 117884 	 0.41 	 0.16
 94005 	 124477 	 0.41 	 0.11
 94005 	 127221 	 0.47 	 0.16
 94005 	  95409 	 0.42 	 0.11
 94005 	 107890 	 0.43 	 0.16
 94005 	  95790 	 0.49 	 0.16
123976 	  94927 	 0.41 	 0.11
123976 	 118052 	 0.42 	 0.16
123976 	  93163 	 0.47 	 0.11
123976 	  39079 	 0.45 	 0.11
123976 	  91563 	 0.43 	 0.11
123976 	 130665 	 0.43 	 0.11
123976 	  82555 	 0.47 	 0.16
123976 	  52768 	 0.40 	 0.16
123976 	 114621 	 0.46 	 0.16
123976 	 109693 	 0.41 	 0.11
123976 	  70752 	 0.44 	 0.11
123976 	 130780 	 0.40 	 0.11
123976 	 113027 	 0.44 	 0.11
123976 	 101280 	 0.43 	 0.16
123976 	 101160 	 0.48 	 0.11
123976 	  91926 	 0.42 	 0.11
123976 	   7012 	 0.42 	 0.16
123976 	  94332 	 0.40 	 0.16
123976 	 114535 	 0.45 	 0.16
123976 	 102078 	 0.42 	 0.16
123976 	 111407 	 0.46 	 0.16
123976 	  65863 	 0.49 	 0.16
123976 	 131017 	 0.41 	 0.11
123976 	 130218 	 0.42 	 0.11
123976 	 119111 	 0.41 	 0.16
123976 	  58481 	 0.49 	 0.16
123976 	  70646 	 0.49 	 0.11
123976 	  85972 	 0.46 	 0.11
123976 	 129434 	 0.45 	 0.11
123976 	  94785 	 0.49 	 0.16
123976 	  52894 	 0.48 	 0.11
123976 	   8179 	 0.45 	 0.16
123976 	 109370 	 0.40 	 0.11
123976 	  97207 	 0.46 	 0.11
123976 	  91880 	 0.40 	 0.11
123976 	 108127 	 0.46 	 0.11
123976 	 125990 	 0.42 	 0.16
123976 	  73957 	 0.41 	 0.11
123976 	 118768 	 0.42 	 0.16
123976 	  85142 	 0.40 	 0.16
123976 	 128974 	 0.45 	 0.11
123976 	 101365 	 0.48 	 0.11
123976 	  96900 	 0.43 	 0.11
123976 	   2996 	 0.40 	 0.16
123976 	 122600 	 0.43 	 0.11
123976 	 105413 	 0.49 	 0.16
123976 	  37931 	 0.44 	 0.16
123976 	  34379 	 0.49 	 0.11
123976 	 105156 	 0.49 	 0.11
123976 	  99213 	 0.49 	 0.11
123976 	 121308 	 0.42 	 0.11
123976 	 115258 	 0.49 	 0.11
123976 	  69513 	 0.45 	 0.11
123976 	   2267 	 0.45 	 0.16
123976 	    514 	 0.44 	 0.16
123976 	  94015 	 0.41 	 0.11
 65978 	 122945 	 0.41 	 0.15
129747 	 118052 	 0.41 	 0.16
129747 	 117976 	 0.46 	 0.16
129747 	 119680 	 0.41 	 0.11
129747 	 100225 	 0.44 	 0.16
129747 	  95573 	 0.43 	 0.16
129747 	  95182 	 0.40 	 0.16
129747 	  76155 	 0.43 	 0.16
129747 	 114621 	 0.42 	 0.16
129747 	  96738 	 0.48 	 0.16
129747 	 110268 	 0.43 	 0.11
129747 	  95603 	 0.40 	 0.16
129747 	  90147 	 0.42 	 0.16
129747 	   7012 	 0.44 	 0.16
129747 	 117081 	 0.42 	 0.16
129747 	  92865 	 0.42 	 0.11
129747 	 129644 	 0.42 	 0.11
129747 	 101544 	 0.48 	 0.16
129747 	 124419 	 0.43 	 0.11
129747 	 114673 	 0.45 	 0.16
129747 	 118768 	 0.44 	 0.16
129747 	  99159 	 0.44 	 0.11
129747 	  66221 	 0.42 	 0.16
129747 	 122945 	 0.49 	 0.11
129747 	 107458 	 0.42 	 0.16
129747 	 101673 	 0.41 	 0.16
129747 	  93866 	 0.42 	 0.16
129747 	 122600 	 0.49 	 0.11
129747 	  90137 	 0.42 	 0.16
129747 	 124477 	 0.49 	 0.11
129747 	 124177 	 0.47 	 0.16
129747 	 119685 	 0.47 	 0.11
117950 	 106567 	 0.42 	 0.11
117950 	 118052 	 0.48 	 0.16
117950 	 100225 	 0.44 	 0.16
117950 	  97838 	 0.48 	 0.16
117950 	  95182 	 0.45 	 0.16
117950 	 127533 	 0.49 	 0.16
117950 	 109693 	 0.47 	 0.11
117950 	 122022 	 0.41 	 0.11
117950 	  96738 	 0.47 	 0.16
117950 	 130780 	 0.43 	 0.11
117950 	 114379 	 0.41 	 0.11
117950 	 110268 	 0.47 	 0.11
117950 	 103813 	 0.40 	 0.16
117950 	 101160 	 0.49 	 0.11
117950 	  95603 	 0.42 	 0.16
117950 	  90147 	 0.44 	 0.16
117950 	 113290 	 0.48 	 0.16
117950 	 101892 	 0.40 	 0.16
117950 	 109370 	 0.49 	 0.11
117950 	 114673 	 0.40 	 0.16
117950 	 125990 	 0.45 	 0.16
117950 	 128974 	 0.40 	 0.11
117950 	 101365 	 0.40 	 0.11
117950 	  99159 	 0.49 	 0.11
117950 	  66221 	 0.41 	 0.16
117950 	 122945 	 0.45 	 0.11
117950 	  96900 	 0.41 	 0.11
117950 	  93866 	 0.44 	 0.16
117950 	 110588 	 0.45 	 0.16
117950 	  90137 	 0.44 	 0.16
117950 	  94602 	 0.49 	 0.10
117950 	 117884 	 0.45 	 0.16
117950 	 124177 	 0.41 	 0.16
117950 	 119717 	 0.47 	 0.16
117950 	  95790 	 0.42 	 0.16
109086 	 118052 	 0.40 	 0.11
109086 	  50275 	 0.47 	 0.11
109086 	 100225 	 0.44 	 0.11
109086 	  95573 	 0.48 	 0.11
109086 	  52768 	 0.45 	 0.11
109086 	 107934 	 0.45 	 0.11
109086 	  95603 	 0.48 	 0.11
109086 	   7012 	 0.40 	 0.11
109086 	 117081 	 0.40 	 0.11
109086 	  94332 	 0.41 	 0.11
109086 	 102078 	 0.40 	 0.11
109086 	 105970 	 0.46 	 0.11
109086 	 116115 	 0.40 	 0.11
109086 	  58481 	 0.47 	 0.11
109086 	 105815 	 0.46 	 0.11
109086 	 101892 	 0.42 	 0.11
109086 	 115173 	 0.44 	 0.11
109086 	 114673 	 0.43 	 0.11
109086 	  85142 	 0.45 	 0.11
109086 	  79310 	 0.44 	 0.11
109086 	 117884 	 0.43 	 0.11
109086 	  48486 	 0.40 	 0.11
109086 	  37931 	 0.41 	 0.11
109086 	 127221 	 0.46 	 0.11
109086 	   3715 	 0.41 	 0.11
109086 	    514 	 0.45 	 0.11
109086 	 123976 	 0.48 	 0.11
122891 	  92250 	 0.40 	 0.16
122891 	 103133 	 0.42 	 0.16
122891 	 118768 	 0.49 	 0.16
122891 	 102995 	 0.49 	 0.16
 79171 	  95182 	 0.40 	 0.16
 79171 	   1531 	 0.42 	 0.11
 79171 	  61797 	 0.42 	 0.16
124881 	 113401 	 0.44 	 0.11
124881 	 102380 	 0.43 	 0.13
124881 	 127533 	 0.48 	 0.11
124881 	  96738 	 0.44 	 0.11
124881 	 101280 	 0.48 	 0.11
124881 	 111407 	 0.46 	 0.11
124881 	  65863 	 0.44 	 0.11
124881 	 129644 	 0.49 	 0.18
124881 	 111666 	 0.42 	 0.18
124881 	  79310 	 0.47 	 0.11
124881 	 120998 	 0.41 	 0.11
124881 	 105413 	 0.49 	 0.11
124881 	  48486 	 0.44 	 0.11
124881 	 107890 	 0.47 	 0.11
126974 	  93163 	 0.45 	 0.14
126974 	 113027 	 0.47 	 0.14
126974 	 114379 	 0.44 	 0.14
126974 	 102383 	 0.43 	 0.11
126974 	  52894 	 0.46 	 0.14
126974 	 101648 	 0.42 	 0.11
126974 	  28201 	 0.46 	 0.11
129421 	 113401 	 0.41 	 0.11
129421 	 100225 	 0.43 	 0.11
129421 	  95573 	 0.47 	 0.11
129421 	 114621 	 0.49 	 0.11
129421 	  96738 	 0.41 	 0.11
129421 	  95603 	 0.47 	 0.11
129421 	 129859 	 0.42 	 0.16
129421 	 119111 	 0.44 	 0.11
129421 	 101544 	 0.41 	 0.11
129421 	 116522 	 0.43 	 0.11
129421 	 114673 	 0.41 	 0.11
129421 	  79310 	 0.46 	 0.11
129421 	  93866 	 0.46 	 0.11
129421 	 120998 	 0.46 	 0.11
129421 	 108174 	 0.49 	 0.11
129421 	 127221 	 0.45 	 0.11
129421 	 119717 	 0.40 	 0.11
129421 	 124225 	 0.40 	 0.11
129421 	 107890 	 0.42 	 0.11
129421 	  95790 	 0.47 	 0.11
129421 	 109399 	 0.49 	 0.11
129421 	 123976 	 0.47 	 0.11
113610 	 113401 	 0.43 	 0.11
113610 	 118052 	 0.46 	 0.11
113610 	 119680 	 0.44 	 0.18
113610 	 100225 	 0.48 	 0.11
113610 	  96738 	 0.43 	 0.11
113610 	 113290 	 0.46 	 0.11
113610 	 107458 	 0.46 	 0.11
113610 	 120998 	 0.45 	 0.11
113610 	 107489 	 0.40 	 0.11
113610 	 119685 	 0.45 	 0.18
113610 	 107890 	 0.40 	 0.11
103091 	 118052 	 0.43 	 0.11
103091 	  96738 	 0.45 	 0.11
103091 	  95603 	 0.46 	 0.11
103091 	 117081 	 0.40 	 0.11
103091 	 113290 	 0.41 	 0.11
103091 	 105815 	 0.42 	 0.11
103091 	 119717 	 0.46 	 0.11
103091 	  95790 	 0.46 	 0.11
 98991 	 129134 	 0.48 	 0.14
110898 	 113401 	 0.46 	 0.16
110898 	 119680 	 0.42 	 0.11
110898 	  82555 	 0.40 	 0.16
110898 	  80370 	 0.47 	 0.11
110898 	  70752 	 0.41 	 0.11
110898 	  28241 	 0.42 	 0.16
110898 	 110268 	 0.41 	 0.11
110898 	 101160 	 0.43 	 0.11
110898 	  95603 	 0.47 	 0.16
110898 	  92865 	 0.40 	 0.11
110898 	 102078 	 0.45 	 0.16
110898 	 117951 	 0.46 	 0.16
110898 	 105970 	 0.43 	 0.16
110898 	 101892 	 0.49 	 0.16
110898 	  94785 	 0.47 	 0.16
110898 	  52894 	 0.45 	 0.11
110898 	 116522 	 0.40 	 0.16
110898 	 118768 	 0.42 	 0.16
110898 	 101365 	 0.40 	 0.11
110898 	 107458 	 0.49 	 0.16
110898 	 120998 	 0.42 	 0.16
110898 	 108174 	 0.45 	 0.16
110898 	  94602 	 0.43 	 0.10
110898 	 107489 	 0.42 	 0.16
110898 	 124177 	 0.46 	 0.16
110898 	 105156 	 0.43 	 0.11
110898 	 119717 	 0.47 	 0.16
110898 	 119685 	 0.48 	 0.11
110898 	 121308 	 0.41 	 0.11
110898 	  96223 	 0.44 	 0.16
110898 	 107890 	 0.42 	 0.16
110898 	 117950 	 0.42 	 0.16
 93696 	  93163 	 0.44 	 0.12
 58883 	  95573 	 0.47 	 0.11
 58883 	 127533 	 0.44 	 0.11
 58883 	  95603 	 0.42 	 0.11
 58883 	  91926 	 0.41 	 0.18
 58883 	 102078 	 0.48 	 0.11
 58883 	 105970 	 0.40 	 0.11
 58883 	  53106 	 0.47 	 0.14
 58883 	 105815 	 0.46 	 0.11
 58883 	 116522 	 0.45 	 0.11
 58883 	 125990 	 0.45 	 0.11
 58883 	 101365 	 0.49 	 0.18
 58883 	 120998 	 0.44 	 0.11
 58883 	 108174 	 0.41 	 0.11
 58883 	  52786 	 0.43 	 0.18
 58883 	 124177 	 0.49 	 0.11
 58883 	 119717 	 0.42 	 0.11
 58883 	 124225 	 0.47 	 0.11
 58883 	  95790 	 0.42 	 0.11
 58883 	 123976 	 0.47 	 0.11
 58883 	 129747 	 0.49 	 0.11
 58883 	 117950 	 0.43 	 0.11
119884 	  50275 	 0.46 	 0.16
119884 	  82555 	 0.40 	 0.16
119884 	  28241 	 0.42 	 0.16
119884 	  94332 	 0.42 	 0.16
119884 	  51289 	 0.42 	 0.11
119884 	   5103 	 0.42 	 0.16
119884 	  85142 	 0.42 	 0.16
119884 	  79310 	 0.42 	 0.16
119884 	  37464 	 0.42 	 0.16
119884 	  52786 	 0.40 	 0.11
119884 	  48486 	 0.42 	 0.16
119884 	  37931 	 0.42 	 0.16
119884 	  27623 	 0.40 	 0.16
119884 	  65782 	 0.42 	 0.16
110974 	 113401 	 0.49 	 0.16
110974 	 119680 	 0.49 	 0.11
110974 	 100225 	 0.48 	 0.16
110974 	  95573 	 0.47 	 0.16
110974 	  76155 	 0.47 	 0.16
110974 	 122022 	 0.41 	 0.11
110974 	  88333 	 0.47 	 0.11
110974 	  96738 	 0.41 	 0.16
110974 	  70752 	 0.41 	 0.11
110974 	 130780 	 0.43 	 0.11
110974 	 131018 	 0.46 	 0.11
110974 	 110268 	 0.41 	 0.11
110974 	 101160 	 0.43 	 0.11
110974 	  95603 	 0.47 	 0.16
110974 	 117081 	 0.44 	 0.16
110974 	 102078 	 0.47 	 0.16
110974 	 108185 	 0.46 	 0.11
110974 	 117951 	 0.41 	 0.16
110974 	 131017 	 0.40 	 0.11
110974 	 127451 	 0.49 	 0.11
110974 	 101544 	 0.46 	 0.16
110974 	 101892 	 0.49 	 0.16
110974 	 124419 	 0.44 	 0.11
110974 	 116522 	 0.40 	 0.16
110974 	 118768 	 0.42 	 0.16
110974 	  99159 	 0.48 	 0.11
110974 	 119617 	 0.49 	 0.11
110974 	 107458 	 0.49 	 0.16
110974 	   2251 	 0.49 	 0.11
110974 	 107489 	 0.42 	 0.16
110974 	 124177 	 0.46 	 0.16
110974 	  96223 	 0.47 	 0.16
110974 	  69513 	 0.41 	 0.11
110974 	 107890 	 0.42 	 0.16
110974 	  95790 	 0.47 	 0.16
110974 	 123976 	 0.47 	 0.16
110974 	 117950 	 0.40 	 0.16
110974 	 124881 	 0.46 	 0.11
110974 	  58883 	 0.47 	 0.11
100744 	 129131 	 0.42 	 0.16
100744 	 126216 	 0.48 	 0.11
118234 	  99902 	 0.42 	 0.16
118234 	 129208 	 0.45 	 0.11
118234 	 122891 	 0.40 	 0.16
122171 	  50275 	 0.40 	 0.16
122171 	  91563 	 0.44 	 0.11
122171 	  82555 	 0.44 	 0.16
122171 	  80370 	 0.43 	 0.11
122171 	 105200 	 0.40 	 0.16
122171 	 110268 	 0.42 	 0.11
122171 	  90147 	 0.40 	 0.16
122171 	  92250 	 0.43 	 0.16
122171 	 114535 	 0.42 	 0.16
122171 	  51289 	 0.40 	 0.11
122171 	 105970 	 0.42 	 0.16
122171 	 116115 	 0.40 	 0.16
122171 	  70646 	 0.40 	 0.11
122171 	 101892 	 0.46 	 0.16
122171 	   8179 	 0.46 	 0.16
122171 	 120065 	 0.48 	 0.11
122171 	 107458 	 0.43 	 0.16
122171 	 108174 	 0.40 	 0.16
122171 	  90137 	 0.40 	 0.16
122171 	 107489 	 0.44 	 0.16
122171 	  48486 	 0.40 	 0.16
122171 	  27623 	 0.44 	 0.16
122171 	 121308 	 0.44 	 0.11
122171 	 107890 	 0.40 	 0.16
122171 	  95350 	 0.42 	 0.11
122171 	  94005 	 0.42 	 0.16
115883 	 114379 	 0.44 	 0.14
115883 	 108127 	 0.44 	 0.14
103973 	  93163 	 0.46 	 0.14
103973 	   5543 	 0.40 	 0.14
103973 	 108127 	 0.41 	 0.14
111227 	  50275 	 0.46 	 0.16
111227 	  28241 	 0.46 	 0.16
111227 	 114535 	 0.41 	 0.16
111227 	 102078 	 0.40 	 0.16
111227 	  65863 	 0.41 	 0.16
111227 	 101892 	 0.41 	 0.16
111227 	  94785 	 0.41 	 0.16
111227 	  52894 	 0.48 	 0.11
111227 	   8179 	 0.45 	 0.16
111227 	  97207 	 0.40 	 0.11
111227 	 108127 	 0.46 	 0.11
111227 	 120065 	 0.44 	 0.11
111227 	   2267 	 0.41 	 0.16
111227 	  94005 	 0.41 	 0.16
111227 	 109086 	 0.41 	 0.11
111227 	 119884 	 0.40 	 0.16
121157 	 110641 	 0.41 	 0.18
121157 	 127533 	 0.40 	 0.11
121157 	 111407 	 0.46 	 0.11
121157 	 130217 	 0.43 	 0.11
121157 	 116522 	 0.42 	 0.11
121157 	 120998 	 0.47 	 0.11
121157 	 107489 	 0.45 	 0.11
121157 	 127221 	 0.42 	 0.11
121157 	 129747 	 0.40 	 0.11
121157 	 110974 	 0.44 	 0.11
 31394 	   3208 	 0.40 	 0.11
 31394 	  93866 	 0.43 	 0.11
 81503 	  50275 	 0.41 	 0.16
 81503 	 100225 	 0.40 	 0.16
 81503 	  95573 	 0.40 	 0.16
 81503 	  76155 	 0.44 	 0.16
 81503 	  95603 	 0.40 	 0.16
 81503 	  92865 	 0.48 	 0.11
 81503 	  92250 	 0.46 	 0.16
 81503 	 116522 	 0.46 	 0.16
 81503 	 120065 	 0.41 	 0.11
 81503 	  79310 	 0.41 	 0.16
 81503 	 107458 	 0.46 	 0.16
 81503 	 107489 	 0.46 	 0.16
 81503 	 121308 	 0.43 	 0.11
 81503 	  95790 	 0.40 	 0.16
 81503 	 123976 	 0.40 	 0.16
 81503 	 109086 	 0.45 	 0.11
116540 	 113401 	 0.40 	 0.16
116540 	  95182 	 0.42 	 0.16
116540 	 127533 	 0.42 	 0.16
116540 	 101280 	 0.45 	 0.16
116540 	 103813 	 0.46 	 0.16
116540 	 101160 	 0.40 	 0.11
116540 	  90147 	 0.48 	 0.16
116540 	 119111 	 0.40 	 0.16
116540 	 105815 	 0.43 	 0.16
116540 	 101892 	 0.43 	 0.16
116540 	 129434 	 0.40 	 0.11
116540 	  94785 	 0.40 	 0.16
116540 	 130217 	 0.42 	 0.16
116540 	 116522 	 0.42 	 0.16
116540 	  91880 	 0.46 	 0.11
116540 	 125990 	 0.44 	 0.16
116540 	  79768 	 0.48 	 0.11
116540 	  93866 	 0.45 	 0.16
116540 	  90137 	 0.48 	 0.16
116540 	 119717 	 0.42 	 0.16
116540 	 124225 	 0.49 	 0.16
116540 	 120346 	 0.42 	 0.16
116540 	  86335 	 0.41 	 0.16
116540 	  61797 	 0.41 	 0.16
116540 	 129747 	 0.45 	 0.16
116540 	 122171 	 0.43 	 0.16
123045 	 109693 	 0.47 	 0.14
  2268 	  95573 	 0.49 	 0.16
  2268 	  76155 	 0.49 	 0.16
  2268 	 130780 	 0.41 	 0.11
  2268 	   7012 	 0.44 	 0.16
  2268 	 131017 	 0.43 	 0.11
  2268 	 105815 	 0.42 	 0.16
  2268 	  85972 	 0.45 	 0.11
  2268 	 115173 	 0.41 	 0.16
  2268 	  96012 	 0.40 	 0.11
  2268 	  99159 	 0.42 	 0.11
  2268 	 124477 	 0.41 	 0.11
  2268 	 127221 	 0.47 	 0.16
  2268 	 105156 	 0.40 	 0.11
  2268 	  95409 	 0.42 	 0.11
  2268 	  95790 	 0.49 	 0.16
  7303 	  95573 	 0.42 	 0.10
  7303 	 127533 	 0.44 	 0.10
  7303 	  91848 	 0.45 	 0.10
  7303 	 107934 	 0.42 	 0.10
  7303 	 101280 	 0.44 	 0.10
  7303 	  95603 	 0.42 	 0.10
  7303 	  10217 	 0.41 	 0.19
  7303 	 102078 	 0.41 	 0.10
  7303 	 105970 	 0.46 	 0.10
  7303 	 119111 	 0.45 	 0.10
  7303 	 101892 	 0.46 	 0.10
  7303 	 130217 	 0.47 	 0.10
  7303 	 125990 	 0.49 	 0.10
  7303 	  73957 	 0.40 	 0.16
  7303 	 118768 	 0.44 	 0.10
  7303 	   3208 	 0.40 	 0.10
  7303 	 119717 	 0.42 	 0.10
  7303 	 124225 	 0.48 	 0.10
  7303 	 120346 	 0.47 	 0.10
  7303 	 123976 	 0.42 	 0.10
  7303 	 129747 	 0.44 	 0.10
  7303 	 117950 	 0.49 	 0.10
  7303 	 116540 	 0.47 	 0.10
126651 	 123045 	 0.43 	 0.11
 92509 	 118052 	 0.49 	 0.16
 92509 	  39079 	 0.45 	 0.11
 92509 	  91563 	 0.40 	 0.11
 92509 	 100225 	 0.43 	 0.16
 92509 	  95573 	 0.47 	 0.16
 92509 	 114621 	 0.49 	 0.16
 92509 	 130780 	 0.43 	 0.11
 92509 	 125052 	 0.41 	 0.13
 92509 	 113027 	 0.42 	 0.11
 92509 	  28241 	 0.49 	 0.16
 92509 	  95603 	 0.44 	 0.16
 92509 	 117081 	 0.49 	 0.16
 92509 	  94332 	 0.46 	 0.16
 92509 	 130218 	 0.40 	 0.11
 92509 	  58481 	 0.49 	 0.16
 92509 	  70646 	 0.42 	 0.11
 92509 	 115173 	 0.40 	 0.16
 92509 	 125839 	 0.40 	 0.11
 92509 	   8179 	 0.45 	 0.16
 92509 	  97207 	 0.40 	 0.11
 92509 	   5133 	 0.45 	 0.16
 92509 	 118768 	 0.40 	 0.16
 92509 	  79310 	 0.49 	 0.16
 92509 	 101365 	 0.45 	 0.11
 92509 	 122945 	 0.45 	 0.11
 92509 	  37464 	 0.42 	 0.16
 92509 	  93866 	 0.42 	 0.16
 92509 	   2996 	 0.46 	 0.16
 92509 	  48486 	 0.42 	 0.16
 92509 	  37931 	 0.46 	 0.16
 92509 	 127221 	 0.42 	 0.16
 92509 	  34379 	 0.46 	 0.11
 92509 	 124177 	 0.43 	 0.16
 92509 	  95409 	 0.40 	 0.11
 92509 	 121308 	 0.46 	 0.11
 92509 	  69513 	 0.43 	 0.11
 92509 	 107890 	 0.48 	 0.16
 92509 	  95790 	 0.47 	 0.16
 92509 	 101809 	 0.41 	 0.11
 92509 	  94015 	 0.47 	 0.11
 92509 	 117213 	 0.41 	 0.11
 92509 	 123976 	 0.40 	 0.16
 92509 	 109086 	 0.48 	 0.11
 92509 	 122171 	 0.44 	 0.16
 82242 	 100225 	 0.48 	 0.16
 82242 	  82555 	 0.48 	 0.16
 82242 	  70752 	 0.44 	 0.11
 82242 	 110268 	 0.49 	 0.11
 82242 	  95603 	 0.42 	 0.16
 82242 	 117081 	 0.44 	 0.16
 82242 	  92250 	 0.44 	 0.16
 82242 	  70646 	 0.47 	 0.11
 82242 	 101892 	 0.46 	 0.16
 82242 	 115173 	 0.48 	 0.16
 82242 	 124419 	 0.44 	 0.11
 82242 	   5103 	 0.43 	 0.16
 82242 	 116522 	 0.48 	 0.16
 82242 	 108127 	 0.42 	 0.11
 82242 	 120065 	 0.49 	 0.11
 82242 	  96012 	 0.40 	 0.11
 82242 	  99159 	 0.45 	 0.11
 82242 	 122945 	 0.47 	 0.11
 82242 	 107458 	 0.44 	 0.16
 82242 	  52786 	 0.47 	 0.11
 82242 	 117884 	 0.41 	 0.16
 82242 	 127221 	 0.40 	 0.16
 82242 	 124177 	 0.48 	 0.16
 82242 	 123976 	 0.45 	 0.16
 82242 	 124881 	 0.44 	 0.11
 82242 	 110898 	 0.41 	 0.16
 82242 	 121157 	 0.44 	 0.11
 82242 	  92509 	 0.48 	 0.16
 66563 	  50275 	 0.40 	 0.16
 66563 	  93163 	 0.44 	 0.11
 66563 	 100225 	 0.45 	 0.16
 66563 	  95573 	 0.45 	 0.16
 66563 	  76155 	 0.49 	 0.16
 66563 	 130780 	 0.48 	 0.11
 66563 	 114379 	 0.45 	 0.11
 66563 	  95603 	 0.49 	 0.16
 66563 	  90147 	 0.47 	 0.16
 66563 	   7012 	 0.44 	 0.16
 66563 	  85972 	 0.45 	 0.11
 66563 	 115173 	 0.41 	 0.16
 66563 	  97207 	 0.45 	 0.11
 66563 	  79310 	 0.40 	 0.16
 66563 	  90137 	 0.47 	 0.16
 66563 	 127221 	 0.47 	 0.16
 66563 	 124177 	 0.48 	 0.16
 66563 	 107890 	 0.47 	 0.16
 66563 	  95790 	 0.45 	 0.16
 66563 	 109399 	 0.40 	 0.16
 66563 	 123976 	 0.49 	 0.16
 66563 	 111227 	 0.41 	 0.16
 62878 	  95573 	 0.42 	 0.16
 62878 	 116115 	 0.40 	 0.16
 62878 	 105733 	 0.45 	 0.16
 62878 	  79310 	 0.47 	 0.16
 62878 	 109399 	 0.40 	 0.16
 62878 	 123976 	 0.42 	 0.16
100172 	 113401 	 0.43 	 0.11
100172 	 118052 	 0.46 	 0.11
100172 	  91848 	 0.48 	 0.11
100172 	 107934 	 0.48 	 0.11
100172 	 103813 	 0.48 	 0.11
100172 	 113290 	 0.46 	 0.11
100172 	 117951 	 0.43 	 0.11
100172 	 107458 	 0.40 	 0.11
100172 	 102481 	 0.46 	 0.14
100172 	 110588 	 0.45 	 0.11
100172 	 117884 	 0.48 	 0.11
100172 	 129747 	 0.47 	 0.11
100172 	 117950 	 0.47 	 0.11
100172 	 113610 	 0.47 	 0.18
100172 	 110974 	 0.48 	 0.11
100172 	 116540 	 0.43 	 0.11
108160 	   5646 	 0.40 	 0.14
108160 	 108127 	 0.40 	 0.14
108160 	 102481 	 0.46 	 0.11
108160 	  75566 	 0.42 	 0.11
108160 	  52224 	 0.42 	 0.11
108160 	 126974 	 0.41 	 0.11
 77586 	 118052 	 0.41 	 0.11
 77586 	 100225 	 0.44 	 0.11
 77586 	  95573 	 0.42 	 0.11
 77586 	 109693 	 0.43 	 0.18
 77586 	  95603 	 0.49 	 0.11
 77586 	  91926 	 0.42 	 0.18
 77586 	 102078 	 0.49 	 0.11
 77586 	 117951 	 0.43 	 0.11
 77586 	 101544 	 0.43 	 0.11
 77586 	 105815 	 0.44 	 0.11
 77586 	 116522 	 0.49 	 0.11
 77586 	 118768 	 0.41 	 0.11
 77586 	  79310 	 0.45 	 0.11
 77586 	 122945 	 0.44 	 0.18
 77586 	 120998 	 0.45 	 0.11
 77586 	 107489 	 0.49 	 0.11
 77586 	 127221 	 0.49 	 0.11
 77586 	 124177 	 0.47 	 0.11
 77586 	  28201 	 0.41 	 0.14
 77586 	 123976 	 0.42 	 0.11
 77586 	  92509 	 0.49 	 0.11
128300 	  97838 	 0.45 	 0.16
101850 	  96511 	 0.42 	 0.11
101850 	 102380 	 0.49 	 0.18
101850 	 117891 	 0.44 	 0.11
101850 	  93163 	 0.45 	 0.11
101850 	 100225 	 0.49 	 0.16
101850 	  95573 	 0.48 	 0.16
101850 	  82555 	 0.40 	 0.16
101850 	 106302 	 0.49 	 0.11
101850 	 114621 	 0.45 	 0.16
101850 	  96738 	 0.47 	 0.16
101850 	  70752 	 0.47 	 0.11
101850 	  28241 	 0.45 	 0.16
101850 	 114379 	 0.49 	 0.11
101850 	 103813 	 0.47 	 0.16
101850 	 101160 	 0.46 	 0.11
101850 	  95603 	 0.45 	 0.16
101850 	  65863 	 0.41 	 0.16
101850 	 131017 	 0.46 	 0.11
101850 	  58481 	 0.45 	 0.16
101850 	  70646 	 0.41 	 0.11
101850 	 105815 	 0.43 	 0.16
101850 	 129434 	 0.49 	 0.11
101850 	 128492 	 0.44 	 0.11
101850 	 120065 	 0.45 	 0.11
101850 	 128974 	 0.47 	 0.11
101850 	 114259 	 0.40 	 0.11
101850 	 120998 	 0.45 	 0.16
101850 	 108174 	 0.42 	 0.16
101850 	 122600 	 0.47 	 0.11
101850 	 105413 	 0.41 	 0.16
101850 	 127221 	 0.48 	 0.16
101850 	 105156 	 0.49 	 0.11
101850 	 119717 	 0.45 	 0.16
101850 	 119685 	 0.44 	 0.11
101850 	 121308 	 0.41 	 0.11
101850 	  96223 	 0.45 	 0.16
101850 	 107890 	 0.46 	 0.16
101850 	  95790 	 0.45 	 0.16
101850 	 117213 	 0.40 	 0.11
101850 	 109086 	 0.40 	 0.11
101850 	  92509 	 0.49 	 0.16
101850 	  77586 	 0.41 	 0.11
 91740 	 117976 	 0.40 	 0.11
 91740 	 113290 	 0.41 	 0.11
 91740 	 105815 	 0.41 	 0.11
 91740 	 130217 	 0.44 	 0.11
 91740 	 116522 	 0.46 	 0.11
 91740 	 114673 	 0.45 	 0.11
 91740 	 125990 	 0.49 	 0.11
 91740 	 117884 	 0.40 	 0.11
 91740 	 119717 	 0.49 	 0.11
 91740 	 120346 	 0.44 	 0.11
 91740 	 129747 	 0.47 	 0.11
 91740 	 117950 	 0.46 	 0.11
103733 	 113401 	 0.45 	 0.16
103733 	 117976 	 0.43 	 0.16
103733 	 114621 	 0.49 	 0.16
103733 	  96738 	 0.43 	 0.16
103733 	 103813 	 0.48 	 0.16
103733 	 101160 	 0.44 	 0.11
103733 	   7012 	 0.49 	 0.16
103733 	 117081 	 0.42 	 0.16
103733 	 102078 	 0.44 	 0.16
103733 	 108185 	 0.44 	 0.11
103733 	  58481 	 0.42 	 0.16
103733 	  16479 	 0.41 	 0.16
103733 	 116522 	 0.40 	 0.16
103733 	 114673 	 0.45 	 0.16
103733 	 118768 	 0.41 	 0.16
103733 	  94602 	 0.44 	 0.10
103733 	 107489 	 0.43 	 0.16
103733 	 117950 	 0.41 	 0.16
103733 	 110974 	 0.46 	 0.16
103733 	   7303 	 0.44 	 0.10
106244 	  82555 	 0.44 	 0.11
106244 	  96738 	 0.41 	 0.11
106244 	  28241 	 0.41 	 0.11
106244 	 101280 	 0.47 	 0.11
106244 	 111407 	 0.43 	 0.11
106244 	 117951 	 0.41 	 0.11
106244 	 108127 	 0.42 	 0.18
106244 	  98252 	 0.43 	 0.14
106244 	 118768 	 0.44 	 0.11
106244 	  99159 	 0.42 	 0.18
106244 	 120998 	 0.41 	 0.11
106244 	 110588 	 0.48 	 0.11
106244 	 107890 	 0.42 	 0.11
106244 	  66563 	 0.40 	 0.11
100737 	  93163 	 0.48 	 0.18
100737 	  82555 	 0.41 	 0.11
100737 	 105200 	 0.41 	 0.11
100737 	 105455 	 0.40 	 0.14
100737 	  95603 	 0.46 	 0.11
100737 	 111407 	 0.43 	 0.11
100737 	 117951 	 0.40 	 0.11
100737 	 108127 	 0.44 	 0.18
100737 	 118768 	 0.46 	 0.11
100737 	 107489 	 0.41 	 0.11
100737 	 105413 	 0.43 	 0.11
100737 	 120346 	 0.47 	 0.11
100737 	 107890 	 0.41 	 0.11
100737 	  95790 	 0.43 	 0.11
100737 	  92509 	 0.44 	 0.11
108765 	 126721 	 0.40 	 0.16
108765 	 129134 	 0.43 	 0.11
108765 	  85972 	 0.42 	 0.11
108765 	 101486 	 0.48 	 0.11
119270 	 113401 	 0.49 	 0.11
119270 	 110641 	 0.49 	 0.18
119270 	  50275 	 0.43 	 0.11
119270 	  82555 	 0.44 	 0.11
119270 	 105200 	 0.40 	 0.11
119270 	 127533 	 0.43 	 0.11
119270 	 114621 	 0.40 	 0.11
119270 	 101280 	 0.40 	 0.11
119270 	 101160 	 0.45 	 0.18
119270 	  95603 	 0.41 	 0.11
119270 	 114535 	 0.46 	 0.11
119270 	 122840 	 0.47 	 0.18
119270 	  65863 	 0.46 	 0.11
119270 	 105970 	 0.42 	 0.11
119270 	 119111 	 0.46 	 0.11
119270 	 105815 	 0.48 	 0.11
119270 	 126216 	 0.41 	 0.18
119270 	 116522 	 0.47 	 0.11
119270 	  79310 	 0.43 	 0.11
119270 	 110588 	 0.41 	 0.11
119270 	  37931 	 0.41 	 0.11
119270 	 120346 	 0.43 	 0.11
119270 	  95790 	 0.44 	 0.11
119270 	  94005 	 0.46 	 0.11
119270 	 117950 	 0.47 	 0.11
119270 	 122171 	 0.48 	 0.11
119270 	 111227 	 0.41 	 0.11
119270 	  92509 	 0.47 	 0.11
126646 	 130217 	 0.43 	 0.11
126646 	 103733 	 0.41 	 0.11
108254 	 106567 	 0.47 	 0.11
108254 	 113401 	 0.48 	 0.16
108254 	  95573 	 0.46 	 0.16
108254 	  76155 	 0.40 	 0.16
108254 	 109693 	 0.45 	 0.11
108254 	  70752 	 0.43 	 0.11
108254 	 110268 	 0.40 	 0.11
108254 	 103813 	 0.48 	 0.16
108254 	 122840 	 0.40 	 0.11
108254 	 108185 	 0.44 	 0.11
108254 	 131017 	 0.41 	 0.11
108254 	 101544 	 0.45 	 0.16
108254 	 101892 	 0.47 	 0.16
108254 	 122251 	 0.48 	 0.16
108254 	 125990 	 0.49 	 0.16
108254 	 122945 	 0.46 	 0.11
108254 	 107458 	 0.48 	 0.16
108254 	 127221 	 0.41 	 0.16
108254 	 124177 	 0.47 	 0.16
108254 	 119717 	 0.46 	 0.16
108254 	 119685 	 0.44 	 0.11
108254 	  96223 	 0.46 	 0.16
108254 	 117213 	 0.41 	 0.11
108254 	 110974 	 0.43 	 0.16
108254 	 116540 	 0.45 	 0.16
108254 	   7303 	 0.44 	 0.10
108254 	 119270 	 0.43 	 0.11
103038 	  96511 	 0.48 	 0.11
103038 	  93163 	 0.41 	 0.11
103038 	  91563 	 0.40 	 0.11
103038 	  80370 	 0.45 	 0.11
103038 	  76155 	 0.46 	 0.16
103038 	 106302 	 0.45 	 0.11
103038 	 122022 	 0.42 	 0.11
103038 	  88333 	 0.49 	 0.11
103038 	  96738 	 0.45 	 0.16
103038 	   8980 	 0.47 	 0.11
103038 	 114379 	 0.44 	 0.11
103038 	 101280 	 0.47 	 0.16
103038 	 110268 	 0.48 	 0.11
103038 	 101160 	 0.44 	 0.11
103038 	  91926 	 0.42 	 0.11
103038 	 102078 	 0.49 	 0.16
103038 	 111407 	 0.42 	 0.16
103038 	 117951 	 0.45 	 0.16
103038 	 105970 	 0.47 	 0.16
103038 	 127451 	 0.48 	 0.11
103038 	 129644 	 0.42 	 0.11
103038 	  58481 	 0.45 	 0.16
103038 	  70646 	 0.45 	 0.11
103038 	  85972 	 0.42 	 0.11
103038 	  94785 	 0.45 	 0.16
103038 	 122251 	 0.45 	 0.16
103038 	  52894 	 0.41 	 0.11
103038 	 130217 	 0.47 	 0.16
103038 	 109370 	 0.42 	 0.11
103038 	 116522 	 0.49 	 0.16
103038 	 108127 	 0.44 	 0.11
103038 	 114673 	 0.48 	 0.16
103038 	 129208 	 0.41 	 0.11
103038 	 118768 	 0.41 	 0.16
103038 	 101365 	 0.41 	 0.11
103038 	 119617 	 0.42 	 0.11
103038 	 107458 	 0.48 	 0.16
103038 	 114259 	 0.46 	 0.11
103038 	 120998 	 0.45 	 0.16
103038 	 108174 	 0.49 	 0.16
103038 	   2251 	 0.42 	 0.11
103038 	 107489 	 0.49 	 0.16
103038 	 124477 	 0.46 	 0.11
103038 	 105156 	 0.45 	 0.11
103038 	 119717 	 0.48 	 0.16
103038 	 124225 	 0.46 	 0.16
103038 	  96223 	 0.46 	 0.16
103038 	   2267 	 0.45 	 0.16
103038 	 107890 	 0.44 	 0.16
103038 	  95790 	 0.46 	 0.16
103038 	 101486 	 0.44 	 0.11
103038 	  94005 	 0.45 	 0.16
103038 	 117950 	 0.44 	 0.16
103038 	 109086 	 0.44 	 0.11
103038 	  58883 	 0.49 	 0.11
103038 	   2268 	 0.45 	 0.16
103038 	  92509 	 0.40 	 0.16
103038 	  66563 	 0.45 	 0.16
103038 	 100172 	 0.42 	 0.11
103038 	  77586 	 0.47 	 0.11
103038 	 103733 	 0.42 	 0.16
126048 	 113401 	 0.49 	 0.11
126048 	 118052 	 0.45 	 0.11
126048 	 100225 	 0.46 	 0.11
126048 	  76155 	 0.43 	 0.11
126048 	  96738 	 0.42 	 0.11
126048 	  92250 	 0.45 	 0.11
126048 	 102078 	 0.45 	 0.11
126048 	 111407 	 0.40 	 0.11
126048 	 113290 	 0.45 	 0.11
126048 	 101544 	 0.47 	 0.11
126048 	 101892 	 0.42 	 0.11
126048 	  94785 	 0.41 	 0.11
126048 	 122251 	 0.42 	 0.11
126048 	 116522 	 0.41 	 0.11
126048 	 125990 	 0.43 	 0.11
126048 	 102481 	 0.45 	 0.14
126048 	 120998 	 0.44 	 0.11
126048 	 103038 	 0.49 	 0.11
 99548 	 113401 	 0.40 	 0.11
 99548 	 128397 	 0.41 	 0.14
 99548 	 127533 	 0.42 	 0.11
 99548 	 114621 	 0.48 	 0.11
 99548 	  96738 	 0.40 	 0.11
 99548 	 107934 	 0.49 	 0.11
 99548 	 101280 	 0.42 	 0.11
 99548 	  94332 	 0.45 	 0.11
 99548 	 129134 	 0.43 	 0.18
 99548 	 130217 	 0.42 	 0.11
 99548 	 125990 	 0.44 	 0.11
 99548 	  37464 	 0.41 	 0.11
 99548 	 120998 	 0.41 	 0.11
 99548 	 110588 	 0.40 	 0.11
 99548 	 107489 	 0.46 	 0.11
 99548 	 127221 	 0.44 	 0.11
 99548 	  65782 	 0.45 	 0.11
 99548 	 124225 	 0.46 	 0.11
 99548 	 129747 	 0.42 	 0.11
 99548 	 117950 	 0.44 	 0.11
 99548 	 116540 	 0.41 	 0.11
 86131 	   3208 	 0.40 	 0.11
 86131 	  93866 	 0.43 	 0.11
  7854 	  95573 	 0.45 	 0.16
  7854 	  76155 	 0.49 	 0.16
  7854 	 130780 	 0.41 	 0.11
  7854 	   7012 	 0.44 	 0.16
  7854 	 131017 	 0.43 	 0.11
  7854 	 105815 	 0.46 	 0.16
  7854 	  85972 	 0.45 	 0.11
  7854 	 115173 	 0.48 	 0.16
  7854 	  96012 	 0.40 	 0.11
  7854 	  99159 	 0.42 	 0.11
  7854 	 124477 	 0.41 	 0.11
  7854 	 127221 	 0.47 	 0.16
  7854 	  95409 	 0.42 	 0.11
  7854 	  95790 	 0.45 	 0.16
  7854 	 123976 	 0.49 	 0.16
  7854 	 121157 	 0.40 	 0.11
  7854 	 103038 	 0.45 	 0.16
126574 	 113401 	 0.49 	 0.11
126574 	 128397 	 0.44 	 0.14
126574 	 100225 	 0.40 	 0.11
126574 	  96738 	 0.49 	 0.11
126574 	 103813 	 0.49 	 0.11
126574 	 102078 	 0.42 	 0.11
126574 	 117951 	 0.41 	 0.11
126574 	 114673 	 0.44 	 0.11
126574 	  99159 	 0.40 	 0.18
126574 	 117950 	 0.45 	 0.11
126574 	 110974 	 0.44 	 0.11
126574 	 103038 	 0.40 	 0.11
 66058 	  50275 	 0.41 	 0.11
 66058 	  95573 	 0.49 	 0.11
 66058 	  82555 	 0.49 	 0.11
 66058 	 105200 	 0.48 	 0.11
 66058 	 127533 	 0.42 	 0.11
 66058 	  90147 	 0.41 	 0.11
 66058 	   7012 	 0.44 	 0.11
 66058 	  92250 	 0.45 	 0.11
 66058 	 105970 	 0.43 	 0.11
 66058 	 119111 	 0.40 	 0.11
 66058 	 101544 	 0.40 	 0.11
 66058 	 105815 	 0.43 	 0.11
 66058 	 115173 	 0.48 	 0.11
 66058 	 116522 	 0.49 	 0.11
 66058 	 114673 	 0.43 	 0.11
 66058 	 125990 	 0.44 	 0.11
 66058 	  79310 	 0.41 	 0.11
 66058 	   3208 	 0.41 	 0.11
 66058 	  93866 	 0.41 	 0.11
 66058 	  90137 	 0.41 	 0.11
 66058 	 124177 	 0.48 	 0.11
 66058 	 119717 	 0.42 	 0.11
 66058 	 124225 	 0.42 	 0.11
 66058 	 129747 	 0.45 	 0.11
 66058 	 122171 	 0.43 	 0.11
127707 	 106567 	 0.46 	 0.18
127707 	 130217 	 0.45 	 0.11
127707 	 101850 	 0.43 	 0.11
124069 	 113401 	 0.40 	 0.11
124069 	 119680 	 0.43 	 0.18
124069 	 100225 	 0.49 	 0.11
124069 	  76155 	 0.43 	 0.11
124069 	 106205 	 0.44 	 0.14
124069 	  96738 	 0.42 	 0.11
124069 	 117081 	 0.40 	 0.11
124069 	 102078 	 0.45 	 0.11
124069 	 113290 	 0.45 	 0.11
124069 	 119111 	 0.44 	 0.11
124069 	 115173 	 0.46 	 0.11
124069 	 125990 	 0.46 	 0.11
124069 	 107458 	 0.45 	 0.11
124069 	 102481 	 0.49 	 0.14
124069 	 120998 	 0.44 	 0.11
124069 	  95781 	 0.45 	 0.18
124069 	 116898 	 0.40 	 0.18
124069 	 119685 	 0.44 	 0.18
124069 	 103038 	 0.44 	 0.11
119890 	 118052 	 0.46 	 0.16
119890 	  96511 	 0.40 	 0.11
119890 	  50275 	 0.42 	 0.16
119890 	  91563 	 0.43 	 0.11
119890 	 100225 	 0.49 	 0.16
119890 	  52768 	 0.46 	 0.16
119890 	 109693 	 0.41 	 0.11
119890 	  70752 	 0.48 	 0.11
119890 	   8980 	 0.40 	 0.11
119890 	 130780 	 0.43 	 0.11
119890 	 107934 	 0.47 	 0.16
119890 	 110268 	 0.47 	 0.11
119890 	  94332 	 0.46 	 0.16
119890 	 102078 	 0.46 	 0.16
119890 	  53672 	 0.41 	 0.16
119890 	 108185 	 0.43 	 0.11
119890 	 119111 	 0.47 	 0.16
119890 	 101544 	 0.47 	 0.16
119890 	   5103 	 0.46 	 0.16
119890 	 116522 	 0.47 	 0.16
119890 	  91880 	 0.40 	 0.11
119890 	 114673 	 0.41 	 0.16
119890 	  73957 	 0.45 	 0.11
119890 	  79310 	 0.42 	 0.16
119890 	  99159 	 0.46 	 0.11
119890 	  37464 	 0.42 	 0.16
119890 	  93866 	 0.49 	 0.16
119890 	   2996 	 0.46 	 0.16
119890 	 117884 	 0.42 	 0.16
119890 	 105413 	 0.46 	 0.16
119890 	 124177 	 0.49 	 0.16
119890 	  65782 	 0.42 	 0.16
119890 	 119685 	 0.46 	 0.11
119890 	 118432 	 0.40 	 0.11
119890 	    514 	 0.46 	 0.16
119890 	 107890 	 0.48 	 0.16
119890 	 117213 	 0.45 	 0.11
119890 	 110898 	 0.42 	 0.16
119890 	 110974 	 0.42 	 0.16
119890 	 122171 	 0.44 	 0.16
119890 	  31394 	 0.41 	 0.11
119890 	   7303 	 0.48 	 0.10
119890 	  82242 	 0.48 	 0.16
119890 	 101850 	 0.46 	 0.16
119890 	 119270 	 0.41 	 0.11
119890 	 103038 	 0.49 	 0.16
119890 	  86131 	 0.41 	 0.11
127382 	 110641 	 0.47 	 0.18
127382 	  50275 	 0.43 	 0.11
127382 	 100225 	 0.48 	 0.11
127382 	  82555 	 0.47 	 0.11
127382 	  76155 	 0.44 	 0.11
127382 	 126626 	 0.41 	 0.18
127382 	  95603 	 0.41 	 0.11
127382 	 114535 	 0.49 	 0.11
127382 	 111407 	 0.43 	 0.11
127382 	  65863 	 0.46 	 0.11
127382 	 105970 	 0.45 	 0.11
127382 	  58481 	 0.46 	 0.11
127382 	  94785 	 0.46 	 0.11
127382 	 118768 	 0.45 	 0.11
127382 	  85142 	 0.41 	 0.11
127382 	  79310 	 0.40 	 0.11
127382 	 105413 	 0.46 	 0.11
127382 	 120346 	 0.43 	 0.11
127382 	   2267 	 0.46 	 0.11
127382 	 107890 	 0.47 	 0.11
127382 	  95790 	 0.44 	 0.11
127382 	  94005 	 0.49 	 0.11
127382 	 117950 	 0.47 	 0.11
127382 	  81503 	 0.41 	 0.11
127382 	   2268 	 0.49 	 0.11
127382 	  66563 	 0.49 	 0.11
127382 	 103733 	 0.43 	 0.11
127382 	   7854 	 0.49 	 0.11
 68575 	  50275 	 0.43 	 0.11
 68575 	 114621 	 0.40 	 0.11
 68575 	  95603 	 0.41 	 0.11
 68575 	 105970 	 0.45 	 0.11
 68575 	  79310 	 0.43 	 0.11
 68575 	 119717 	 0.41 	 0.11
 68575 	  95790 	 0.44 	 0.11
 68575 	 123976 	 0.46 	 0.11
 68575 	  92509 	 0.44 	 0.11
 68575 	 103733 	 0.43 	 0.11
117924 	 106567 	 0.44 	 0.11
117924 	 117976 	 0.42 	 0.16
117924 	  97838 	 0.41 	 0.16
117924 	 130780 	 0.41 	 0.11
117924 	  91848 	 0.47 	 0.16
117924 	 103813 	 0.42 	 0.16
117924 	 101160 	 0.43 	 0.11
117924 	 117081 	 0.44 	 0.16
117924 	   5646 	 0.40 	 0.11
117924 	 113290 	 0.48 	 0.16
117924 	 105815 	 0.43 	 0.16
117924 	 101892 	 0.49 	 0.16
117924 	 109370 	 0.49 	 0.11
117924 	 114673 	 0.40 	 0.16
117924 	 125990 	 0.45 	 0.16
117924 	 118768 	 0.46 	 0.16
117924 	 128974 	 0.40 	 0.11
117924 	  99159 	 0.46 	 0.11
117924 	 101673 	 0.48 	 0.16
117924 	 119112 	 0.44 	 0.11
117924 	  93866 	 0.41 	 0.16
117924 	  94602 	 0.41 	 0.10
117924 	 124477 	 0.41 	 0.11
117924 	 127221 	 0.45 	 0.16
117924 	 124177 	 0.41 	 0.16
117924 	  96223 	 0.42 	 0.16
117924 	 101486 	 0.41 	 0.11
117924 	 117213 	 0.46 	 0.11
117924 	 129747 	 0.49 	 0.16
117924 	 110974 	 0.42 	 0.16
117924 	 116540 	 0.44 	 0.16
128707 	 113401 	 0.43 	 0.11
128707 	 118052 	 0.41 	 0.11
128707 	 128397 	 0.49 	 0.14
128707 	  82555 	 0.46 	 0.11
128707 	 114621 	 0.45 	 0.11
128707 	  96738 	 0.43 	 0.11
128707 	 102078 	 0.41 	 0.11
128707 	 111407 	 0.48 	 0.11
128707 	 113290 	 0.41 	 0.11
128707 	  65863 	 0.48 	 0.11
128707 	 117951 	 0.43 	 0.11
128707 	 105970 	 0.41 	 0.11
128707 	 119111 	 0.43 	 0.11
128707 	 101544 	 0.48 	 0.11
128707 	 116522 	 0.40 	 0.11
128707 	 114673 	 0.41 	 0.11
128707 	 118768 	 0.41 	 0.11
128707 	  85142 	 0.43 	 0.11
128707 	 108174 	 0.45 	 0.11
128707 	 107489 	 0.46 	 0.11
128707 	 117884 	 0.46 	 0.11
128707 	 105413 	 0.48 	 0.11
128707 	  37931 	 0.43 	 0.11
128707 	 127221 	 0.46 	 0.11
128707 	 119717 	 0.45 	 0.11
128707 	   2267 	 0.48 	 0.11
128707 	 107890 	 0.49 	 0.11
128707 	 117950 	 0.41 	 0.11
128707 	 118234 	 0.42 	 0.11
128707 	  81503 	 0.43 	 0.11
128707 	  92509 	 0.46 	 0.11
128707 	 117924 	 0.41 	 0.11
 96495 	 113401 	 0.42 	 0.16
 96495 	  94927 	 0.44 	 0.11
 96495 	  93163 	 0.45 	 0.11
 96495 	 130665 	 0.41 	 0.11
 96495 	  82555 	 0.45 	 0.16
 96495 	  52768 	 0.42 	 0.16
 96495 	 110571 	 0.46 	 0.11
 96495 	 109693 	 0.47 	 0.11
 96495 	  70752 	 0.47 	 0.11
 96495 	   8980 	 0.46 	 0.11
 96495 	 113027 	 0.47 	 0.11
 96495 	  28241 	 0.44 	 0.16
 96495 	   7012 	 0.48 	 0.16
 96495 	  92865 	 0.49 	 0.11
 96495 	 114535 	 0.47 	 0.16
 96495 	 111407 	 0.41 	 0.16
 96495 	 113290 	 0.48 	 0.16
 96495 	 117951 	 0.42 	 0.16
 96495 	 105970 	 0.46 	 0.16
 96495 	 131017 	 0.40 	 0.11
 96495 	 130218 	 0.40 	 0.11
 96495 	 119111 	 0.45 	 0.16
 96495 	 105815 	 0.49 	 0.16
 96495 	 101892 	 0.49 	 0.16
 96495 	  85972 	 0.49 	 0.11
 96495 	  97207 	 0.49 	 0.11
 96495 	 116522 	 0.45 	 0.16
 96495 	   5133 	 0.43 	 0.16
 96495 	 108127 	 0.49 	 0.11
 96495 	 120065 	 0.44 	 0.11
 96495 	 114673 	 0.40 	 0.16
 96495 	 125990 	 0.43 	 0.16
 96495 	 129208 	 0.43 	 0.11
 96495 	  73957 	 0.45 	 0.11
 96495 	 118768 	 0.46 	 0.16
 96495 	  85142 	 0.42 	 0.16
 96495 	  79310 	 0.44 	 0.16
 96495 	 101365 	 0.49 	 0.11
 96495 	 105413 	 0.47 	 0.16
 96495 	  37931 	 0.42 	 0.16
 96495 	 105156 	 0.44 	 0.11
 96495 	  99213 	 0.45 	 0.11
 96495 	  98469 	 0.48 	 0.11
 96495 	 115258 	 0.47 	 0.11
 96495 	 120346 	 0.41 	 0.16
 96495 	 118432 	 0.48 	 0.11
 96495 	   2267 	 0.47 	 0.16
 96495 	  95350 	 0.47 	 0.11
 96495 	 101486 	 0.49 	 0.11
 96495 	  95513 	 0.46 	 0.11
 96495 	  94015 	 0.47 	 0.11
 96495 	  94005 	 0.47 	 0.16
 96495 	 117950 	 0.48 	 0.16
 96495 	 103091 	 0.49 	 0.11
 96495 	  58883 	 0.45 	 0.11
 96495 	 121157 	 0.45 	 0.11
 96495 	   2268 	 0.47 	 0.16
 96495 	   7303 	 0.40 	 0.10
 96495 	  92509 	 0.42 	 0.16
 96495 	  66563 	 0.47 	 0.16
 96495 	  77586 	 0.46 	 0.11
 96495 	 108254 	 0.44 	 0.16
 96495 	   7854 	 0.47 	 0.16
 96495 	  66058 	 0.47 	 0.11
 51984 	 108127 	 0.46 	 0.14
105872 	 130780 	 0.42 	 0.11
105872 	 110268 	 0.43 	 0.11
105872 	  95603 	 0.43 	 0.16
105872 	  91926 	 0.40 	 0.11
105872 	 101544 	 0.43 	 0.16
105872 	 105815 	 0.42 	 0.16
105872 	  94785 	 0.40 	 0.16
105872 	  99159 	 0.47 	 0.11
105872 	 120998 	 0.43 	 0.16
105872 	 107489 	 0.47 	 0.16
105872 	 105413 	 0.40 	 0.16
105872 	 127221 	 0.47 	 0.16
105872 	 119685 	 0.40 	 0.11
105872 	 107890 	 0.47 	 0.16
105872 	  95790 	 0.43 	 0.16
105872 	  92509 	 0.41 	 0.16
105872 	  77586 	 0.40 	 0.11
105872 	 103733 	 0.42 	 0.16
101248 	 113401 	 0.47 	 0.11
101248 	  96738 	 0.40 	 0.11
101248 	 124999 	 0.48 	 0.16
101248 	 113290 	 0.41 	 0.11
101248 	 107458 	 0.40 	 0.11
101248 	 127221 	 0.46 	 0.11
101248 	 110974 	 0.47 	 0.11
101248 	 101850 	 0.48 	 0.11
101248 	 103038 	 0.42 	 0.11
124765 	 102380 	 0.44 	 0.18
124765 	  99902 	 0.48 	 0.16
124765 	  85972 	 0.43 	 0.11
124765 	 101486 	 0.43 	 0.11
124765 	 122891 	 0.43 	 0.16
 95929 	 118052 	 0.44 	 0.16
 95929 	 100225 	 0.45 	 0.16
 95929 	 106302 	 0.48 	 0.11
 95929 	 109693 	 0.44 	 0.11
 95929 	 122022 	 0.43 	 0.11
 95929 	  91848 	 0.44 	 0.16
 95929 	  95603 	 0.47 	 0.16
 95929 	 117081 	 0.40 	 0.16
 95929 	 102078 	 0.47 	 0.16
 95929 	 127451 	 0.44 	 0.11
 95929 	 130218 	 0.46 	 0.11
 95929 	 119111 	 0.49 	 0.16
 95929 	 129644 	 0.43 	 0.11
 95929 	 101544 	 0.44 	 0.16
 95929 	 124419 	 0.49 	 0.11
 95929 	 122251 	 0.41 	 0.16
 95929 	  96012 	 0.48 	 0.11
 95929 	 111666 	 0.42 	 0.11
 95929 	 129208 	 0.47 	 0.11
 95929 	 118768 	 0.44 	 0.16
 95929 	 122945 	 0.44 	 0.11
 95929 	 119112 	 0.47 	 0.11
 95929 	   2251 	 0.40 	 0.11
 95929 	   1531 	 0.41 	 0.11
 95929 	  94602 	 0.48 	 0.10
 95929 	 124477 	 0.49 	 0.11
 95929 	  95781 	 0.41 	 0.11
 95929 	 124177 	 0.48 	 0.16
 95929 	 119717 	 0.47 	 0.16
 95929 	 119685 	 0.48 	 0.11
 95929 	  96223 	 0.47 	 0.16
 95929 	 118432 	 0.44 	 0.11
 95929 	  95790 	 0.47 	 0.16
 95929 	  95350 	 0.41 	 0.11
 95929 	 117950 	 0.42 	 0.16
 95929 	 124881 	 0.46 	 0.11
 95929 	 113610 	 0.43 	 0.11
 95929 	 116540 	 0.40 	 0.16
 95929 	 100172 	 0.41 	 0.11
 95929 	 103733 	 0.43 	 0.16
 95929 	 126048 	 0.49 	 0.11
 95929 	 124069 	 0.42 	 0.11
 95929 	 128707 	 0.43 	 0.11
 95929 	 101248 	 0.45 	 0.11
 90122 	 100225 	 0.47 	 0.11
 90122 	  95573 	 0.48 	 0.11
 90122 	 127649 	 0.41 	 0.14
 90122 	   4363 	 0.41 	 0.14
 90122 	 105815 	 0.42 	 0.11
 90122 	 116522 	 0.45 	 0.11
 90122 	 107458 	 0.40 	 0.11
 90122 	 127221 	 0.43 	 0.11
 90122 	 124177 	 0.47 	 0.11
 90122 	  28201 	 0.49 	 0.14
 90122 	 107890 	 0.49 	 0.11
 90122 	  95790 	 0.48 	 0.11
 90122 	  92509 	 0.45 	 0.11
 90122 	 103038 	 0.41 	 0.11
 90122 	  96495 	 0.46 	 0.11
