127102 	   9595 	 0.12 	 0.06
 50275 	   4793 	 0.10 	 0.10
 93163 	  81305 	 0.13 	 0.05
 92014 	   9595 	 0.10 	 0.05
 39079 	  81305 	 0.12 	 0.05
100225 	   9595 	 0.18 	 0.10
 95573 	   9595 	 0.15 	 0.10
 95573 	  81305 	 0.17 	 0.09
205919 	  50275 	 0.17 	 0.07
205919 	  91563 	 0.19 	 0.07
 78533 	  81305 	 0.12 	 0.10
 82555 	   4793 	 0.11 	 0.05
 82555 	 117976 	 0.12 	 0.08
 82555 	 205919 	 0.14 	 0.06
 82555 	  78533 	 0.17 	 0.06
 95182 	  50275 	 0.19 	 0.08
 95182 	  91563 	 0.16 	 0.08
 95182 	  82555 	 0.16 	 0.06
  2986 	  81305 	 0.11 	 0.08
  2986 	 205919 	 0.14 	 0.09
  5543 	   9595 	 0.11 	 0.06
  5543 	  81305 	 0.18 	 0.07
128844 	   9595 	 0.12 	 0.05
105200 	  88141 	 0.10 	 0.09
105200 	   4793 	 0.17 	 0.05
105200 	  81305 	 0.12 	 0.06
105200 	  62372 	 0.11 	 0.08
 15511 	 105200 	 0.16 	 0.10
 66388 	  82555 	 0.18 	 0.08
114621 	   9595 	 0.18 	 0.09
122022 	   9595 	 0.12 	 0.06
 18307 	  82555 	 0.12 	 0.06
 18307 	 105200 	 0.11 	 0.08
 96738 	   9595 	 0.18 	 0.09
130780 	   9595 	 0.15 	 0.10
107934 	   9595 	 0.19 	 0.08
105455 	   9595 	 0.13 	 0.09
  9967 	  82555 	 0.10 	 0.06
  9967 	 105200 	 0.19 	 0.05
113027 	  81305 	 0.16 	 0.06
 28241 	   9595 	 0.10 	 0.06
 28241 	  81305 	 0.14 	 0.07
 28241 	  62372 	 0.13 	 0.10
 28241 	   9967 	 0.19 	 0.09
130983 	   9595 	 0.12 	 0.05
 82246 	  88141 	 0.15 	 0.08
 82246 	   4793 	 0.17 	 0.09
 82246 	 102380 	 0.19 	 0.08
 82246 	 119680 	 0.19 	 0.09
 82246 	  78533 	 0.17 	 0.06
 82246 	 126869 	 0.18 	 0.09
 82246 	  62372 	 0.17 	 0.06
 82246 	  15511 	 0.19 	 0.08
 82246 	  18307 	 0.13 	 0.06
 82246 	 105455 	 0.18 	 0.09
 93171 	   9595 	 0.15 	 0.08
114379 	  81305 	 0.11 	 0.07
131151 	   9595 	 0.12 	 0.08
 51213 	  82555 	 0.11 	 0.06
 51213 	  28241 	 0.11 	 0.09
 65408 	  50275 	 0.11 	 0.07
 65408 	  91563 	 0.15 	 0.08
 65408 	  82555 	 0.11 	 0.05
 65408 	  52768 	 0.11 	 0.09
 65408 	 105200 	 0.17 	 0.06
 65408 	  28241 	 0.17 	 0.09
 29716 	  82555 	 0.16 	 0.06
 29716 	 105200 	 0.19 	 0.08
 29716 	  82246 	 0.19 	 0.07
 85402 	  82246 	 0.10 	 0.07
 95603 	   9595 	 0.13 	 0.10
 95603 	  81305 	 0.15 	 0.07
 63310 	  50275 	 0.16 	 0.10
 63310 	  82555 	 0.12 	 0.04
 63310 	 105200 	 0.19 	 0.07
 63310 	  28241 	 0.19 	 0.09
 63310 	  82246 	 0.18 	 0.09
 10217 	 113401 	 0.12 	 0.04
 10217 	  94908 	 0.17 	 0.07
 10217 	  92753 	 0.16 	 0.05
 10217 	  88141 	 0.17 	 0.06
 10217 	 127102 	 0.19 	 0.03
 10217 	  59539 	 0.11 	 0.04
 10217 	  39337 	 0.15 	 0.09
 10217 	 119680 	 0.17 	 0.05
 10217 	  39079 	 0.12 	 0.05
 10217 	  91563 	 0.15 	 0.02
 10217 	 100225 	 0.12 	 0.05
 10217 	 127242 	 0.16 	 0.06
 10217 	  78533 	 0.17 	 0.05
 10217 	  52768 	 0.14 	 0.06
 10217 	   2986 	 0.12 	 0.05
 10217 	   5543 	 0.17 	 0.05
 10217 	 128844 	 0.19 	 0.03
 10217 	 105200 	 0.17 	 0.05
 10217 	 114621 	 0.17 	 0.06
 10217 	  96738 	 0.12 	 0.04
 10217 	   8980 	 0.12 	 0.04
 10217 	 107934 	 0.19 	 0.05
 10217 	 129131 	 0.15 	 0.06
 10217 	 105455 	 0.11 	 0.03
 10217 	  28241 	 0.17 	 0.05
 10217 	 130983 	 0.19 	 0.03
 10217 	  82246 	 0.12 	 0.07
 10217 	  95603 	 0.16 	 0.04
 66308 	  85402 	 0.13 	 0.09
 91926 	  81305 	 0.11 	 0.06
 91926 	 205919 	 0.16 	 0.10
 91926 	  10217 	 0.15 	 0.04
  7012 	   9595 	 0.18 	 0.09
117081 	   9595 	 0.16 	 0.07
117081 	  78533 	 0.16 	 0.10
 92865 	   9595 	 0.14 	 0.08
 92865 	  10217 	 0.18 	 0.06
 92250 	   9595 	 0.11 	 0.05
 92250 	  88141 	 0.17 	 0.08
 92250 	  78533 	 0.18 	 0.07
 92250 	  10217 	 0.14 	 0.05
 82503 	 106567 	 0.19 	 0.09
 82503 	   4793 	 0.16 	 0.02
 82503 	 117976 	 0.12 	 0.06
 82503 	  81305 	 0.11 	 0.03
 82503 	  78533 	 0.15 	 0.04
 82503 	  62372 	 0.12 	 0.03
 82503 	  15511 	 0.18 	 0.04
 82503 	  18307 	 0.12 	 0.03
 82503 	   9967 	 0.18 	 0.01
 82503 	  51213 	 0.12 	 0.04
 82503 	  65408 	 0.18 	 0.03
 82503 	  29716 	 0.19 	 0.03
 82503 	  63310 	 0.16 	 0.02
 31490 	  82246 	 0.14 	 0.09
 69026 	  93163 	 0.10 	 0.09
 69026 	  39079 	 0.12 	 0.09
 69026 	  91563 	 0.11 	 0.06
 69026 	  95573 	 0.15 	 0.10
 69026 	   2986 	 0.13 	 0.09
 69026 	 105200 	 0.10 	 0.05
 69026 	 113027 	 0.16 	 0.07
 69026 	  28241 	 0.12 	 0.07
 69026 	  95603 	 0.13 	 0.08
 69026 	  91926 	 0.11 	 0.08
 69026 	  82503 	 0.11 	 0.02
114535 	  10217 	 0.18 	 0.06
 96113 	  81305 	 0.11 	 0.08
 96113 	  10217 	 0.16 	 0.04
 96113 	  69026 	 0.11 	 0.10
 51289 	  88141 	 0.12 	 0.06
 51289 	  81305 	 0.13 	 0.09
 51289 	  78533 	 0.17 	 0.07
 51289 	  62372 	 0.15 	 0.08
 51289 	  18307 	 0.14 	 0.08
 51289 	  51213 	 0.18 	 0.05
 51289 	  29716 	 0.19 	 0.09
111407 	  81305 	 0.10 	 0.05
111407 	  10217 	 0.14 	 0.04
111407 	  69026 	 0.12 	 0.07
113290 	  10217 	 0.14 	 0.04
100909 	  10217 	 0.12 	 0.04
 65863 	  81305 	 0.11 	 0.07
 53672 	 117976 	 0.14 	 0.09
 53672 	 127533 	 0.19 	 0.10
 53672 	  91848 	 0.18 	 0.08
 53672 	 101280 	 0.19 	 0.10
 53672 	 103813 	 0.12 	 0.09
 53672 	  10217 	 0.10 	 0.06
 53672 	  31490 	 0.17 	 0.08
 99477 	  82555 	 0.18 	 0.09
117951 	   9595 	 0.18 	 0.09
117951 	  10217 	 0.12 	 0.05
105970 	   9595 	 0.12 	 0.06
105970 	  81305 	 0.16 	 0.09
105970 	  10217 	 0.18 	 0.05
131017 	  10217 	 0.19 	 0.07
 44074 	   9595 	 0.10 	 0.09
 44074 	  81305 	 0.12 	 0.06
 44074 	 125052 	 0.19 	 0.10
 44074 	  10217 	 0.14 	 0.04
 44074 	  82503 	 0.17 	 0.03
 44074 	  51289 	 0.19 	 0.08
127855 	   9595 	 0.18 	 0.08
116115 	  10217 	 0.14 	 0.08
116115 	  66308 	 0.16 	 0.09
 85890 	  92250 	 0.11 	 0.09
 67362 	  85402 	 0.10 	 0.09
 67362 	  10217 	 0.12 	 0.05
 31770 	 100909 	 0.10 	 0.09
 93950 	   9595 	 0.16 	 0.07
 93950 	  10217 	 0.19 	 0.04
 58481 	  81305 	 0.16 	 0.06
 58481 	  69026 	 0.16 	 0.07
 58481 	  85890 	 0.10 	 0.09
 70646 	  81305 	 0.11 	 0.04
 70646 	  69026 	 0.13 	 0.07
 67846 	  82555 	 0.19 	 0.08
 81306 	  93163 	 0.12 	 0.09
 81306 	  91563 	 0.11 	 0.08
 81306 	 105200 	 0.13 	 0.07
 81306 	   8980 	 0.13 	 0.09
 81306 	 105455 	 0.13 	 0.09
 81306 	 113027 	 0.14 	 0.08
 81306 	  28241 	 0.17 	 0.07
 81306 	  95603 	 0.15 	 0.09
 81306 	  82503 	 0.14 	 0.02
 81306 	 111407 	 0.10 	 0.08
 81306 	  58481 	 0.19 	 0.07
 81306 	  70646 	 0.15 	 0.07
126216 	   9595 	 0.10 	 0.05
126216 	  81305 	 0.14 	 0.05
126216 	  95182 	 0.17 	 0.07
126216 	  65408 	 0.11 	 0.07
126216 	  10217 	 0.17 	 0.02
126216 	  69026 	 0.12 	 0.06
126216 	  81306 	 0.15 	 0.07
130986 	  10217 	 0.19 	 0.07
 94785 	  10217 	 0.18 	 0.06
104295 	  31770 	 0.10 	 0.08
124419 	   9595 	 0.14 	 0.09
124419 	  81306 	 0.17 	 0.09
102383 	  82246 	 0.18 	 0.10
  2332 	  81305 	 0.10 	 0.08
  2332 	 205919 	 0.18 	 0.08
  2332 	  82555 	 0.17 	 0.06
  2332 	 105200 	 0.18 	 0.09
  2332 	  82246 	 0.17 	 0.08
  2332 	  10217 	 0.11 	 0.07
  2332 	  92250 	 0.18 	 0.07
  2332 	  82503 	 0.15 	 0.04
  2332 	  69026 	 0.10 	 0.09
  2332 	  51289 	 0.17 	 0.06
  2332 	  81306 	 0.14 	 0.08
122251 	  82555 	 0.19 	 0.06
122251 	  10217 	 0.19 	 0.07
 68681 	  82246 	 0.12 	 0.06
 68681 	  10217 	 0.14 	 0.07
 68681 	  92250 	 0.14 	 0.08
125161 	  82555 	 0.16 	 0.04
125161 	 105200 	 0.19 	 0.06
125161 	  28241 	 0.17 	 0.07
125161 	  82503 	 0.17 	 0.02
125161 	  51289 	 0.19 	 0.09
 52894 	  81305 	 0.17 	 0.09
105733 	 205919 	 0.12 	 0.08
105733 	  95182 	 0.16 	 0.09
105733 	  10217 	 0.11 	 0.03
 72992 	  93163 	 0.12 	 0.07
 72992 	  39079 	 0.11 	 0.07
 72992 	  91563 	 0.10 	 0.07
 72992 	   5543 	 0.15 	 0.08
 72992 	 113027 	 0.15 	 0.07
 72992 	  82246 	 0.10 	 0.07
 72992 	 114379 	 0.11 	 0.09
 72992 	  92250 	 0.18 	 0.07
 72992 	  82503 	 0.11 	 0.03
 72992 	 114535 	 0.10 	 0.09
 72992 	  51289 	 0.12 	 0.05
 72992 	 111407 	 0.11 	 0.09
 72992 	  65863 	 0.12 	 0.04
 72992 	 105970 	 0.12 	 0.10
 72992 	  44074 	 0.13 	 0.10
 72992 	  67362 	 0.17 	 0.07
 72992 	  58481 	 0.15 	 0.08
 72992 	  70646 	 0.10 	 0.07
 72992 	  52894 	 0.12 	 0.06
 16479 	  82246 	 0.13 	 0.05
 16479 	  82503 	 0.10 	 0.03
 16479 	  51289 	 0.13 	 0.05
 16479 	  65863 	 0.12 	 0.09
 65887 	  50275 	 0.11 	 0.10
 65887 	 105200 	 0.17 	 0.07
 65887 	  28241 	 0.17 	 0.09
 65887 	  82246 	 0.14 	 0.10
 65887 	  82503 	 0.16 	 0.02
 65887 	  58481 	 0.17 	 0.06
 65887 	  70646 	 0.16 	 0.09
 65887 	 126216 	 0.17 	 0.09
 43129 	  81305 	 0.15 	 0.09
 43129 	  10217 	 0.19 	 0.07
  5103 	 205919 	 0.15 	 0.07
  5103 	  95182 	 0.15 	 0.10
  5103 	  65408 	 0.11 	 0.08
  5103 	  10217 	 0.14 	 0.03
 77153 	  88333 	 0.12 	 0.10
124080 	  10217 	 0.17 	 0.07
  8179 	   9595 	 0.10 	 0.09
116522 	   9595 	 0.11 	 0.08
116522 	  81305 	 0.15 	 0.08
116522 	  10217 	 0.16 	 0.05
116522 	  69026 	 0.15 	 0.08
116522 	  81306 	 0.11 	 0.08
  5133 	  81305 	 0.13 	 0.09
  5133 	  10217 	 0.15 	 0.04
 76449 	   9595 	 0.12 	 0.10
 76449 	  81305 	 0.10 	 0.08
 76449 	  82555 	 0.17 	 0.06
 76449 	 105200 	 0.16 	 0.09
 76449 	  82246 	 0.17 	 0.06
 76449 	  10217 	 0.17 	 0.06
 76449 	  92250 	 0.18 	 0.09
 76449 	  82503 	 0.15 	 0.03
 76449 	  51289 	 0.17 	 0.08
 51513 	 116115 	 0.10 	 0.08
103133 	   9595 	 0.18 	 0.08
108127 	  81305 	 0.16 	 0.06
108127 	  81306 	 0.12 	 0.10
108127 	  72992 	 0.15 	 0.09
120065 	  81305 	 0.14 	 0.08
120065 	  69026 	 0.12 	 0.10
120065 	  72992 	 0.11 	 0.09
 95336 	  66308 	 0.13 	 0.09
114673 	   9595 	 0.14 	 0.06
114673 	  69026 	 0.19 	 0.06
114673 	  75641 	 0.10 	 0.08
114673 	  72992 	 0.18 	 0.09
107568 	  82555 	 0.11 	 0.08
107568 	  28241 	 0.14 	 0.09
107568 	  82246 	 0.10 	 0.07
107568 	  90147 	 0.17 	 0.08
107568 	  82503 	 0.10 	 0.05
107568 	  51289 	 0.14 	 0.08
125990 	  53672 	 0.17 	 0.09
129208 	  82503 	 0.19 	 0.09
 73957 	  10217 	 0.18 	 0.05
118768 	  10217 	 0.18 	 0.09
 85142 	  72992 	 0.10 	 0.09
 69633 	  93163 	 0.10 	 0.06
 69633 	  39079 	 0.11 	 0.07
 69633 	 100225 	 0.13 	 0.09
 69633 	  95573 	 0.13 	 0.07
 69633 	   5543 	 0.14 	 0.07
 69633 	 122022 	 0.17 	 0.07
 69633 	  96738 	 0.19 	 0.08
 69633 	  70752 	 0.12 	 0.07
 69633 	   8980 	 0.12 	 0.07
 69633 	 130780 	 0.19 	 0.10
 69633 	 105455 	 0.10 	 0.06
 69633 	 113027 	 0.11 	 0.06
 69633 	  28241 	 0.14 	 0.06
 69633 	 114379 	 0.10 	 0.08
 69633 	 131151 	 0.14 	 0.06
 69633 	  95603 	 0.13 	 0.06
 69633 	 117081 	 0.17 	 0.07
 69633 	  92865 	 0.17 	 0.09
 69633 	  92250 	 0.15 	 0.05
 69633 	  96113 	 0.10 	 0.07
 69633 	 108185 	 0.19 	 0.08
 69633 	 117951 	 0.16 	 0.09
 69633 	 105970 	 0.16 	 0.08
 69633 	 131017 	 0.15 	 0.09
 69633 	  58481 	 0.14 	 0.05
 69633 	  70646 	 0.11 	 0.04
 69633 	 126216 	 0.12 	 0.04
 69633 	 124419 	 0.15 	 0.08
 69633 	 103296 	 0.14 	 0.09
 69633 	  43129 	 0.10 	 0.09
 69633 	  76449 	 0.10 	 0.09
 69633 	 103133 	 0.16 	 0.08
 69633 	 108127 	 0.10 	 0.07
 69633 	 114673 	 0.14 	 0.07
 79310 	   4793 	 0.13 	 0.08
 79310 	 205919 	 0.19 	 0.06
 79310 	  95182 	 0.16 	 0.08
 79310 	  51213 	 0.17 	 0.08
 79310 	  65408 	 0.13 	 0.07
 79310 	  63310 	 0.13 	 0.07
 79310 	 113290 	 0.19 	 0.09
 79310 	  81306 	 0.10 	 0.09
 79310 	  65887 	 0.10 	 0.09
 79310 	 107568 	 0.14 	 0.08
  3208 	  82555 	 0.17 	 0.06
  3208 	 129859 	 0.17 	 0.08
  3208 	  79310 	 0.18 	 0.09
 10274 	  50275 	 0.13 	 0.06
 10274 	  91563 	 0.15 	 0.06
 10274 	  78533 	 0.18 	 0.10
 10274 	  82555 	 0.10 	 0.06
 10274 	   2986 	 0.14 	 0.06
 10274 	 105200 	 0.17 	 0.05
 10274 	  82246 	 0.19 	 0.09
 10274 	  91926 	 0.14 	 0.08
 10274 	  82503 	 0.18 	 0.02
 10274 	  96113 	 0.14 	 0.07
 10274 	 111407 	 0.19 	 0.07
 10274 	  44074 	 0.13 	 0.09
 10274 	 126216 	 0.15 	 0.05
 10274 	  94785 	 0.13 	 0.09
 10274 	   2332 	 0.18 	 0.07
 10274 	 105733 	 0.14 	 0.09
 10274 	  43129 	 0.18 	 0.09
 10274 	   5103 	 0.11 	 0.06
 10274 	 116522 	 0.16 	 0.06
 10274 	   5133 	 0.18 	 0.09
 10274 	  79310 	 0.13 	 0.07
 79768 	  50275 	 0.12 	 0.07
 79768 	  93163 	 0.17 	 0.09
 79768 	  91563 	 0.12 	 0.08
 79768 	  82555 	 0.13 	 0.05
 79768 	  52768 	 0.10 	 0.09
 79768 	   2986 	 0.13 	 0.08
 79768 	 105200 	 0.14 	 0.05
 79768 	  28241 	 0.16 	 0.07
 79768 	  91926 	 0.11 	 0.08
 79768 	  82503 	 0.15 	 0.02
 79768 	  96113 	 0.15 	 0.10
 79768 	 111407 	 0.16 	 0.07
 79768 	  58481 	 0.18 	 0.06
 79768 	  70646 	 0.19 	 0.07
 79768 	 126216 	 0.19 	 0.06
 79768 	   2332 	 0.17 	 0.09
 79768 	 105733 	 0.11 	 0.09
 79768 	   5103 	 0.14 	 0.08
 79768 	 116522 	 0.15 	 0.07
 79768 	 120065 	 0.12 	 0.10
 79768 	  79310 	 0.12 	 0.08
 99159 	  10217 	 0.18 	 0.07
 66221 	  82555 	 0.16 	 0.05
 66221 	  28241 	 0.19 	 0.08
 66221 	  82246 	 0.18 	 0.07
 66221 	  82503 	 0.17 	 0.03
 66221 	  51289 	 0.19 	 0.09
 66221 	  79310 	 0.19 	 0.09
119617 	  82246 	 0.19 	 0.09
107458 	   9595 	 0.13 	 0.09
107458 	  81306 	 0.18 	 0.10
107458 	  69633 	 0.17 	 0.09
101673 	  82555 	 0.10 	 0.07
101673 	 105200 	 0.10 	 0.10
101673 	  82503 	 0.13 	 0.05
101673 	  51289 	 0.14 	 0.08
101673 	  53672 	 0.13 	 0.10
101673 	  79310 	 0.15 	 0.10
114259 	  82555 	 0.19 	 0.05
114259 	  10217 	 0.14 	 0.05
102481 	  10217 	 0.16 	 0.07
 37464 	  88141 	 0.10 	 0.07
 37464 	 117891 	 0.16 	 0.10
 37464 	  81305 	 0.10 	 0.07
 37464 	  62372 	 0.12 	 0.08
 37464 	  18307 	 0.12 	 0.07
 37464 	  51213 	 0.11 	 0.06
 37464 	  72992 	 0.10 	 0.06
 37464 	  16479 	 0.10 	 0.06
 37464 	 107568 	 0.12 	 0.08
 37464 	 125990 	 0.19 	 0.10
 37464 	 101673 	 0.14 	 0.09
108273 	  10217 	 0.11 	 0.04
108273 	  51513 	 0.11 	 0.08
  2996 	   4793 	 0.12 	 0.03
  2996 	 117976 	 0.12 	 0.05
  2996 	  78533 	 0.13 	 0.04
  2996 	  95182 	 0.17 	 0.05
  2996 	   9967 	 0.13 	 0.03
  2996 	  29716 	 0.12 	 0.02
  2996 	 103813 	 0.17 	 0.10
  2996 	  63310 	 0.15 	 0.03
  2996 	  10217 	 0.11 	 0.06
  2996 	   2332 	 0.16 	 0.03
  2996 	 122251 	 0.19 	 0.06
  2996 	 125161 	 0.13 	 0.03
  2996 	  65887 	 0.11 	 0.03
  2996 	 109370 	 0.19 	 0.07
  2996 	  76449 	 0.13 	 0.03
  2996 	  10274 	 0.13 	 0.04
  2996 	  79768 	 0.10 	 0.04
  2996 	  66221 	 0.17 	 0.03
  2996 	 114259 	 0.17 	 0.03
120998 	   9595 	 0.10 	 0.10
120998 	  10217 	 0.17 	 0.07
 15972 	  82555 	 0.12 	 0.06
 15972 	 105200 	 0.11 	 0.07
 15972 	  28241 	 0.13 	 0.10
 15972 	  82246 	 0.15 	 0.06
 15972 	  82503 	 0.12 	 0.03
 15972 	  51289 	 0.14 	 0.08
 15972 	  79310 	 0.11 	 0.10
 15972 	  37464 	 0.12 	 0.07
110588 	  10217 	 0.12 	 0.05
110588 	  53672 	 0.18 	 0.09
 92527 	   9595 	 0.12 	 0.07
 92527 	  81306 	 0.13 	 0.08
101749 	  31770 	 0.10 	 0.09
108174 	   4793 	 0.10 	 0.09
108174 	 205919 	 0.15 	 0.07
108174 	  95182 	 0.19 	 0.07
108174 	   9967 	 0.13 	 0.08
108174 	  65408 	 0.11 	 0.08
108174 	  63310 	 0.13 	 0.10
108174 	  10217 	 0.12 	 0.03
108174 	  65887 	 0.10 	 0.08
108174 	  10274 	 0.13 	 0.07
108174 	  79768 	 0.12 	 0.06
108174 	  66221 	 0.19 	 0.09
  2251 	  82246 	 0.15 	 0.09
103677 	  10217 	 0.17 	 0.07
  1531 	  10217 	 0.16 	 0.06
 90137 	 107568 	 0.15 	 0.08
 94602 	   9595 	 0.19 	 0.08
 82318 	  80076 	 0.13 	 0.10
 82318 	  78533 	 0.19 	 0.08
 82318 	  66388 	 0.11 	 0.08
 82318 	  51213 	 0.16 	 0.06
 82318 	 126721 	 0.18 	 0.09
 82318 	  31490 	 0.16 	 0.08
 82318 	  69026 	 0.19 	 0.09
 82318 	 129859 	 0.19 	 0.09
 82318 	  75641 	 0.11 	 0.08
 82318 	  85890 	 0.11 	 0.09
 82318 	  81306 	 0.16 	 0.07
 82318 	   2332 	 0.19 	 0.09
 82318 	  68681 	 0.14 	 0.08
 82318 	 103296 	 0.19 	 0.05
 82318 	  76449 	 0.19 	 0.08
 82318 	 107568 	 0.15 	 0.06
 82318 	  79768 	 0.19 	 0.08
 64266 	 106567 	 0.16 	 0.03
 64266 	 127102 	 0.10 	 0.02
 64266 	  96511 	 0.15 	 0.02
 64266 	   4793 	 0.12 	 0.04
 64266 	 128397 	 0.10 	 0.04
 64266 	  78533 	 0.13 	 0.02
 64266 	 126869 	 0.14 	 0.04
 64266 	  82555 	 0.11 	 0.04
 64266 	  95182 	 0.13 	 0.08
 64266 	  52768 	 0.13 	 0.02
 64266 	   2986 	 0.14 	 0.02
 64266 	   5543 	 0.10 	 0.02
 64266 	  80370 	 0.13 	 0.03
 64266 	  62372 	 0.11 	 0.02
 64266 	  76155 	 0.12 	 0.04
 64266 	 128844 	 0.10 	 0.01
 64266 	 105200 	 0.11 	 0.05
 64266 	 114621 	 0.11 	 0.03
 64266 	 109693 	 0.11 	 0.02
 64266 	  18307 	 0.11 	 0.02
 64266 	  91848 	 0.10 	 0.06
 64266 	   9967 	 0.14 	 0.04
 64266 	  28241 	 0.14 	 0.03
 64266 	 130983 	 0.10 	 0.01
 64266 	  82246 	 0.14 	 0.03
 64266 	  51213 	 0.11 	 0.03
 64266 	 102278 	 0.10 	 0.02
 64266 	  65408 	 0.14 	 0.09
 64266 	  29716 	 0.11 	 0.02
 64266 	 110268 	 0.11 	 0.04
 64266 	 101160 	 0.12 	 0.04
 64266 	  90147 	 0.14 	 0.06
 64266 	  91926 	 0.10 	 0.01
 64266 	   7012 	 0.10 	 0.03
 64266 	 117081 	 0.12 	 0.06
 64266 	  92865 	 0.10 	 0.04
 64266 	  92250 	 0.10 	 0.03
 64266 	  94332 	 0.17 	 0.05
 64266 	  69026 	 0.13 	 0.10
 64266 	 114535 	 0.12 	 0.02
 64266 	  96113 	 0.11 	 0.02
 64266 	 102078 	 0.10 	 0.04
 64266 	  51289 	 0.13 	 0.05
 64266 	 122840 	 0.12 	 0.04
 64266 	  65863 	 0.15 	 0.02
 64266 	  53672 	 0.14 	 0.04
 64266 	 105970 	 0.13 	 0.03
 64266 	 131017 	 0.12 	 0.03
 64266 	 116115 	 0.11 	 0.03
 64266 	  67362 	 0.14 	 0.02
 64266 	 119111 	 0.10 	 0.05
 64266 	  58481 	 0.14 	 0.03
 64266 	  70646 	 0.10 	 0.02
 64266 	 101544 	 0.10 	 0.04
 64266 	 118363 	 0.10 	 0.02
 64266 	  67846 	 0.11 	 0.04
 64266 	  53106 	 0.10 	 0.02
 64266 	 105815 	 0.10 	 0.05
 64266 	  81306 	 0.11 	 0.08
 64266 	 101892 	 0.13 	 0.02
 64266 	 126216 	 0.11 	 0.01
 64266 	  85972 	 0.10 	 0.03
 64266 	  94785 	 0.12 	 0.03
 64266 	   2332 	 0.13 	 0.02
 64266 	  52894 	 0.12 	 0.01
 64266 	 103296 	 0.15 	 0.03
 64266 	  72992 	 0.12 	 0.08
 64266 	  16479 	 0.13 	 0.03
 64266 	  65887 	 0.10 	 0.05
 64266 	  43129 	 0.12 	 0.02
 64266 	   8179 	 0.15 	 0.03
 64266 	 109370 	 0.12 	 0.04
 64266 	  97207 	 0.10 	 0.03
 64266 	   5133 	 0.12 	 0.02
 64266 	  76449 	 0.13 	 0.02
 64266 	  91880 	 0.12 	 0.05
 64266 	 114673 	 0.15 	 0.04
 64266 	 129208 	 0.13 	 0.03
 64266 	 118768 	 0.10 	 0.04
 64266 	  85142 	 0.13 	 0.03
 64266 	  79310 	 0.11 	 0.02
 64266 	 101365 	 0.12 	 0.04
 64266 	   3208 	 0.17 	 0.04
 64266 	  79768 	 0.13 	 0.09
 64266 	  99159 	 0.10 	 0.03
 64266 	 119617 	 0.15 	 0.03
 64266 	 107458 	 0.12 	 0.05
 64266 	 101673 	 0.11 	 0.04
 64266 	 114259 	 0.18 	 0.02
 64266 	   2524 	 0.11 	 0.02
 64266 	  37464 	 0.17 	 0.04
 64266 	  93866 	 0.14 	 0.06
 64266 	 108273 	 0.12 	 0.02
 64266 	   2996 	 0.13 	 0.03
 64266 	  15972 	 0.11 	 0.02
 64266 	  90137 	 0.14 	 0.06
 58632 	   9595 	 0.11 	 0.09
 58632 	  69633 	 0.11 	 0.07
 58632 	  82318 	 0.17 	 0.06
 83275 	  64266 	 0.13 	 0.04
115220 	   9595 	 0.19 	 0.09
107489 	  88141 	 0.14 	 0.09
107489 	   4793 	 0.16 	 0.10
107489 	  81305 	 0.13 	 0.10
107489 	  65408 	 0.14 	 0.07
107489 	  69026 	 0.13 	 0.09
107489 	  81306 	 0.11 	 0.07
107489 	  65887 	 0.14 	 0.09
107489 	  76449 	 0.17 	 0.09
107489 	 107568 	 0.18 	 0.09
107489 	  10274 	 0.16 	 0.05
107489 	  79768 	 0.13 	 0.07
 58416 	  82318 	 0.17 	 0.06
 52786 	  81305 	 0.12 	 0.04
 52786 	  69026 	 0.12 	 0.08
 52786 	  72992 	 0.11 	 0.06
 52786 	  79768 	 0.17 	 0.09
 16404 	  50275 	 0.10 	 0.05
 16404 	  93163 	 0.12 	 0.08
 16404 	  91563 	 0.10 	 0.07
 16404 	 100225 	 0.17 	 0.10
 16404 	  95573 	 0.15 	 0.08
 16404 	 105200 	 0.13 	 0.06
 16404 	  70752 	 0.13 	 0.10
 16404 	   8980 	 0.12 	 0.08
 16404 	 105455 	 0.13 	 0.08
 16404 	 113027 	 0.16 	 0.06
 16404 	  28241 	 0.13 	 0.07
 16404 	  95603 	 0.15 	 0.07
 16404 	  82503 	 0.12 	 0.02
 16404 	  96113 	 0.11 	 0.08
 16404 	 111407 	 0.10 	 0.08
 16404 	 105970 	 0.17 	 0.10
 16404 	  58481 	 0.15 	 0.07
 16404 	  70646 	 0.14 	 0.07
 16404 	 101892 	 0.17 	 0.09
 16404 	 126216 	 0.15 	 0.06
 16404 	 124419 	 0.16 	 0.08
 16404 	   2332 	 0.14 	 0.07
 16404 	   5103 	 0.10 	 0.07
 16404 	 116522 	 0.12 	 0.07
 16404 	   5133 	 0.14 	 0.08
 16404 	 103133 	 0.18 	 0.07
 16404 	 108127 	 0.10 	 0.08
 16404 	   2996 	 0.10 	 0.04
 16404 	  92527 	 0.12 	 0.08
 16404 	  82318 	 0.16 	 0.06
 16404 	 107489 	 0.11 	 0.05
 16404 	  52786 	 0.11 	 0.10
117884 	  10217 	 0.17 	 0.07
105413 	   4793 	 0.11 	 0.09
105413 	 205919 	 0.16 	 0.07
105413 	  95182 	 0.18 	 0.08
105413 	  91848 	 0.19 	 0.10
105413 	   9967 	 0.14 	 0.09
105413 	  65408 	 0.11 	 0.08
105413 	  63310 	 0.13 	 0.08
105413 	  65887 	 0.11 	 0.09
105413 	   3208 	 0.16 	 0.09
105413 	  10274 	 0.13 	 0.08
105413 	  79768 	 0.14 	 0.08
 81262 	  91563 	 0.11 	 0.04
 81262 	  95573 	 0.18 	 0.06
 81262 	  78533 	 0.13 	 0.08
 81262 	   2986 	 0.10 	 0.05
 81262 	   5543 	 0.17 	 0.08
 81262 	 105200 	 0.11 	 0.05
 81262 	  28241 	 0.17 	 0.06
 81262 	  95603 	 0.18 	 0.05
 81262 	  82503 	 0.14 	 0.03
 81262 	 114535 	 0.10 	 0.08
 81262 	  96113 	 0.10 	 0.06
 81262 	  51289 	 0.16 	 0.09
 81262 	 111407 	 0.13 	 0.07
 81262 	  65863 	 0.11 	 0.08
 81262 	  58481 	 0.17 	 0.06
 81262 	  70646 	 0.18 	 0.04
 81262 	 126216 	 0.15 	 0.04
 81262 	   2332 	 0.11 	 0.08
 81262 	  52894 	 0.12 	 0.06
 81262 	  43129 	 0.14 	 0.08
 81262 	   8179 	 0.11 	 0.09
 81262 	 116522 	 0.10 	 0.06
 81262 	   5133 	 0.13 	 0.06
 81262 	  76449 	 0.11 	 0.09
 81262 	 120065 	 0.11 	 0.07
 81262 	  37464 	 0.15 	 0.08
 81262 	  82318 	 0.13 	 0.10
 81262 	 107489 	 0.10 	 0.07
 81262 	  52786 	 0.14 	 0.05
 48486 	  88141 	 0.13 	 0.08
 48486 	   4793 	 0.13 	 0.04
 48486 	  81305 	 0.12 	 0.04
 48486 	 205919 	 0.17 	 0.05
 48486 	  80076 	 0.18 	 0.09
 48486 	  78533 	 0.18 	 0.08
 48486 	  62372 	 0.13 	 0.08
 48486 	  18307 	 0.11 	 0.08
 48486 	   9967 	 0.17 	 0.04
 48486 	  29716 	 0.15 	 0.08
 48486 	  63310 	 0.17 	 0.06
 48486 	  10217 	 0.14 	 0.03
 48486 	  69026 	 0.14 	 0.03
 48486 	   2332 	 0.18 	 0.08
 48486 	 125161 	 0.17 	 0.05
 48486 	  72992 	 0.11 	 0.07
 48486 	  16479 	 0.12 	 0.07
 48486 	  65887 	 0.17 	 0.05
 48486 	 109370 	 0.18 	 0.09
 48486 	  76449 	 0.18 	 0.08
 48486 	 107568 	 0.11 	 0.05
 48486 	 129208 	 0.18 	 0.09
 48486 	  10274 	 0.13 	 0.03
 48486 	  66221 	 0.19 	 0.07
 48486 	 101673 	 0.15 	 0.10
 48486 	  15972 	 0.13 	 0.08
 48486 	  94602 	 0.18 	 0.09
 48486 	  64266 	 0.11 	 0.01
 37931 	 113401 	 0.17 	 0.06
 37931 	 117976 	 0.10 	 0.05
 37931 	 205919 	 0.13 	 0.05
 37931 	  80076 	 0.19 	 0.07
 37931 	  78533 	 0.19 	 0.05
 37931 	 126869 	 0.19 	 0.07
 37931 	  95182 	 0.13 	 0.03
 37931 	  62372 	 0.10 	 0.05
 37931 	  15511 	 0.10 	 0.08
 37931 	  66388 	 0.14 	 0.07
 37931 	 127533 	 0.14 	 0.06
 37931 	 109693 	 0.18 	 0.10
 37931 	  18307 	 0.10 	 0.05
 37931 	  91848 	 0.15 	 0.07
 37931 	  29716 	 0.12 	 0.06
 37931 	 101280 	 0.12 	 0.06
 37931 	 103813 	 0.13 	 0.10
 37931 	 101160 	 0.17 	 0.10
 37931 	  63310 	 0.13 	 0.03
 37931 	 113290 	 0.16 	 0.06
 37931 	  72459 	 0.14 	 0.09
 37931 	  67846 	 0.16 	 0.08
 37931 	  53106 	 0.18 	 0.06
 37931 	   2332 	 0.13 	 0.07
 37931 	 122251 	 0.17 	 0.06
 37931 	 125161 	 0.15 	 0.04
 37931 	   2911 	 0.16 	 0.10
 37931 	 130217 	 0.14 	 0.06
 37931 	 109370 	 0.13 	 0.07
 37931 	  76449 	 0.13 	 0.07
 37931 	 125990 	 0.14 	 0.05
 37931 	 129208 	 0.15 	 0.07
 37931 	 128974 	 0.18 	 0.06
 37931 	   3208 	 0.16 	 0.04
 37931 	  66221 	 0.19 	 0.05
 37931 	  96900 	 0.16 	 0.06
 37931 	  93866 	 0.18 	 0.08
 37931 	  15972 	 0.10 	 0.05
 37931 	   1531 	 0.17 	 0.07
 37931 	  94602 	 0.11 	 0.07
101648 	  82246 	 0.16 	 0.09
111297 	   9595 	 0.19 	 0.08
111297 	  82555 	 0.13 	 0.05
111297 	  82246 	 0.14 	 0.05
111297 	  82503 	 0.15 	 0.03
111297 	   2996 	 0.11 	 0.03
111297 	  82318 	 0.15 	 0.06
111297 	  64266 	 0.10 	 0.02
111297 	 107489 	 0.17 	 0.09
111297 	  48486 	 0.16 	 0.07
111297 	  37931 	 0.17 	 0.06
127221 	   9595 	 0.19 	 0.08
127221 	  10217 	 0.15 	 0.04
127221 	  69633 	 0.17 	 0.08
106697 	   9595 	 0.18 	 0.10
106697 	  31770 	 0.10 	 0.08
 74286 	  81305 	 0.10 	 0.09
 74286 	  82555 	 0.17 	 0.06
 74286 	 105200 	 0.16 	 0.09
 74286 	  82246 	 0.17 	 0.06
 74286 	  10217 	 0.17 	 0.06
 74286 	  92250 	 0.18 	 0.09
 74286 	  82503 	 0.15 	 0.03
 74286 	  51289 	 0.17 	 0.08
 74286 	   2996 	 0.13 	 0.03
 74286 	  82318 	 0.19 	 0.08
 74286 	  64266 	 0.13 	 0.02
 74286 	  48486 	 0.18 	 0.08
 74286 	  37931 	 0.13 	 0.07
 27623 	   4793 	 0.14 	 0.09
 27623 	  81305 	 0.11 	 0.05
 27623 	  65408 	 0.16 	 0.07
 27623 	  10217 	 0.16 	 0.03
 27623 	  69026 	 0.10 	 0.06
 27623 	  81306 	 0.11 	 0.07
 27623 	  10274 	 0.16 	 0.07
 27623 	  79768 	 0.15 	 0.07
 27623 	  16404 	 0.12 	 0.07
 27623 	  81262 	 0.10 	 0.06
 34379 	  78533 	 0.13 	 0.04
 34379 	  18307 	 0.18 	 0.06
 34379 	  85402 	 0.12 	 0.08
 34379 	  44074 	 0.15 	 0.04
 34379 	   2332 	 0.13 	 0.06
 34379 	 105733 	 0.19 	 0.08
 34379 	 103296 	 0.17 	 0.06
 34379 	  76449 	 0.13 	 0.05
 34379 	  74286 	 0.13 	 0.05
124177 	   9595 	 0.17 	 0.10
124177 	  10217 	 0.17 	 0.04
124177 	  69633 	 0.18 	 0.08
124177 	  16404 	 0.19 	 0.09
 65782 	  85402 	 0.10 	 0.10
 65782 	  64266 	 0.17 	 0.06
116898 	  69633 	 0.10 	 0.07
116898 	  82318 	 0.15 	 0.09
116898 	  16404 	 0.12 	 0.09
100142 	  18307 	 0.12 	 0.10
100142 	  15972 	 0.12 	 0.10
100142 	  64266 	 0.12 	 0.06
 28201 	  64266 	 0.11 	 0.02
105156 	   9595 	 0.10 	 0.07
105156 	  69633 	 0.10 	 0.08
119717 	  64266 	 0.12 	 0.03
119685 	   9595 	 0.19 	 0.08
119685 	  10217 	 0.14 	 0.04
119685 	  69633 	 0.14 	 0.06
121308 	  81305 	 0.10 	 0.07
121308 	  72992 	 0.10 	 0.09
121308 	  64266 	 0.11 	 0.02
128471 	  10217 	 0.14 	 0.06
128471 	  53672 	 0.18 	 0.10
 77148 	  92753 	 0.10 	 0.10
 77148 	 114621 	 0.10 	 0.10
 77148 	  88333 	 0.15 	 0.10
 77148 	   7012 	 0.11 	 0.09
 77148 	 129134 	 0.11 	 0.09
 77148 	 105815 	 0.11 	 0.09
 77148 	 115173 	 0.12 	 0.09
 77148 	 104295 	 0.12 	 0.10
 77148 	  92527 	 0.10 	 0.09
 77148 	  64266 	 0.11 	 0.07
 77148 	 115220 	 0.12 	 0.09
 77148 	 127221 	 0.14 	 0.08
 77148 	 106697 	 0.11 	 0.10
 77148 	 124177 	 0.11 	 0.08
 96223 	  82555 	 0.17 	 0.07
 96223 	 105200 	 0.18 	 0.09
 96223 	  82503 	 0.17 	 0.06
 96223 	  53672 	 0.16 	 0.08
 96223 	   2996 	 0.17 	 0.07
 96223 	  37931 	 0.15 	 0.07
 70314 	  50275 	 0.13 	 0.07
 70314 	  91563 	 0.13 	 0.08
 70314 	  82555 	 0.12 	 0.06
 70314 	   2986 	 0.16 	 0.10
 70314 	 105200 	 0.15 	 0.07
 70314 	  28241 	 0.17 	 0.09
 70314 	  82503 	 0.18 	 0.02
 70314 	  96113 	 0.18 	 0.09
 70314 	 126216 	 0.13 	 0.08
 70314 	   2332 	 0.18 	 0.09
 70314 	   5103 	 0.13 	 0.09
 70314 	 116522 	 0.16 	 0.09
 70314 	  79310 	 0.13 	 0.10
 70314 	   2996 	 0.13 	 0.06
 70314 	 108174 	 0.11 	 0.08
 70314 	 107489 	 0.16 	 0.06
 70314 	 105413 	 0.13 	 0.09
 70314 	  48486 	 0.15 	 0.04
 70314 	  37931 	 0.11 	 0.07
 70314 	  27623 	 0.16 	 0.08
  3715 	  81305 	 0.10 	 0.09
  3715 	  10217 	 0.14 	 0.03
  3715 	  72992 	 0.10 	 0.08
 69513 	  64266 	 0.11 	 0.03
126248 	  10217 	 0.15 	 0.05
102995 	   9595 	 0.18 	 0.10
102995 	  31770 	 0.10 	 0.08
102995 	  77148 	 0.10 	 0.09
120346 	  37464 	 0.18 	 0.07
120346 	  64266 	 0.11 	 0.05
120346 	  48486 	 0.19 	 0.09
118432 	  10217 	 0.18 	 0.08
  2267 	  88141 	 0.17 	 0.08
  2267 	  78533 	 0.19 	 0.08
  2267 	  18307 	 0.18 	 0.09
  2267 	  51213 	 0.14 	 0.08
  2267 	   2332 	 0.19 	 0.08
  2267 	  68681 	 0.12 	 0.09
  2267 	  76449 	 0.19 	 0.08
  2267 	 107568 	 0.12 	 0.09
  2267 	  79768 	 0.17 	 0.10
  2267 	  15972 	 0.18 	 0.09
  2267 	  64266 	 0.12 	 0.05
  2267 	  16404 	 0.16 	 0.09
  2267 	  81262 	 0.16 	 0.08
  2267 	 111297 	 0.19 	 0.09
  2267 	  74286 	 0.19 	 0.08
   514 	  88141 	 0.12 	 0.07
   514 	   4793 	 0.16 	 0.09
   514 	  81305 	 0.10 	 0.09
   514 	  62372 	 0.14 	 0.07
   514 	  18307 	 0.14 	 0.08
   514 	   9967 	 0.18 	 0.09
   514 	  65408 	 0.18 	 0.09
   514 	  29716 	 0.18 	 0.08
   514 	  63310 	 0.19 	 0.08
   514 	  10217 	 0.14 	 0.04
   514 	  72992 	 0.10 	 0.06
   514 	  16479 	 0.10 	 0.09
   514 	  65887 	 0.16 	 0.09
   514 	  10274 	 0.15 	 0.07
   514 	  79768 	 0.10 	 0.09
   514 	  66221 	 0.17 	 0.07
   514 	 101673 	 0.12 	 0.09
   514 	 114259 	 0.17 	 0.07
   514 	  15972 	 0.12 	 0.08
   514 	  64266 	 0.13 	 0.03
   514 	  16404 	 0.10 	 0.09
   514 	 111297 	 0.13 	 0.09
 82463 	  91563 	 0.11 	 0.06
 82463 	   2986 	 0.14 	 0.08
 82463 	 105200 	 0.13 	 0.06
 82463 	 105455 	 0.17 	 0.06
 82463 	  28241 	 0.17 	 0.06
 82463 	  29716 	 0.18 	 0.10
 82463 	  95603 	 0.16 	 0.07
 82463 	  91926 	 0.10 	 0.06
 82463 	  82503 	 0.14 	 0.04
 82463 	 114535 	 0.13 	 0.10
 82463 	  96113 	 0.18 	 0.08
 82463 	  51289 	 0.16 	 0.09
 82463 	 111407 	 0.13 	 0.05
 82463 	  65863 	 0.11 	 0.06
 82463 	 105970 	 0.15 	 0.09
 82463 	  44074 	 0.13 	 0.06
 82463 	  67362 	 0.12 	 0.08
 82463 	  58481 	 0.17 	 0.06
 82463 	  70646 	 0.18 	 0.05
 82463 	 126216 	 0.15 	 0.05
 82463 	   2332 	 0.11 	 0.09
 82463 	   5133 	 0.13 	 0.10
 82463 	  76449 	 0.11 	 0.09
 82463 	  92527 	 0.17 	 0.05
 82463 	  48486 	 0.13 	 0.03
 82463 	  27623 	 0.12 	 0.05
 82463 	 121308 	 0.12 	 0.08
 82463 	   3715 	 0.13 	 0.10
 82463 	    514 	 0.11 	 0.09
115465 	   9595 	 0.19 	 0.09
115465 	  10217 	 0.19 	 0.05
107890 	   9595 	 0.11 	 0.07
107890 	  69026 	 0.18 	 0.09
107890 	  72992 	 0.17 	 0.08
107890 	  16404 	 0.12 	 0.10
107890 	  81262 	 0.15 	 0.07
 95790 	   9595 	 0.12 	 0.10
 95790 	  81305 	 0.10 	 0.08
 95790 	  65408 	 0.16 	 0.09
 95790 	  10217 	 0.16 	 0.04
 95790 	  69026 	 0.10 	 0.10
 95790 	  81306 	 0.14 	 0.10
 95790 	  10274 	 0.18 	 0.06
 95790 	  79768 	 0.17 	 0.09
 95790 	  16404 	 0.14 	 0.07
 95790 	  81262 	 0.12 	 0.05
 95790 	  70314 	 0.18 	 0.08
 95790 	  82463 	 0.16 	 0.07
 95350 	  64266 	 0.11 	 0.03
 48728 	  39337 	 0.15 	 0.08
 48728 	  93163 	 0.14 	 0.03
 48728 	  91563 	 0.11 	 0.03
 48728 	  95573 	 0.18 	 0.04
 48728 	  78533 	 0.13 	 0.06
 48728 	   2986 	 0.10 	 0.05
 48728 	   5543 	 0.19 	 0.06
 48728 	  80370 	 0.16 	 0.08
 48728 	 105200 	 0.13 	 0.05
 48728 	  28241 	 0.11 	 0.05
 48728 	  82246 	 0.10 	 0.08
 48728 	 114379 	 0.14 	 0.07
 48728 	  95603 	 0.16 	 0.04
 48728 	  82503 	 0.12 	 0.04
 48728 	 114535 	 0.10 	 0.06
 48728 	  96113 	 0.12 	 0.04
 48728 	  51289 	 0.16 	 0.08
 48728 	 111407 	 0.13 	 0.05
 48728 	  65863 	 0.11 	 0.06
 48728 	 116115 	 0.11 	 0.08
 48728 	  58481 	 0.17 	 0.05
 48728 	  70646 	 0.18 	 0.03
 48728 	 126216 	 0.15 	 0.03
 48728 	  94785 	 0.10 	 0.06
 48728 	   2332 	 0.11 	 0.08
 48728 	  52894 	 0.12 	 0.04
 48728 	 103296 	 0.18 	 0.09
 48728 	  43129 	 0.12 	 0.07
 48728 	   8179 	 0.13 	 0.07
 48728 	 116522 	 0.10 	 0.05
 48728 	   5133 	 0.13 	 0.05
 48728 	  76449 	 0.11 	 0.07
 48728 	 120065 	 0.11 	 0.05
 48728 	  85142 	 0.13 	 0.08
 48728 	  79310 	 0.11 	 0.07
 48728 	 101365 	 0.16 	 0.09
 48728 	  37464 	 0.15 	 0.08
 48728 	 120998 	 0.13 	 0.07
 48728 	  82318 	 0.16 	 0.10
 48728 	 107489 	 0.10 	 0.07
 48728 	  52786 	 0.14 	 0.05
 48728 	  74286 	 0.11 	 0.07
 48728 	  27623 	 0.12 	 0.05
 48728 	   2267 	 0.16 	 0.09
 48728 	 107890 	 0.15 	 0.05
 48728 	  95790 	 0.14 	 0.04
109399 	 205919 	 0.17 	 0.09
109399 	  65408 	 0.15 	 0.07
109399 	  10217 	 0.17 	 0.03
109399 	  10274 	 0.13 	 0.09
109399 	  79768 	 0.16 	 0.09
109399 	  15972 	 0.11 	 0.10
109399 	  82463 	 0.11 	 0.07
 86335 	 105200 	 0.10 	 0.08
 86335 	  28241 	 0.11 	 0.07
 86335 	  82246 	 0.14 	 0.07
 86335 	  92250 	 0.18 	 0.09
 86335 	  82503 	 0.11 	 0.03
 86335 	  51289 	 0.14 	 0.07
 86335 	  65863 	 0.12 	 0.09
 86335 	  58481 	 0.15 	 0.10
 86335 	  70646 	 0.10 	 0.10
 86335 	  37464 	 0.10 	 0.05
 86335 	  64266 	 0.10 	 0.04
 86335 	  52786 	 0.11 	 0.10
 86335 	  48486 	 0.10 	 0.06
 86335 	    514 	 0.10 	 0.07
 61797 	 105200 	 0.10 	 0.08
 61797 	  28241 	 0.11 	 0.07
 61797 	  82246 	 0.12 	 0.07
 61797 	  82503 	 0.11 	 0.02
 61797 	  65863 	 0.10 	 0.09
 61797 	  64266 	 0.10 	 0.05
 61797 	  48486 	 0.10 	 0.05
 61797 	    514 	 0.11 	 0.09
 94015 	   9595 	 0.13 	 0.07
 94015 	  69026 	 0.18 	 0.08
 94015 	  81306 	 0.16 	 0.09
 94015 	  69633 	 0.15 	 0.06
 94015 	  64266 	 0.11 	 0.02
117213 	   9595 	 0.10 	 0.07
117213 	  81305 	 0.15 	 0.08
117213 	  10217 	 0.14 	 0.03
117213 	  69026 	 0.15 	 0.10
117213 	  72992 	 0.12 	 0.08
117213 	  69633 	 0.13 	 0.06
117213 	  64266 	 0.12 	 0.01
117213 	  16404 	 0.14 	 0.09
117213 	  81262 	 0.16 	 0.05
117213 	  48728 	 0.18 	 0.03
 94005 	  81305 	 0.11 	 0.09
 94005 	  10217 	 0.18 	 0.05
 94005 	  72992 	 0.12 	 0.08
 94005 	  64266 	 0.12 	 0.02
 94005 	  81262 	 0.11 	 0.07
 94005 	  82463 	 0.13 	 0.09
 94005 	  48728 	 0.10 	 0.06
123976 	   9595 	 0.12 	 0.08
123976 	  81305 	 0.13 	 0.09
123976 	  10217 	 0.16 	 0.04
123976 	  69026 	 0.13 	 0.10
123976 	  69633 	 0.13 	 0.08
123976 	  16404 	 0.15 	 0.09
123976 	  81262 	 0.18 	 0.07
123976 	  82463 	 0.18 	 0.09
123976 	  48728 	 0.18 	 0.05
 18023 	   9595 	 0.14 	 0.07
 18023 	  10217 	 0.18 	 0.05
 18023 	  69633 	 0.18 	 0.08
 18023 	  64266 	 0.10 	 0.02
 65978 	  37931 	 0.17 	 0.05
129747 	  53672 	 0.15 	 0.09
129747 	  37931 	 0.16 	 0.06
117950 	  64266 	 0.11 	 0.05
109086 	  81305 	 0.12 	 0.06
109086 	  69026 	 0.12 	 0.09
109086 	  10274 	 0.14 	 0.09
109086 	  79768 	 0.12 	 0.10
109086 	  82463 	 0.11 	 0.08
 76438 	  81305 	 0.10 	 0.08
 76438 	  82555 	 0.17 	 0.06
 76438 	 105200 	 0.16 	 0.08
 76438 	  82246 	 0.17 	 0.07
 76438 	  10217 	 0.17 	 0.06
 76438 	  92250 	 0.18 	 0.09
 76438 	  82503 	 0.15 	 0.03
 76438 	  51289 	 0.17 	 0.09
 76438 	   2996 	 0.13 	 0.03
 76438 	  82318 	 0.19 	 0.07
 76438 	  64266 	 0.13 	 0.02
 76438 	  81262 	 0.11 	 0.09
 76438 	  48486 	 0.18 	 0.08
 76438 	  37931 	 0.13 	 0.07
 76438 	  34379 	 0.13 	 0.05
 76438 	   2267 	 0.19 	 0.07
 76438 	  82463 	 0.11 	 0.09
 76438 	  48728 	 0.11 	 0.07
 79171 	  82555 	 0.12 	 0.06
 79171 	 105200 	 0.15 	 0.08
 79171 	  28241 	 0.11 	 0.10
 79171 	  82246 	 0.13 	 0.06
 79171 	  82503 	 0.12 	 0.03
 79171 	  51289 	 0.14 	 0.08
 79171 	  37464 	 0.12 	 0.07
 79171 	   2996 	 0.10 	 0.02
 79171 	  64266 	 0.11 	 0.02
 79171 	  48486 	 0.13 	 0.07
 79171 	  37931 	 0.10 	 0.05
 79171 	    514 	 0.12 	 0.08
 79171 	 109399 	 0.10 	 0.10
124881 	   9595 	 0.14 	 0.10
124881 	  81306 	 0.17 	 0.09
124881 	  69633 	 0.13 	 0.08
124881 	  16404 	 0.19 	 0.08
126974 	  10217 	 0.18 	 0.06
126974 	  64266 	 0.10 	 0.03
105523 	  82555 	 0.17 	 0.05
105523 	  10217 	 0.11 	 0.07
105523 	  82503 	 0.15 	 0.03
105523 	  51289 	 0.17 	 0.07
105523 	  10274 	 0.11 	 0.09
105523 	  82318 	 0.12 	 0.08
105523 	  64266 	 0.13 	 0.03
105523 	  48486 	 0.13 	 0.07
105523 	  37931 	 0.16 	 0.04
129421 	  64266 	 0.10 	 0.03
129421 	  16404 	 0.18 	 0.10
113610 	  10217 	 0.15 	 0.05
 67993 	 114621 	 0.10 	 0.10
 67993 	 100909 	 0.14 	 0.10
 67993 	  93950 	 0.12 	 0.09
 67993 	 105815 	 0.12 	 0.10
 67993 	  85972 	 0.14 	 0.06
 67993 	 115173 	 0.15 	 0.09
 67993 	 116522 	 0.11 	 0.09
 67993 	 114673 	 0.10 	 0.05
 67993 	  64266 	 0.12 	 0.08
 67993 	 127221 	 0.13 	 0.08
 67993 	 106697 	 0.13 	 0.10
 67993 	 124177 	 0.12 	 0.09
 67993 	 102995 	 0.13 	 0.10
 98991 	  82246 	 0.18 	 0.08
 93696 	  82246 	 0.15 	 0.09
 93696 	  82318 	 0.18 	 0.07
 58883 	  64266 	 0.10 	 0.02
119884 	 205919 	 0.17 	 0.07
119884 	  95182 	 0.16 	 0.09
119884 	  62372 	 0.11 	 0.09
119884 	  18307 	 0.13 	 0.09
119884 	   9967 	 0.10 	 0.10
119884 	  51213 	 0.17 	 0.10
119884 	  65408 	 0.12 	 0.06
119884 	  29716 	 0.19 	 0.10
119884 	  63310 	 0.12 	 0.09
119884 	  10217 	 0.11 	 0.03
119884 	  81306 	 0.11 	 0.06
119884 	 125161 	 0.19 	 0.10
119884 	  51513 	 0.15 	 0.08
119884 	  10274 	 0.10 	 0.04
119884 	  79768 	 0.10 	 0.04
119884 	 119617 	 0.18 	 0.09
119884 	  15972 	 0.13 	 0.08
119884 	  70314 	 0.10 	 0.08
119884 	  79171 	 0.13 	 0.08
110974 	  10217 	 0.17 	 0.08
123022 	  10217 	 0.15 	 0.07
100744 	  10217 	 0.18 	 0.10
100744 	  10274 	 0.18 	 0.10
100744 	  64266 	 0.15 	 0.05
100744 	  82463 	 0.11 	 0.10
118234 	  64266 	 0.12 	 0.05
118234 	  48486 	 0.14 	 0.09
118234 	 119884 	 0.18 	 0.09
122171 	   9595 	 0.10 	 0.09
122171 	  10217 	 0.15 	 0.04
122171 	  72992 	 0.19 	 0.09
122171 	  64266 	 0.10 	 0.02
122171 	  16404 	 0.13 	 0.09
122171 	  81262 	 0.13 	 0.06
122171 	  48728 	 0.13 	 0.05
103973 	  82318 	 0.18 	 0.06
103973 	  67993 	 0.12 	 0.07
 67672 	  91563 	 0.10 	 0.08
 67672 	 105200 	 0.11 	 0.06
 67672 	  28241 	 0.15 	 0.07
 67672 	  82246 	 0.12 	 0.08
 67672 	  91926 	 0.10 	 0.10
 67672 	  92250 	 0.18 	 0.05
 67672 	 105970 	 0.17 	 0.10
 67672 	  58481 	 0.17 	 0.06
 67672 	  70646 	 0.12 	 0.09
 67672 	 126216 	 0.15 	 0.08
 67672 	 114673 	 0.18 	 0.08
 67672 	 107489 	 0.10 	 0.08
 67672 	  27623 	 0.10 	 0.09
 67672 	 107890 	 0.16 	 0.08
111227 	   9595 	 0.11 	 0.08
111227 	  81305 	 0.13 	 0.09
111227 	  10217 	 0.16 	 0.02
111227 	  81306 	 0.11 	 0.09
111227 	  10274 	 0.16 	 0.05
111227 	  79768 	 0.11 	 0.09
111227 	  16404 	 0.11 	 0.06
111227 	  81262 	 0.10 	 0.04
111227 	  70314 	 0.14 	 0.09
111227 	  82463 	 0.16 	 0.10
111227 	  48728 	 0.10 	 0.03
121157 	   9595 	 0.14 	 0.07
121157 	  81306 	 0.14 	 0.09
121157 	  69633 	 0.11 	 0.08
121157 	  16404 	 0.13 	 0.09
 31394 	  82555 	 0.16 	 0.05
 31394 	  28241 	 0.19 	 0.10
 31394 	  79310 	 0.17 	 0.10
 31394 	   2996 	 0.15 	 0.05
 31394 	 108174 	 0.17 	 0.09
 31394 	 107489 	 0.18 	 0.08
 31394 	  48486 	 0.19 	 0.05
 31394 	  37931 	 0.15 	 0.04
 31394 	 119884 	 0.17 	 0.09
 81503 	  88141 	 0.12 	 0.05
 81503 	   4793 	 0.14 	 0.05
 81503 	 117976 	 0.10 	 0.07
 81503 	 119680 	 0.18 	 0.08
 81503 	 205919 	 0.13 	 0.05
 81503 	  80076 	 0.19 	 0.07
 81503 	  78533 	 0.13 	 0.06
 81503 	  95182 	 0.17 	 0.06
 81503 	  62372 	 0.14 	 0.04
 81503 	  15511 	 0.11 	 0.09
 81503 	  66388 	 0.15 	 0.07
 81503 	  18307 	 0.14 	 0.04
 81503 	   9967 	 0.15 	 0.05
 81503 	  65408 	 0.13 	 0.05
 81503 	  29716 	 0.18 	 0.05
 81503 	  63310 	 0.13 	 0.06
 81503 	 129859 	 0.19 	 0.10
 81503 	  99477 	 0.18 	 0.10
 81503 	  72459 	 0.15 	 0.06
 81503 	 116115 	 0.18 	 0.10
 81503 	   2332 	 0.13 	 0.07
 81503 	 122251 	 0.17 	 0.07
 81503 	  72992 	 0.11 	 0.05
 81503 	   2911 	 0.17 	 0.06
 81503 	  16479 	 0.12 	 0.05
 81503 	  65887 	 0.16 	 0.05
 81503 	 109370 	 0.17 	 0.09
 81503 	   2622 	 0.18 	 0.08
 81503 	  76449 	 0.16 	 0.05
 81503 	 129208 	 0.15 	 0.10
 81503 	 118768 	 0.16 	 0.08
 81503 	  66221 	 0.15 	 0.06
 81503 	 101673 	 0.10 	 0.07
 81503 	  15972 	 0.14 	 0.04
 81503 	   2251 	 0.14 	 0.07
 81503 	   1531 	 0.19 	 0.09
 81503 	  94602 	 0.17 	 0.09
 81503 	  58632 	 0.17 	 0.07
 81503 	 111297 	 0.10 	 0.05
 81503 	  74286 	 0.16 	 0.05
 81503 	 120346 	 0.18 	 0.08
 81503 	  82463 	 0.11 	 0.05
 81503 	  86335 	 0.11 	 0.06
 81503 	  61797 	 0.10 	 0.06
 81503 	  65978 	 0.19 	 0.08
 81503 	  76438 	 0.16 	 0.06
 81503 	  79171 	 0.14 	 0.04
 81503 	 105523 	 0.13 	 0.07
 81503 	  98991 	 0.19 	 0.06
 81503 	 118234 	 0.19 	 0.09
 81503 	  31394 	 0.13 	 0.06
116540 	  64266 	 0.12 	 0.06
123045 	   2996 	 0.17 	 0.10
123045 	 105413 	 0.19 	 0.10
  2268 	  81305 	 0.11 	 0.09
  2268 	  10217 	 0.18 	 0.07
  2268 	   2332 	 0.19 	 0.09
  2268 	  72992 	 0.10 	 0.07
  2268 	  16479 	 0.11 	 0.09
  2268 	 107568 	 0.12 	 0.10
  2268 	  64266 	 0.12 	 0.03
  2268 	  82463 	 0.13 	 0.09
  2268 	  86335 	 0.10 	 0.09
  7303 	  64266 	 0.14 	 0.07
126651 	  48486 	 0.13 	 0.09
126651 	  37931 	 0.16 	 0.08
126651 	  81503 	 0.14 	 0.09
 92509 	  81305 	 0.10 	 0.07
 92509 	  10217 	 0.19 	 0.05
 92509 	  69633 	 0.10 	 0.08
 92509 	  10274 	 0.18 	 0.09
 92509 	  64266 	 0.13 	 0.03
 92509 	  81262 	 0.12 	 0.08
 92509 	  82463 	 0.10 	 0.08
 92509 	  48728 	 0.12 	 0.05
 82242 	 205919 	 0.13 	 0.08
 82242 	  95182 	 0.17 	 0.09
 82242 	  10217 	 0.10 	 0.05
 82242 	 107568 	 0.10 	 0.09
 82242 	  70314 	 0.10 	 0.09
 82242 	  31394 	 0.13 	 0.10
113681 	  82246 	 0.18 	 0.09
 66563 	   9595 	 0.12 	 0.09
 66563 	  72992 	 0.14 	 0.10
 66563 	  69633 	 0.14 	 0.09
 66563 	  64266 	 0.12 	 0.03
 66563 	  81262 	 0.11 	 0.09
 66563 	  48728 	 0.18 	 0.06
 62878 	  81305 	 0.11 	 0.06
 62878 	  65408 	 0.18 	 0.07
 62878 	  63310 	 0.17 	 0.09
 62878 	  10217 	 0.18 	 0.04
 62878 	  69026 	 0.15 	 0.10
 62878 	  81306 	 0.14 	 0.09
 62878 	  72992 	 0.12 	 0.07
 62878 	  69633 	 0.13 	 0.06
 62878 	  10274 	 0.18 	 0.06
 62878 	  79768 	 0.17 	 0.09
 62878 	 114259 	 0.17 	 0.09
 62878 	  16404 	 0.14 	 0.08
 62878 	  81262 	 0.13 	 0.05
 62878 	  70314 	 0.18 	 0.10
 62878 	  82463 	 0.16 	 0.06
 62878 	  48728 	 0.10 	 0.04
 62878 	  86335 	 0.10 	 0.09
 62878 	  61797 	 0.10 	 0.09
100172 	  10217 	 0.16 	 0.09
100172 	  37464 	 0.15 	 0.10
100172 	  37931 	 0.19 	 0.06
100172 	  81503 	 0.15 	 0.08
108160 	  10217 	 0.17 	 0.05
 77586 	   9595 	 0.10 	 0.05
 77586 	  81305 	 0.18 	 0.06
 77586 	  72992 	 0.19 	 0.07
 77586 	  69633 	 0.17 	 0.06
128300 	  10217 	 0.17 	 0.07
101850 	  64266 	 0.10 	 0.04
 91740 	  53672 	 0.14 	 0.09
 91740 	  64266 	 0.18 	 0.06
 91740 	  37931 	 0.11 	 0.06
 59944 	   5543 	 0.11 	 0.06
 59944 	 114621 	 0.14 	 0.09
 59944 	 122022 	 0.13 	 0.05
 59944 	   8980 	 0.14 	 0.07
 59944 	 130780 	 0.16 	 0.10
 59944 	 131018 	 0.19 	 0.10
 59944 	  82246 	 0.10 	 0.08
 59944 	 131151 	 0.13 	 0.09
 59944 	  95603 	 0.16 	 0.10
 59944 	 117081 	 0.13 	 0.09
 59944 	  92865 	 0.15 	 0.05
 59944 	  92250 	 0.13 	 0.06
 59944 	 108185 	 0.19 	 0.10
 59944 	 131017 	 0.12 	 0.10
 59944 	  67362 	 0.14 	 0.08
 59944 	  58481 	 0.14 	 0.07
 59944 	 105815 	 0.13 	 0.09
 59944 	 130986 	 0.13 	 0.09
 59944 	  94785 	 0.10 	 0.10
 59944 	 124419 	 0.16 	 0.08
 59944 	  52894 	 0.12 	 0.06
 59944 	 116522 	 0.17 	 0.10
 59944 	  76449 	 0.13 	 0.09
 59944 	 103133 	 0.19 	 0.07
 59944 	 108127 	 0.11 	 0.07
 59944 	 120065 	 0.11 	 0.09
 59944 	 114673 	 0.19 	 0.06
 59944 	 107458 	 0.15 	 0.09
 59944 	   2524 	 0.19 	 0.09
 59944 	  92527 	 0.19 	 0.07
 59944 	  58632 	 0.11 	 0.08
 59944 	 107489 	 0.10 	 0.09
 59944 	  74286 	 0.13 	 0.09
 59944 	  34379 	 0.17 	 0.09
 59944 	 124177 	 0.18 	 0.08
 59944 	  65782 	 0.15 	 0.09
 59944 	 105156 	 0.11 	 0.05
 59944 	 107890 	 0.17 	 0.08
 59944 	  95790 	 0.11 	 0.10
 59944 	  94015 	 0.11 	 0.07
 59944 	 117213 	 0.10 	 0.06
 59944 	  94005 	 0.10 	 0.07
 59944 	 123976 	 0.13 	 0.08
 59944 	  18023 	 0.15 	 0.08
 59944 	  76438 	 0.13 	 0.09
 59944 	 124881 	 0.16 	 0.08
 59944 	 100744 	 0.10 	 0.10
 59944 	 122171 	 0.13 	 0.08
 59944 	 121157 	 0.16 	 0.09
 59944 	   2268 	 0.10 	 0.07
 59944 	  66563 	 0.11 	 0.10
 59944 	  77586 	 0.11 	 0.06
 80885 	  50275 	 0.11 	 0.07
 80885 	  91563 	 0.15 	 0.07
 80885 	  82555 	 0.10 	 0.06
 80885 	  52768 	 0.13 	 0.09
 80885 	   2986 	 0.14 	 0.09
 80885 	 105200 	 0.17 	 0.06
 80885 	  28241 	 0.15 	 0.07
 80885 	  91926 	 0.12 	 0.08
 80885 	  82503 	 0.18 	 0.02
 80885 	  96113 	 0.16 	 0.09
 80885 	 111407 	 0.19 	 0.08
 80885 	 126216 	 0.17 	 0.06
 80885 	   2332 	 0.18 	 0.09
 80885 	 105733 	 0.12 	 0.09
 80885 	   5103 	 0.11 	 0.09
 80885 	 116522 	 0.16 	 0.08
 80885 	 120065 	 0.17 	 0.10
 80885 	  79310 	 0.11 	 0.07
 80885 	   2996 	 0.11 	 0.05
 80885 	 107489 	 0.16 	 0.07
 80885 	 105413 	 0.13 	 0.07
 80885 	  48486 	 0.11 	 0.03
 80885 	  27623 	 0.18 	 0.06
 80885 	    514 	 0.15 	 0.10
 80885 	 109399 	 0.13 	 0.08
 80885 	 109086 	 0.14 	 0.10
 80885 	 119884 	 0.10 	 0.05
 80885 	 111227 	 0.14 	 0.08
 80885 	  82242 	 0.10 	 0.08
 70788 	  50275 	 0.15 	 0.08
 70788 	  92014 	 0.13 	 0.09
 70788 	  82555 	 0.17 	 0.06
 70788 	 128844 	 0.17 	 0.09
 70788 	 105200 	 0.15 	 0.06
 70788 	   8980 	 0.17 	 0.09
 70788 	 130780 	 0.19 	 0.09
 70788 	 130983 	 0.17 	 0.09
 70788 	 100909 	 0.18 	 0.09
 70788 	 126216 	 0.16 	 0.10
 70788 	  36327 	 0.16 	 0.09
 70788 	   2996 	 0.18 	 0.04
 70788 	 110588 	 0.17 	 0.10
 70788 	  92527 	 0.15 	 0.09
 70788 	 108174 	 0.15 	 0.09
 70788 	 105413 	 0.15 	 0.09
 70788 	  37931 	 0.16 	 0.06
 70788 	  27623 	 0.17 	 0.07
 70788 	 119685 	 0.17 	 0.10
 70788 	 103973 	 0.15 	 0.09
 70788 	 121157 	 0.16 	 0.09
 70788 	  81503 	 0.18 	 0.05
 70788 	  50309 	 0.12 	 0.08
103733 	  53672 	 0.17 	 0.08
 74664 	  81305 	 0.10 	 0.09
 74664 	  82555 	 0.17 	 0.06
 74664 	 105200 	 0.16 	 0.09
 74664 	  82246 	 0.17 	 0.06
 74664 	  10217 	 0.17 	 0.06
 74664 	  92250 	 0.18 	 0.09
 74664 	  82503 	 0.15 	 0.03
 74664 	  51289 	 0.17 	 0.08
 74664 	   2996 	 0.13 	 0.03
 74664 	  82318 	 0.19 	 0.08
 74664 	  64266 	 0.13 	 0.02
 74664 	  48486 	 0.18 	 0.08
 74664 	  37931 	 0.13 	 0.07
 74664 	  34379 	 0.13 	 0.05
 74664 	   2267 	 0.19 	 0.08
 74664 	  48728 	 0.11 	 0.07
 74664 	  81503 	 0.16 	 0.05
 74664 	  59944 	 0.13 	 0.09
108765 	   9595 	 0.11 	 0.08
108765 	  81305 	 0.16 	 0.09
108765 	  65408 	 0.19 	 0.10
108765 	  10217 	 0.14 	 0.04
108765 	  69026 	 0.18 	 0.09
108765 	  81306 	 0.13 	 0.09
108765 	  10274 	 0.19 	 0.06
108765 	  79768 	 0.18 	 0.08
108765 	  16404 	 0.11 	 0.07
108765 	  81262 	 0.13 	 0.06
108765 	  70314 	 0.19 	 0.09
108765 	  82463 	 0.19 	 0.09
108765 	  48728 	 0.13 	 0.04
108765 	  59944 	 0.13 	 0.08
108765 	  80885 	 0.19 	 0.08
119270 	  69633 	 0.13 	 0.08
119270 	  64266 	 0.11 	 0.02
119270 	  16404 	 0.18 	 0.09
126646 	  82503 	 0.16 	 0.08
126646 	   2996 	 0.15 	 0.10
108254 	  64266 	 0.11 	 0.08
108254 	  37931 	 0.18 	 0.07
103038 	   9595 	 0.18 	 0.09
103038 	  31770 	 0.10 	 0.08
103038 	  77153 	 0.11 	 0.09
103038 	  77148 	 0.13 	 0.09
103038 	  67993 	 0.13 	 0.09
 99548 	   9595 	 0.12 	 0.08
 99548 	  81305 	 0.17 	 0.09
 99548 	  69633 	 0.16 	 0.08
 99548 	  64266 	 0.13 	 0.03
 99548 	  59944 	 0.15 	 0.07
 86131 	  50275 	 0.19 	 0.06
 86131 	  78533 	 0.18 	 0.09
 86131 	  82555 	 0.16 	 0.06
 86131 	  52768 	 0.18 	 0.09
 86131 	  82246 	 0.19 	 0.07
 86131 	  91926 	 0.18 	 0.07
 86131 	  44074 	 0.13 	 0.08
 86131 	 126216 	 0.17 	 0.05
 86131 	   2332 	 0.18 	 0.08
 86131 	 105733 	 0.18 	 0.09
 86131 	   5103 	 0.15 	 0.06
 86131 	  79310 	 0.15 	 0.06
 86131 	 108273 	 0.19 	 0.07
 86131 	 108174 	 0.17 	 0.05
 86131 	 107489 	 0.18 	 0.06
 86131 	 105413 	 0.19 	 0.08
 86131 	  48486 	 0.19 	 0.03
 86131 	  37931 	 0.13 	 0.05
 86131 	  94005 	 0.18 	 0.09
 86131 	 105523 	 0.18 	 0.09
 86131 	 119884 	 0.17 	 0.05
 86131 	  81503 	 0.13 	 0.06
 86131 	  82242 	 0.13 	 0.06
  7854 	  81305 	 0.11 	 0.07
  7854 	  10217 	 0.18 	 0.05
  7854 	  72992 	 0.12 	 0.07
  7854 	  10274 	 0.13 	 0.10
  7854 	  64266 	 0.12 	 0.02
  7854 	  82463 	 0.13 	 0.07
  7854 	  59944 	 0.10 	 0.08
126574 	  64266 	 0.17 	 0.03
 66058 	   2332 	 0.17 	 0.10
 66058 	  64266 	 0.13 	 0.03
 66058 	  81262 	 0.18 	 0.09
 66058 	  48728 	 0.16 	 0.08
127707 	  82555 	 0.16 	 0.10
127707 	  82503 	 0.18 	 0.07
127707 	  53672 	 0.16 	 0.10
127707 	   2996 	 0.19 	 0.08
127707 	  37931 	 0.19 	 0.09
127707 	  81503 	 0.19 	 0.10
 94837 	 103296 	 0.14 	 0.10
 94837 	  82318 	 0.17 	 0.08
126274 	  53672 	 0.19 	 0.09
119890 	   9595 	 0.16 	 0.09
119890 	  64266 	 0.13 	 0.08
119890 	  59944 	 0.15 	 0.08
 41611 	  81305 	 0.10 	 0.08
 41611 	 205919 	 0.18 	 0.10
 41611 	  82555 	 0.17 	 0.06
 41611 	 105200 	 0.16 	 0.09
 41611 	  82246 	 0.17 	 0.06
 41611 	  10217 	 0.17 	 0.06
 41611 	  92250 	 0.18 	 0.09
 41611 	  82503 	 0.15 	 0.04
 41611 	  51289 	 0.17 	 0.06
 41611 	  53672 	 0.17 	 0.10
 41611 	  81306 	 0.14 	 0.10
 41611 	  10274 	 0.18 	 0.09
 41611 	   2996 	 0.13 	 0.03
 41611 	  82318 	 0.19 	 0.08
 41611 	  64266 	 0.13 	 0.02
 41611 	  16404 	 0.14 	 0.09
 41611 	  81262 	 0.11 	 0.09
 41611 	  48486 	 0.18 	 0.08
 41611 	  37931 	 0.13 	 0.07
 41611 	  34379 	 0.13 	 0.05
 41611 	   2267 	 0.19 	 0.08
 41611 	  82463 	 0.11 	 0.09
 41611 	  48728 	 0.11 	 0.07
 41611 	  81503 	 0.16 	 0.05
 41611 	  86131 	 0.18 	 0.08
103084 	  31770 	 0.10 	 0.07
103084 	  77153 	 0.10 	 0.09
103084 	  77148 	 0.13 	 0.09
130419 	   9595 	 0.14 	 0.06
130419 	  10217 	 0.19 	 0.03
130419 	  81503 	 0.19 	 0.10
130419 	  59944 	 0.11 	 0.07
 68575 	   9595 	 0.13 	 0.07
 68575 	  69633 	 0.19 	 0.09
 68575 	  67993 	 0.11 	 0.09
 68575 	  59944 	 0.15 	 0.08
117924 	  10217 	 0.13 	 0.06
 62617 	  81305 	 0.10 	 0.09
 62617 	  82555 	 0.17 	 0.06
 62617 	 105200 	 0.16 	 0.09
 62617 	  82246 	 0.17 	 0.06
 62617 	  10217 	 0.17 	 0.06
 62617 	  92250 	 0.18 	 0.09
 62617 	  82503 	 0.15 	 0.04
 62617 	  51289 	 0.17 	 0.06
 62617 	  53672 	 0.17 	 0.10
 62617 	  10274 	 0.18 	 0.10
 62617 	   2996 	 0.13 	 0.03
 62617 	  82318 	 0.19 	 0.08
 62617 	  64266 	 0.13 	 0.03
 62617 	  48486 	 0.18 	 0.08
 62617 	  37931 	 0.13 	 0.07
 62617 	  34379 	 0.13 	 0.06
 62617 	   2267 	 0.19 	 0.08
 62617 	  48728 	 0.11 	 0.07
 62617 	  81503 	 0.16 	 0.05
 62617 	  86131 	 0.18 	 0.08
128707 	   9595 	 0.13 	 0.10
128707 	  10217 	 0.18 	 0.07
128707 	  69633 	 0.16 	 0.10
128707 	  64266 	 0.11 	 0.03
128707 	  59944 	 0.13 	 0.10
126992 	  77148 	 0.11 	 0.09
 96495 	  81305 	 0.14 	 0.09
 96495 	  69633 	 0.11 	 0.09
 96495 	  81262 	 0.15 	 0.08
 96495 	  48728 	 0.15 	 0.06
 96495 	  59944 	 0.15 	 0.09
 51984 	  59944 	 0.14 	 0.06
105872 	   9595 	 0.10 	 0.07
105872 	  78533 	 0.14 	 0.09
105872 	  51213 	 0.17 	 0.10
105872 	  63310 	 0.17 	 0.08
105872 	  44074 	 0.16 	 0.08
105872 	  81306 	 0.15 	 0.08
105872 	   2332 	 0.14 	 0.09
105872 	  76449 	 0.14 	 0.09
105872 	  16404 	 0.17 	 0.07
105872 	  74286 	 0.14 	 0.09
105872 	  76438 	 0.14 	 0.09
105872 	 105523 	 0.16 	 0.09
105872 	  59944 	 0.12 	 0.08
105872 	  70788 	 0.16 	 0.08
105872 	  74664 	 0.14 	 0.09
105872 	  41611 	 0.14 	 0.09
105872 	  62617 	 0.14 	 0.10
124765 	   9595 	 0.12 	 0.09
124765 	  81305 	 0.19 	 0.08
124765 	  10217 	 0.14 	 0.04
124765 	  69026 	 0.19 	 0.08
124765 	  81306 	 0.14 	 0.09
124765 	  69633 	 0.11 	 0.08
124765 	  79768 	 0.19 	 0.08
124765 	  16404 	 0.14 	 0.07
124765 	  81262 	 0.16 	 0.06
124765 	  48728 	 0.16 	 0.05
124765 	  59944 	 0.13 	 0.08
 95929 	  10217 	 0.14 	 0.04
 95929 	  37931 	 0.19 	 0.07
 90122 	  72992 	 0.14 	 0.09
 90122 	  10274 	 0.18 	 0.08
 90122 	  64266 	 0.12 	 0.02
 90122 	  16404 	 0.11 	 0.09
 90122 	  81262 	 0.12 	 0.07
 90122 	  48728 	 0.14 	 0.05
 66016 	  48486 	 0.19 	 0.09
131601 	  81305 	 0.12 	 0.06
131601 	  65408 	 0.19 	 0.08
131601 	  10217 	 0.14 	 0.03
131601 	  69026 	 0.12 	 0.07
131601 	  81306 	 0.13 	 0.08
131601 	  72992 	 0.10 	 0.07
131601 	  16479 	 0.12 	 0.09
131601 	  69633 	 0.10 	 0.06
131601 	  10274 	 0.19 	 0.06
131601 	  79768 	 0.16 	 0.07
131601 	  64266 	 0.10 	 0.01
131601 	  16404 	 0.13 	 0.07
131601 	  81262 	 0.14 	 0.05
131601 	  70314 	 0.19 	 0.08
131601 	  82463 	 0.13 	 0.06
131601 	  48728 	 0.14 	 0.03
131601 	  61797 	 0.11 	 0.10
131601 	  67672 	 0.11 	 0.08
131601 	  80885 	 0.19 	 0.07
111569 	   9595 	 0.13 	 0.09
111569 	  81305 	 0.16 	 0.07
111569 	  10217 	 0.18 	 0.05
111569 	  69026 	 0.19 	 0.08
111569 	  81306 	 0.13 	 0.09
111569 	  69633 	 0.11 	 0.07
111569 	  79768 	 0.16 	 0.08
111569 	  16404 	 0.13 	 0.07
111569 	  81262 	 0.13 	 0.06
111569 	  48728 	 0.13 	 0.05
111569 	  59944 	 0.13 	 0.09
101342 	  77148 	 0.10 	 0.07
 68241 	  64266 	 0.11 	 0.05
 86570 	  39337 	 0.13 	 0.08
 86570 	  95573 	 0.16 	 0.04
 86570 	  78533 	 0.11 	 0.06
 86570 	   2986 	 0.10 	 0.05
 86570 	   5543 	 0.19 	 0.06
 86570 	  80370 	 0.16 	 0.08
 86570 	 105200 	 0.13 	 0.05
 86570 	  28241 	 0.11 	 0.05
 86570 	 114379 	 0.14 	 0.07
 86570 	  95603 	 0.16 	 0.04
 86570 	  82503 	 0.14 	 0.04
 86570 	  96113 	 0.12 	 0.04
 86570 	  51289 	 0.14 	 0.08
 86570 	 111407 	 0.13 	 0.05
 86570 	 116115 	 0.11 	 0.08
 86570 	  58481 	 0.17 	 0.05
 86570 	  70646 	 0.14 	 0.03
 86570 	 126216 	 0.15 	 0.03
 86570 	   2332 	 0.11 	 0.08
 86570 	  52894 	 0.12 	 0.04
 86570 	 103296 	 0.18 	 0.09
 86570 	  43129 	 0.12 	 0.07
 86570 	   8179 	 0.16 	 0.07
 86570 	 116522 	 0.10 	 0.05
 86570 	   5133 	 0.13 	 0.05
 86570 	  76449 	 0.11 	 0.07
 86570 	 120065 	 0.11 	 0.05
 86570 	  85142 	 0.11 	 0.08
 86570 	 101365 	 0.16 	 0.09
 86570 	  37464 	 0.11 	 0.08
 86570 	 120998 	 0.11 	 0.07
 86570 	  82318 	 0.16 	 0.10
 86570 	 107489 	 0.10 	 0.07
 86570 	  52786 	 0.14 	 0.05
 86570 	  74286 	 0.11 	 0.07
 86570 	  27623 	 0.12 	 0.05
 86570 	   2267 	 0.16 	 0.09
 86570 	 107890 	 0.15 	 0.05
 86570 	  95790 	 0.14 	 0.04
 86570 	 117213 	 0.18 	 0.03
 86570 	  94005 	 0.10 	 0.06
 86570 	 123976 	 0.16 	 0.05
 86570 	  76438 	 0.11 	 0.07
 86570 	 122171 	 0.15 	 0.05
 86570 	 111227 	 0.10 	 0.03
 86570 	   2268 	 0.10 	 0.07
 86570 	  92509 	 0.12 	 0.05
 86570 	  66563 	 0.13 	 0.06
 86570 	  62878 	 0.13 	 0.04
 86570 	  74664 	 0.11 	 0.07
 86570 	 108765 	 0.14 	 0.04
 86570 	   7854 	 0.11 	 0.05
 86570 	  66058 	 0.16 	 0.08
 86570 	  41611 	 0.11 	 0.07
 86570 	  62617 	 0.11 	 0.07
 86570 	  96495 	 0.15 	 0.06
 86570 	  90122 	 0.12 	 0.05
 86570 	 131601 	 0.13 	 0.03
 86570 	 111569 	 0.13 	 0.05
 94367 	  82246 	 0.18 	 0.09
108883 	  10217 	 0.18 	 0.05
108883 	  69633 	 0.14 	 0.08
108883 	  16404 	 0.18 	 0.10
108883 	  67993 	 0.12 	 0.09
128822 	  81305 	 0.15 	 0.10
128822 	  10217 	 0.19 	 0.06
128822 	  64266 	 0.12 	 0.02
128822 	  81262 	 0.16 	 0.10
128822 	  48728 	 0.16 	 0.08
128822 	  59944 	 0.10 	 0.10
128822 	  86570 	 0.16 	 0.08
128975 	  82318 	 0.18 	 0.07
123702 	  10217 	 0.15 	 0.07
102759 	  10217 	 0.19 	 0.04
102759 	  69633 	 0.18 	 0.08
126225 	   9595 	 0.12 	 0.10
126225 	  10217 	 0.16 	 0.04
126225 	  81306 	 0.12 	 0.08
126225 	  69633 	 0.13 	 0.08
126225 	  79768 	 0.17 	 0.07
126225 	  64266 	 0.11 	 0.02
126225 	  16404 	 0.18 	 0.06
126225 	  81262 	 0.16 	 0.06
126225 	  48728 	 0.12 	 0.05
126225 	  59944 	 0.13 	 0.09
126225 	  86570 	 0.14 	 0.05
 76053 	  82555 	 0.12 	 0.05
 76053 	 105200 	 0.13 	 0.10
 76053 	  28241 	 0.11 	 0.09
 76053 	  82246 	 0.15 	 0.06
 76053 	  10217 	 0.17 	 0.04
 76053 	  82503 	 0.12 	 0.03
 76053 	  51289 	 0.13 	 0.06
 76053 	  37464 	 0.14 	 0.08
 76053 	  82318 	 0.15 	 0.06
 76053 	  48486 	 0.15 	 0.06
 76053 	  37931 	 0.11 	 0.08
 76053 	   2267 	 0.19 	 0.09
 76053 	    514 	 0.14 	 0.09
 76053 	  81503 	 0.14 	 0.05
 76053 	 119890 	 0.19 	 0.10
117793 	  10217 	 0.17 	 0.07
125108 	   9595 	 0.17 	 0.09
117490 	  64266 	 0.12 	 0.04
117344 	  82246 	 0.19 	 0.10
 69636 	 127102 	 0.17 	 0.05
 69636 	  93163 	 0.10 	 0.06
 69636 	  39079 	 0.10 	 0.07
 69636 	 100225 	 0.13 	 0.09
 69636 	  95573 	 0.13 	 0.07
 69636 	  78533 	 0.10 	 0.10
 69636 	   5543 	 0.14 	 0.07
 69636 	 128844 	 0.17 	 0.04
 69636 	 105200 	 0.10 	 0.06
 69636 	 122022 	 0.17 	 0.07
 69636 	  70752 	 0.12 	 0.07
 69636 	   8980 	 0.12 	 0.07
 69636 	 130780 	 0.19 	 0.10
 69636 	 105455 	 0.10 	 0.06
 69636 	 113027 	 0.12 	 0.06
 69636 	 130983 	 0.17 	 0.05
 69636 	 131151 	 0.16 	 0.06
 69636 	  95603 	 0.13 	 0.06
 69636 	 117081 	 0.15 	 0.07
 69636 	  92250 	 0.15 	 0.05
 69636 	  96113 	 0.10 	 0.07
 69636 	  51289 	 0.13 	 0.08
 69636 	 100909 	 0.16 	 0.07
 69636 	 117951 	 0.16 	 0.09
 69636 	 105970 	 0.14 	 0.08
 69636 	 131017 	 0.15 	 0.09
 69636 	  58481 	 0.12 	 0.05
 69636 	 126216 	 0.10 	 0.04
 69636 	   2332 	 0.10 	 0.10
 69636 	  52894 	 0.10 	 0.09
 69636 	 103296 	 0.14 	 0.10
 69636 	  43129 	 0.11 	 0.09
 69636 	 103133 	 0.17 	 0.08
 69636 	 114673 	 0.14 	 0.06
 69636 	  96012 	 0.18 	 0.07
 69636 	 107458 	 0.17 	 0.09
 69636 	  92527 	 0.10 	 0.06
 69636 	  52786 	 0.11 	 0.05
 69636 	 127221 	 0.19 	 0.08
 69636 	  27623 	 0.10 	 0.06
 69636 	 124177 	 0.18 	 0.08
 69636 	 105156 	 0.11 	 0.08
 69636 	 119685 	 0.15 	 0.06
 69636 	 107890 	 0.12 	 0.07
 69636 	  95790 	 0.10 	 0.07
 69636 	  94015 	 0.15 	 0.06
 69636 	 117213 	 0.15 	 0.06
 69636 	 123976 	 0.13 	 0.08
 69636 	  18023 	 0.17 	 0.07
 69636 	 121157 	 0.11 	 0.08
 69636 	  66563 	 0.13 	 0.09
 69636 	  62878 	 0.13 	 0.06
 69636 	  77586 	 0.12 	 0.06
 69636 	 119270 	 0.15 	 0.08
 69636 	  99548 	 0.16 	 0.08
 69636 	  68575 	 0.17 	 0.09
 69636 	 128707 	 0.14 	 0.10
 69636 	  96495 	 0.12 	 0.09
 69636 	 124765 	 0.11 	 0.08
 69636 	 111569 	 0.11 	 0.07
 69636 	 108883 	 0.15 	 0.08
 69636 	 126225 	 0.10 	 0.08
113639 	   9595 	 0.16 	 0.10
113639 	  81305 	 0.18 	 0.09
113639 	  10217 	 0.15 	 0.05
113639 	  69026 	 0.18 	 0.09
113639 	  81306 	 0.16 	 0.09
113639 	  69633 	 0.15 	 0.08
113639 	  16404 	 0.18 	 0.08
113639 	  67993 	 0.11 	 0.09
113639 	  59944 	 0.15 	 0.08
113639 	  69636 	 0.14 	 0.08
 52076 	 105200 	 0.12 	 0.06
 52076 	  28241 	 0.10 	 0.08
 52076 	  82246 	 0.13 	 0.08
 52076 	 117081 	 0.18 	 0.07
 52076 	  82503 	 0.10 	 0.01
 52076 	  58481 	 0.15 	 0.07
 52076 	 107458 	 0.18 	 0.08
 52076 	  82318 	 0.18 	 0.09
 52076 	  64266 	 0.17 	 0.04
 52076 	 107489 	 0.13 	 0.08
 52076 	  48486 	 0.12 	 0.04
 52076 	    514 	 0.12 	 0.09
 52076 	 107890 	 0.18 	 0.10
 52076 	  81503 	 0.12 	 0.05
 52076 	 105872 	 0.14 	 0.07
 34899 	  50275 	 0.11 	 0.09
 34899 	  93163 	 0.12 	 0.09
 34899 	  91563 	 0.11 	 0.08
 34899 	   2986 	 0.10 	 0.09
 34899 	   8980 	 0.14 	 0.09
 34899 	 105455 	 0.17 	 0.09
 34899 	 113027 	 0.12 	 0.10
 34899 	  28241 	 0.12 	 0.08
 34899 	 114379 	 0.10 	 0.09
 34899 	  51289 	 0.12 	 0.07
 34899 	 111407 	 0.12 	 0.09
 34899 	  65863 	 0.10 	 0.09
 34899 	  70646 	 0.13 	 0.08
 34899 	 126216 	 0.15 	 0.09
 34899 	  52894 	 0.10 	 0.07
 34899 	  43129 	 0.10 	 0.09
 34899 	 120065 	 0.11 	 0.10
 34899 	  37464 	 0.11 	 0.08
 34899 	  92527 	 0.14 	 0.08
 34899 	  58632 	 0.14 	 0.09
 34899 	  52786 	 0.12 	 0.08
 34899 	  27623 	 0.10 	 0.08
 34899 	 116898 	 0.12 	 0.08
 34899 	 105156 	 0.14 	 0.09
 34899 	 121308 	 0.11 	 0.10
 34899 	   3715 	 0.10 	 0.09
 34899 	   2267 	 0.10 	 0.08
 34899 	  94015 	 0.14 	 0.09
 34899 	 109086 	 0.10 	 0.09
 34899 	 111227 	 0.10 	 0.09
 34899 	  66563 	 0.10 	 0.09
 34899 	 105872 	 0.15 	 0.08
 34899 	  90122 	 0.12 	 0.09
 34899 	 131601 	 0.12 	 0.06
 73555 	   9595 	 0.11 	 0.09
 73555 	  81305 	 0.12 	 0.07
 73555 	 105200 	 0.19 	 0.08
 73555 	  10217 	 0.11 	 0.05
 73555 	  82503 	 0.18 	 0.04
 73555 	  69026 	 0.10 	 0.10
 73555 	  69633 	 0.10 	 0.08
 73555 	  10274 	 0.16 	 0.08
 73555 	  37464 	 0.15 	 0.08
 73555 	   2996 	 0.18 	 0.03
 73555 	  82318 	 0.18 	 0.06
 73555 	  64266 	 0.11 	 0.02
 73555 	  16404 	 0.13 	 0.10
 73555 	  81262 	 0.11 	 0.08
 73555 	  34379 	 0.15 	 0.05
 73555 	  82463 	 0.12 	 0.09
 73555 	  48728 	 0.11 	 0.06
 73555 	  81503 	 0.18 	 0.05
 73555 	  80885 	 0.16 	 0.09
 73555 	  86131 	 0.14 	 0.07
 73555 	 105872 	 0.16 	 0.09
 73555 	  86570 	 0.12 	 0.06
 73555 	  34899 	 0.12 	 0.10
 94032 	   9595 	 0.15 	 0.07
 94032 	  67993 	 0.11 	 0.09
 98993 	  10217 	 0.18 	 0.07
 98993 	  64266 	 0.10 	 0.03
129520 	  64266 	 0.11 	 0.02
 50841 	   9595 	 0.12 	 0.07
 50841 	  10217 	 0.13 	 0.03
 50841 	  69026 	 0.18 	 0.06
 50841 	  81306 	 0.12 	 0.08
 50841 	  72992 	 0.17 	 0.08
 50841 	  69633 	 0.12 	 0.06
 50841 	  16404 	 0.15 	 0.07
 50841 	  81262 	 0.15 	 0.05
 50841 	  48728 	 0.15 	 0.04
 50841 	  67672 	 0.15 	 0.07
 50841 	  59944 	 0.11 	 0.06
 50841 	  70788 	 0.19 	 0.08
 50841 	  86570 	 0.15 	 0.04
 50841 	  69636 	 0.11 	 0.06
 50841 	  34899 	 0.14 	 0.09
 91849 	  81305 	 0.11 	 0.09
 91849 	  72992 	 0.13 	 0.09
 91849 	  69633 	 0.10 	 0.08
 91849 	  64266 	 0.14 	 0.02
 91849 	  81262 	 0.13 	 0.09
 91849 	  82463 	 0.17 	 0.08
 91849 	  48728 	 0.13 	 0.06
 91849 	  86570 	 0.13 	 0.06
 91849 	  69636 	 0.10 	 0.08
117925 	  64266 	 0.10 	 0.04
107802 	  10217 	 0.13 	 0.04
107802 	  86131 	 0.19 	 0.09
103602 	  81305 	 0.10 	 0.08
103602 	 205919 	 0.19 	 0.10
103602 	  10217 	 0.13 	 0.08
103602 	  10274 	 0.14 	 0.09
103602 	  79768 	 0.16 	 0.09
103602 	  64266 	 0.16 	 0.03
103602 	  81262 	 0.10 	 0.08
103602 	  48728 	 0.10 	 0.09
103602 	  80885 	 0.17 	 0.10
 93364 	  82246 	 0.14 	 0.06
 93364 	  82318 	 0.16 	 0.07
 93364 	    514 	 0.13 	 0.10
 93364 	  81503 	 0.14 	 0.08
119808 	 205919 	 0.16 	 0.09
119808 	  95182 	 0.16 	 0.08
119808 	  65408 	 0.11 	 0.10
119808 	  10274 	 0.12 	 0.05
119808 	  79768 	 0.11 	 0.07
119808 	  70314 	 0.10 	 0.09
119808 	  80885 	 0.12 	 0.06
119808 	  86131 	 0.18 	 0.05
125120 	  10217 	 0.17 	 0.05
125120 	  77148 	 0.10 	 0.07
125120 	  67993 	 0.11 	 0.08
 31821 	  67362 	 0.18 	 0.08
 31821 	 105523 	 0.13 	 0.08
 31821 	  59944 	 0.14 	 0.06
 98813 	  64266 	 0.13 	 0.08
 61674 	  10217 	 0.19 	 0.07
 61674 	  64266 	 0.10 	 0.03
121983 	   9595 	 0.10 	 0.08
121983 	 103296 	 0.15 	 0.08
121983 	  69636 	 0.14 	 0.06
 95496 	  82555 	 0.13 	 0.06
 95496 	  82246 	 0.15 	 0.09
 95496 	  82503 	 0.10 	 0.05
 95496 	  51289 	 0.13 	 0.08
 95496 	  37464 	 0.11 	 0.07
 95496 	 105413 	 0.12 	 0.09
 95496 	   2267 	 0.16 	 0.10
 92477 	  31770 	 0.10 	 0.09
 92477 	  77153 	 0.10 	 0.08
 92477 	  64266 	 0.13 	 0.04
 92477 	  77148 	 0.12 	 0.08
 92477 	  67993 	 0.13 	 0.08
 66612 	  50275 	 0.15 	 0.09
 66612 	  92014 	 0.13 	 0.09
 66612 	  82555 	 0.12 	 0.05
 66612 	  52768 	 0.16 	 0.09
 66612 	 128844 	 0.15 	 0.10
 66612 	 105200 	 0.13 	 0.05
 66612 	   8980 	 0.13 	 0.08
 66612 	 131018 	 0.17 	 0.09
 66612 	  95603 	 0.15 	 0.10
 66612 	 117081 	 0.18 	 0.07
 66612 	  92865 	 0.17 	 0.09
 66612 	  92250 	 0.11 	 0.06
 66612 	  82503 	 0.17 	 0.04
 66612 	 129859 	 0.13 	 0.09
 66612 	 113290 	 0.17 	 0.10
 66612 	 126216 	 0.16 	 0.09
 66612 	   2332 	 0.13 	 0.09
 66612 	   5103 	 0.18 	 0.09
 66612 	 107568 	 0.12 	 0.09
 66612 	  96012 	 0.17 	 0.09
 66612 	 128974 	 0.15 	 0.09
 66612 	  79310 	 0.13 	 0.07
 66612 	 107458 	 0.18 	 0.08
 66612 	  96900 	 0.16 	 0.09
 66612 	   2996 	 0.18 	 0.06
 66612 	  92527 	 0.12 	 0.09
 66612 	 108174 	 0.15 	 0.08
 66612 	  82318 	 0.16 	 0.10
 66612 	  64266 	 0.15 	 0.07
 66612 	 107489 	 0.10 	 0.07
 66612 	  52786 	 0.15 	 0.10
 66612 	 105413 	 0.13 	 0.08
 66612 	  48486 	 0.15 	 0.07
 66612 	  27623 	 0.12 	 0.08
 66612 	 107890 	 0.12 	 0.10
 66612 	  95790 	 0.15 	 0.09
 66612 	 119884 	 0.17 	 0.08
 66612 	  81503 	 0.10 	 0.06
 66612 	  62878 	 0.14 	 0.10
 66612 	 131601 	 0.13 	 0.08
 66612 	 111569 	 0.16 	 0.10
 66612 	  50841 	 0.17 	 0.09
 66612 	 119808 	 0.15 	 0.09
 66612 	  95496 	 0.17 	 0.10
124281 	   9595 	 0.15 	 0.09
124281 	  81305 	 0.19 	 0.09
124281 	  10217 	 0.16 	 0.04
124281 	  69026 	 0.19 	 0.09
124281 	  69633 	 0.16 	 0.08
124281 	  16404 	 0.17 	 0.09
124281 	  77148 	 0.10 	 0.10
124281 	  82463 	 0.18 	 0.10
124281 	  67993 	 0.12 	 0.09
124281 	  59944 	 0.18 	 0.08
124281 	  69636 	 0.14 	 0.08
111453 	   9595 	 0.16 	 0.07
111453 	  67993 	 0.10 	 0.07
 82662 	  69633 	 0.12 	 0.05
 82662 	  59944 	 0.11 	 0.07
 82662 	  34899 	 0.15 	 0.10
 64212 	  10217 	 0.18 	 0.08
 64212 	  72992 	 0.10 	 0.06
 64212 	  64266 	 0.12 	 0.04
 89982 	  50275 	 0.17 	 0.06
 89982 	  78533 	 0.18 	 0.09
 89982 	  82555 	 0.18 	 0.09
 89982 	  52768 	 0.15 	 0.08
 89982 	   2986 	 0.14 	 0.08
 89982 	  91926 	 0.16 	 0.08
 89982 	  94785 	 0.18 	 0.08
 89982 	   2332 	 0.18 	 0.07
 89982 	 105733 	 0.14 	 0.08
 89982 	   5103 	 0.18 	 0.07
 89982 	   5133 	 0.18 	 0.08
 89982 	  79310 	 0.15 	 0.07
 89982 	 108273 	 0.17 	 0.09
 89982 	   2996 	 0.18 	 0.08
 89982 	 108174 	 0.15 	 0.05
 89982 	 105413 	 0.19 	 0.08
 89982 	  48486 	 0.17 	 0.04
 89982 	  37931 	 0.13 	 0.05
 89982 	  95790 	 0.18 	 0.07
 89982 	 109399 	 0.17 	 0.08
 89982 	 109086 	 0.18 	 0.08
 89982 	 105523 	 0.11 	 0.09
 89982 	 119884 	 0.17 	 0.05
 89982 	  81503 	 0.13 	 0.07
 89982 	  82242 	 0.13 	 0.06
 89982 	  62878 	 0.18 	 0.08
 89982 	  41611 	 0.18 	 0.07
 89982 	  62617 	 0.18 	 0.08
 89982 	 107802 	 0.17 	 0.10
 89982 	 119808 	 0.16 	 0.06
 42495 	   9595 	 0.12 	 0.10
 42495 	 205919 	 0.15 	 0.09
 42495 	  82555 	 0.17 	 0.07
 42495 	 107934 	 0.19 	 0.10
 42495 	  10217 	 0.17 	 0.06
 42495 	 117081 	 0.18 	 0.10
 42495 	  92250 	 0.16 	 0.09
 42495 	  82503 	 0.19 	 0.05
 42495 	  51289 	 0.14 	 0.09
 42495 	  10274 	 0.15 	 0.09
 42495 	   2996 	 0.19 	 0.04
 42495 	  64266 	 0.17 	 0.02
 42495 	 107489 	 0.17 	 0.09
 42495 	  16404 	 0.12 	 0.09
 42495 	  81262 	 0.11 	 0.07
 42495 	  34379 	 0.17 	 0.07
 42495 	  82463 	 0.11 	 0.09
 42495 	  48728 	 0.11 	 0.06
 42495 	 105872 	 0.12 	 0.09
 42495 	  86570 	 0.11 	 0.06
 42495 	  31821 	 0.13 	 0.10
 42495 	  89982 	 0.15 	 0.08
116362 	   9595 	 0.11 	 0.07
116362 	  69633 	 0.14 	 0.06
116362 	  16404 	 0.15 	 0.09
116362 	  59944 	 0.16 	 0.06
116362 	  69636 	 0.14 	 0.06
105591 	   9595 	 0.13 	 0.04
105591 	  10217 	 0.16 	 0.03
105591 	  70788 	 0.15 	 0.08
128928 	   9595 	 0.15 	 0.08
128928 	  10217 	 0.14 	 0.04
128928 	  69633 	 0.11 	 0.08
128928 	  16404 	 0.15 	 0.09
128928 	  81262 	 0.16 	 0.06
128928 	  48728 	 0.18 	 0.04
128928 	  59944 	 0.14 	 0.08
128928 	  86570 	 0.16 	 0.04
128928 	  69636 	 0.13 	 0.08
128079 	  81305 	 0.15 	 0.09
128079 	  69026 	 0.15 	 0.09
128079 	  81306 	 0.19 	 0.10
128079 	  69633 	 0.13 	 0.09
128079 	  64266 	 0.14 	 0.04
128079 	  16404 	 0.19 	 0.09
128079 	  81262 	 0.16 	 0.08
128079 	  82463 	 0.16 	 0.09
128079 	  48728 	 0.16 	 0.09
128079 	  86570 	 0.16 	 0.09
128079 	  69636 	 0.13 	 0.08
128079 	  52076 	 0.17 	 0.10
122396 	  10217 	 0.14 	 0.05
122396 	  31770 	 0.11 	 0.10
122396 	  69636 	 0.19 	 0.09
 88019 	 117976 	 0.16 	 0.10
 88019 	  81305 	 0.10 	 0.05
 88019 	  63310 	 0.15 	 0.07
 88019 	  69026 	 0.10 	 0.06
 88019 	  81306 	 0.10 	 0.04
 88019 	 103296 	 0.16 	 0.09
 88019 	  72992 	 0.10 	 0.07
 88019 	  69633 	 0.10 	 0.05
 88019 	  16404 	 0.12 	 0.03
 88019 	  86335 	 0.10 	 0.09
 88019 	  61797 	 0.10 	 0.08
 88019 	  67672 	 0.11 	 0.06
 88019 	  70788 	 0.16 	 0.07
 88019 	  69636 	 0.10 	 0.05
 88019 	 103602 	 0.18 	 0.07
112063 	  31770 	 0.10 	 0.08
112063 	  67993 	 0.11 	 0.10
112063 	  70788 	 0.17 	 0.10
100687 	  53672 	 0.16 	 0.09
100687 	  79310 	 0.18 	 0.10
100687 	  37464 	 0.19 	 0.10
100687 	  37931 	 0.17 	 0.05
100687 	 119884 	 0.18 	 0.10
130833 	  37931 	 0.17 	 0.08
114929 	 205919 	 0.17 	 0.09
114929 	  95182 	 0.16 	 0.07
114929 	  62372 	 0.13 	 0.08
114929 	  18307 	 0.11 	 0.07
114929 	 125052 	 0.19 	 0.10
114929 	   9967 	 0.12 	 0.09
114929 	  51213 	 0.17 	 0.07
114929 	  29716 	 0.17 	 0.09
114929 	  63310 	 0.14 	 0.06
114929 	  10217 	 0.13 	 0.03
114929 	 125161 	 0.12 	 0.08
114929 	  36327 	 0.16 	 0.10
114929 	  51513 	 0.12 	 0.08
114929 	  10274 	 0.12 	 0.06
114929 	  79768 	 0.12 	 0.06
114929 	  66221 	 0.16 	 0.07
114929 	 119617 	 0.18 	 0.09
114929 	 101673 	 0.13 	 0.10
114929 	 114259 	 0.14 	 0.07
114929 	  15972 	 0.13 	 0.07
114929 	  82318 	 0.18 	 0.08
114929 	 119717 	 0.18 	 0.10
114929 	  70314 	 0.10 	 0.08
114929 	 120346 	 0.19 	 0.09
114929 	 115465 	 0.16 	 0.09
114929 	 101486 	 0.18 	 0.09
114929 	 117950 	 0.15 	 0.08
114929 	  79171 	 0.13 	 0.07
114929 	  98991 	 0.19 	 0.09
114929 	 118234 	 0.18 	 0.10
114929 	  31394 	 0.14 	 0.09
114929 	  86131 	 0.17 	 0.06
114929 	  95496 	 0.12 	 0.09
114929 	  66612 	 0.17 	 0.09
114929 	  89982 	 0.17 	 0.08
123347 	   9595 	 0.11 	 0.05
123347 	  88141 	 0.16 	 0.07
123347 	  78533 	 0.10 	 0.06
123347 	  62372 	 0.16 	 0.07
123347 	  10217 	 0.14 	 0.05
123347 	  85890 	 0.10 	 0.08
123347 	  81306 	 0.18 	 0.05
123347 	   2332 	 0.10 	 0.08
123347 	  68681 	 0.11 	 0.08
123347 	  72992 	 0.18 	 0.07
123347 	  76449 	 0.13 	 0.08
123347 	  69633 	 0.15 	 0.04
123347 	  16404 	 0.18 	 0.06
123347 	  74286 	 0.13 	 0.08
123347 	  86335 	 0.18 	 0.08
123347 	  61797 	 0.18 	 0.07
123347 	  76438 	 0.13 	 0.07
123347 	  79171 	 0.16 	 0.07
123347 	 105523 	 0.16 	 0.09
123347 	  59944 	 0.12 	 0.06
123347 	  74664 	 0.13 	 0.08
123347 	  41611 	 0.13 	 0.07
123347 	  62617 	 0.13 	 0.08
123347 	  76053 	 0.17 	 0.07
123347 	  69636 	 0.17 	 0.04
123347 	  52076 	 0.15 	 0.06
123347 	  73555 	 0.19 	 0.07
123347 	  95496 	 0.17 	 0.08
123347 	  66612 	 0.11 	 0.07
123347 	  42495 	 0.18 	 0.07
 58385 	  10217 	 0.19 	 0.07
 58385 	  64266 	 0.10 	 0.03
105144 	  65408 	 0.15 	 0.10
105144 	  82318 	 0.18 	 0.07
105144 	  16404 	 0.10 	 0.09
105144 	  81262 	 0.10 	 0.04
105144 	  48728 	 0.10 	 0.03
105144 	  86570 	 0.10 	 0.03
130531 	  69633 	 0.19 	 0.10
130531 	  59944 	 0.14 	 0.10
130531 	  70788 	 0.18 	 0.10
130531 	  69636 	 0.19 	 0.10
130531 	  66612 	 0.10 	 0.10
 69502 	  59539 	 0.16 	 0.09
 69502 	  50275 	 0.15 	 0.07
 69502 	  91563 	 0.15 	 0.06
 69502 	  78533 	 0.14 	 0.09
 69502 	  82555 	 0.13 	 0.07
 69502 	  52768 	 0.19 	 0.09
 69502 	  28241 	 0.15 	 0.07
 69502 	  91926 	 0.14 	 0.08
 69502 	  82503 	 0.18 	 0.03
 69502 	 114535 	 0.18 	 0.10
 69502 	  96113 	 0.19 	 0.07
 69502 	 111407 	 0.19 	 0.08
 69502 	 105970 	 0.16 	 0.08
 69502 	  44074 	 0.16 	 0.10
 69502 	  70646 	 0.18 	 0.08
 69502 	 126216 	 0.12 	 0.05
 69502 	  94785 	 0.14 	 0.09
 69502 	   2332 	 0.14 	 0.08
 69502 	   5103 	 0.12 	 0.06
 69502 	 116522 	 0.19 	 0.07
 69502 	   5133 	 0.14 	 0.07
 69502 	 120065 	 0.17 	 0.10
 69502 	  79310 	 0.15 	 0.08
 69502 	 108273 	 0.11 	 0.09
 69502 	   2996 	 0.16 	 0.08
 69502 	 120998 	 0.17 	 0.10
 69502 	 108174 	 0.12 	 0.06
 69502 	  82318 	 0.16 	 0.09
 69502 	 107489 	 0.15 	 0.06
 69502 	 105413 	 0.13 	 0.09
 69502 	  48486 	 0.14 	 0.04
 69502 	  37931 	 0.12 	 0.06
 69502 	  27623 	 0.17 	 0.07
 69502 	    514 	 0.16 	 0.09
 69502 	 109399 	 0.15 	 0.07
 69502 	  94005 	 0.16 	 0.09
 69502 	 109086 	 0.13 	 0.08
 69502 	 119884 	 0.13 	 0.05
 69502 	 122171 	 0.18 	 0.09
 69502 	 111227 	 0.19 	 0.08
 69502 	 121157 	 0.18 	 0.07
 69502 	  81503 	 0.10 	 0.08
 69502 	  92509 	 0.19 	 0.09
 69502 	  82242 	 0.14 	 0.06
 69502 	  62878 	 0.13 	 0.08
 69502 	 108765 	 0.19 	 0.06
 69502 	  41611 	 0.14 	 0.08
 69502 	  62617 	 0.14 	 0.09
 69502 	  96495 	 0.19 	 0.09
 69502 	 131601 	 0.17 	 0.07
 69502 	 126225 	 0.19 	 0.06
 69502 	  73555 	 0.17 	 0.07
 69502 	 107802 	 0.13 	 0.09
 69502 	 119808 	 0.13 	 0.06
 69502 	  42495 	 0.12 	 0.08
 69502 	  88019 	 0.17 	 0.04
 69502 	 114929 	 0.11 	 0.08
 69502 	 105144 	 0.17 	 0.08
 92655 	  81305 	 0.12 	 0.06
 92655 	  69026 	 0.12 	 0.06
 92655 	  81306 	 0.11 	 0.07
 92655 	  72992 	 0.11 	 0.08
 92655 	  65887 	 0.16 	 0.08
 92655 	  79768 	 0.19 	 0.06
 92655 	  16404 	 0.12 	 0.06
 92655 	  81262 	 0.14 	 0.07
 92655 	  48728 	 0.14 	 0.04
 92655 	  67672 	 0.12 	 0.08
 92655 	  70788 	 0.18 	 0.09
 92655 	  86570 	 0.14 	 0.04
 92655 	  69636 	 0.10 	 0.06
 92655 	  52076 	 0.10 	 0.10
 92655 	  34899 	 0.10 	 0.10
 92655 	  69502 	 0.18 	 0.05
  8991 	  10217 	 0.18 	 0.04
 66646 	  53672 	 0.19 	 0.08
 66646 	  37931 	 0.16 	 0.06
 66646 	  81503 	 0.15 	 0.09
113084 	  81305 	 0.11 	 0.06
113084 	  63310 	 0.17 	 0.10
113084 	  69026 	 0.13 	 0.07
113084 	  81306 	 0.13 	 0.08
113084 	  65887 	 0.15 	 0.10
113084 	   3208 	 0.16 	 0.09
113084 	  79768 	 0.14 	 0.08
113084 	  16404 	 0.13 	 0.07
113084 	  81262 	 0.11 	 0.06
113084 	  82463 	 0.13 	 0.07
113084 	  48728 	 0.13 	 0.06
113084 	  70788 	 0.14 	 0.09
113084 	  86570 	 0.13 	 0.06
113084 	  52076 	 0.11 	 0.09
113084 	  34899 	 0.13 	 0.09
113084 	  95496 	 0.16 	 0.07
 98306 	  77153 	 0.11 	 0.10
 98306 	  77148 	 0.14 	 0.10
 98306 	  67993 	 0.16 	 0.10
 98306 	  70788 	 0.17 	 0.10
122256 	   8980 	 0.19 	 0.10
122256 	 113027 	 0.11 	 0.09
122256 	  28241 	 0.11 	 0.07
122256 	  51289 	 0.12 	 0.07
122256 	  65863 	 0.10 	 0.09
122256 	  70646 	 0.13 	 0.10
122256 	 105733 	 0.12 	 0.08
122256 	  92527 	 0.16 	 0.07
122256 	 108174 	 0.11 	 0.09
122256 	  82318 	 0.15 	 0.10
122256 	  64266 	 0.10 	 0.07
122256 	 121157 	 0.17 	 0.09
122256 	   2268 	 0.10 	 0.08
122256 	  62878 	 0.10 	 0.06
122256 	  50841 	 0.14 	 0.10
122256 	 119808 	 0.10 	 0.09
122256 	 121983 	 0.15 	 0.10
122256 	 123347 	 0.19 	 0.10
122256 	  92655 	 0.12 	 0.09
 87194 	  81305 	 0.10 	 0.08
 87194 	 205919 	 0.17 	 0.09
 87194 	  82555 	 0.17 	 0.07
 87194 	  95182 	 0.17 	 0.09
 87194 	 105200 	 0.15 	 0.09
 87194 	  82246 	 0.19 	 0.07
 87194 	  10217 	 0.16 	 0.07
 87194 	  92250 	 0.17 	 0.08
 87194 	  82503 	 0.14 	 0.04
 87194 	  51289 	 0.16 	 0.06
 87194 	  53672 	 0.17 	 0.08
 87194 	  81306 	 0.13 	 0.09
 87194 	  69633 	 0.10 	 0.09
 87194 	  10274 	 0.17 	 0.08
 87194 	  79768 	 0.16 	 0.10
 87194 	   2996 	 0.13 	 0.04
 87194 	  82318 	 0.19 	 0.08
 87194 	  64266 	 0.13 	 0.02
 87194 	 107489 	 0.17 	 0.09
 87194 	  16404 	 0.13 	 0.08
 87194 	  81262 	 0.13 	 0.09
 87194 	  48486 	 0.18 	 0.09
 87194 	  37931 	 0.13 	 0.07
 87194 	  34379 	 0.12 	 0.06
 87194 	   2267 	 0.19 	 0.08
 87194 	  82463 	 0.13 	 0.09
 87194 	  48728 	 0.11 	 0.08
 87194 	  81503 	 0.13 	 0.06
 87194 	  80885 	 0.17 	 0.09
 87194 	  86131 	 0.17 	 0.08
 87194 	 119890 	 0.17 	 0.09
 87194 	 105872 	 0.13 	 0.09
 87194 	  86570 	 0.11 	 0.08
 87194 	 125108 	 0.11 	 0.10
 87194 	  66612 	 0.15 	 0.10
 87194 	  89982 	 0.17 	 0.07
 87194 	  69502 	 0.14 	 0.08
103607 	  10217 	 0.18 	 0.06
103607 	  64266 	 0.10 	 0.03
