127102 	  92753 	 0.42 	 0.15
 39337 	 127102 	 0.45 	 0.20
 39337 	 118052 	 0.43 	 0.18
110641 	  39337 	 0.49 	 0.19
 50275 	  39337 	 0.40 	 0.15
 93163 	  92753 	 0.42 	 0.19
 93163 	 118052 	 0.43 	 0.19
 93163 	  39337 	 0.46 	 0.13
 93163 	 110641 	 0.40 	 0.16
 39079 	  39337 	 0.46 	 0.17
 39079 	  50275 	 0.41 	 0.17
128397 	  39337 	 0.43 	 0.19
128397 	  93163 	 0.40 	 0.18
100225 	  93163 	 0.41 	 0.15
 95573 	  93163 	 0.47 	 0.15
 95573 	  39079 	 0.45 	 0.19
 82555 	  92753 	 0.43 	 0.10
 95182 	 117976 	 0.42 	 0.18
 52768 	  39337 	 0.44 	 0.16
 52768 	  50275 	 0.41 	 0.13
 52768 	  91563 	 0.43 	 0.19
 52768 	  95573 	 0.40 	 0.16
  2986 	  59539 	 0.43 	 0.18
 80370 	 127102 	 0.43 	 0.18
 80370 	  50275 	 0.41 	 0.16
 80370 	  93163 	 0.47 	 0.12
 80370 	  39079 	 0.44 	 0.15
 80370 	 128397 	 0.41 	 0.18
 80370 	 100225 	 0.45 	 0.20
 80370 	  52768 	 0.49 	 0.15
126040 	  93163 	 0.40 	 0.17
 62372 	  95182 	 0.40 	 0.12
 76155 	 127102 	 0.47 	 0.15
 76155 	  52768 	 0.40 	 0.13
 76155 	 126040 	 0.45 	 0.19
 75030 	 102380 	 0.46 	 0.17
 75030 	 117976 	 0.40 	 0.16
128844 	  92753 	 0.42 	 0.15
128844 	  39337 	 0.45 	 0.20
128844 	  80370 	 0.46 	 0.18
128844 	  76155 	 0.47 	 0.15
106205 	  93163 	 0.43 	 0.16
105200 	 127102 	 0.44 	 0.17
105200 	  39337 	 0.47 	 0.18
105200 	  50275 	 0.48 	 0.12
105200 	  95573 	 0.43 	 0.11
105200 	 127242 	 0.43 	 0.17
105200 	   2986 	 0.48 	 0.14
105200 	 126040 	 0.40 	 0.17
105200 	  76155 	 0.43 	 0.12
105200 	 128844 	 0.44 	 0.16
114621 	  95573 	 0.46 	 0.19
114621 	  76155 	 0.43 	 0.17
114621 	 105200 	 0.41 	 0.12
122022 	 113401 	 0.43 	 0.16
122022 	  50275 	 0.45 	 0.14
122022 	  91563 	 0.42 	 0.18
122022 	 100225 	 0.47 	 0.18
122022 	  82555 	 0.46 	 0.13
122022 	  80370 	 0.48 	 0.15
 88333 	  93163 	 0.45 	 0.16
 88333 	 122022 	 0.41 	 0.15
 18307 	  95182 	 0.40 	 0.13
 96738 	 122022 	 0.43 	 0.15
 70752 	  39337 	 0.42 	 0.12
 70752 	  80370 	 0.41 	 0.16
 70752 	 105200 	 0.44 	 0.14
  8980 	 100225 	 0.44 	 0.19
  8980 	  95573 	 0.43 	 0.18
  8980 	  88333 	 0.44 	 0.20
130780 	  93163 	 0.46 	 0.16
130780 	  80370 	 0.48 	 0.18
130780 	  76155 	 0.40 	 0.13
130780 	 105200 	 0.45 	 0.15
 91848 	 113401 	 0.44 	 0.16
125052 	 100225 	 0.47 	 0.19
125052 	  95573 	 0.48 	 0.17
125052 	 105200 	 0.43 	 0.18
125052 	 109693 	 0.45 	 0.19
107934 	  96511 	 0.46 	 0.20
107934 	  39337 	 0.45 	 0.17
107934 	  50275 	 0.41 	 0.14
107934 	  82555 	 0.41 	 0.15
107934 	  80370 	 0.43 	 0.13
131018 	 105200 	 0.42 	 0.14
126200 	 105200 	 0.43 	 0.15
126200 	 114621 	 0.40 	 0.18
113027 	  39337 	 0.42 	 0.18
113027 	  52768 	 0.46 	 0.16
113027 	  80370 	 0.41 	 0.18
124999 	 105200 	 0.43 	 0.17
 28241 	  59539 	 0.41 	 0.12
 28241 	 110641 	 0.40 	 0.15
 28241 	  93163 	 0.48 	 0.11
 28241 	  39079 	 0.48 	 0.16
 28241 	  91563 	 0.49 	 0.13
 28241 	 100225 	 0.49 	 0.18
 28241 	  52768 	 0.49 	 0.14
 28241 	  76155 	 0.46 	 0.19
 28241 	 114621 	 0.41 	 0.13
 28241 	 122022 	 0.42 	 0.13
 28241 	  70752 	 0.41 	 0.18
 28241 	   8980 	 0.43 	 0.20
 28241 	 130780 	 0.42 	 0.17
 28241 	 107934 	 0.47 	 0.12
130983 	  92753 	 0.42 	 0.15
130983 	  39337 	 0.45 	 0.19
130983 	  80370 	 0.46 	 0.19
130983 	  76155 	 0.47 	 0.15
130983 	 105200 	 0.44 	 0.16
 82246 	   2986 	 0.41 	 0.11
 93171 	  93163 	 0.40 	 0.20
114379 	 130387 	 0.49 	 0.18
114379 	  39337 	 0.47 	 0.17
114379 	  50275 	 0.40 	 0.14
114379 	  80370 	 0.42 	 0.16
114379 	 105200 	 0.49 	 0.13
114379 	 105455 	 0.45 	 0.17
131151 	  28241 	 0.42 	 0.14
110268 	  50275 	 0.43 	 0.18
110268 	  82555 	 0.47 	 0.11
110268 	  28241 	 0.40 	 0.15
101160 	  95182 	 0.45 	 0.20
127649 	  93163 	 0.43 	 0.19
127649 	 105200 	 0.43 	 0.16
 95603 	  52768 	 0.40 	 0.14
 95603 	  80370 	 0.46 	 0.18
 95603 	 105200 	 0.43 	 0.13
 95603 	 114621 	 0.43 	 0.17
 95603 	 122022 	 0.45 	 0.15
 95603 	 125052 	 0.40 	 0.14
 95603 	 107934 	 0.47 	 0.19
 95603 	 124999 	 0.40 	 0.17
 10217 	  95182 	 0.40 	 0.15
 10217 	   9967 	 0.41 	 0.12
 90147 	  95182 	 0.42 	 0.19
 90147 	   2986 	 0.44 	 0.19
 90147 	 106302 	 0.44 	 0.17
 90147 	 114621 	 0.44 	 0.13
 90147 	 109693 	 0.43 	 0.19
 90147 	  82246 	 0.40 	 0.12
 91926 	  50275 	 0.45 	 0.17
 91926 	  93163 	 0.44 	 0.15
 91926 	  82555 	 0.46 	 0.11
 91926 	  80370 	 0.48 	 0.19
 91926 	  76155 	 0.42 	 0.17
 91926 	  28241 	 0.41 	 0.16
 91926 	  82246 	 0.40 	 0.13
 91926 	  95603 	 0.46 	 0.20
  7012 	  39079 	 0.43 	 0.18
  7012 	  95573 	 0.45 	 0.19
117081 	 113401 	 0.43 	 0.17
117081 	  94908 	 0.45 	 0.17
117081 	 102380 	 0.41 	 0.18
117081 	  91563 	 0.49 	 0.14
117081 	  97838 	 0.42 	 0.20
117081 	  82555 	 0.49 	 0.13
117081 	  52768 	 0.42 	 0.15
117081 	 127533 	 0.42 	 0.20
117081 	 109693 	 0.46 	 0.15
117081 	 105455 	 0.41 	 0.13
117081 	 101280 	 0.42 	 0.19
117081 	 110268 	 0.49 	 0.20
117081 	 101160 	 0.40 	 0.19
117081 	  95603 	 0.46 	 0.18
 92865 	  82555 	 0.40 	 0.11
 92865 	  80370 	 0.42 	 0.15
 92865 	 122022 	 0.42 	 0.18
 92865 	 107934 	 0.48 	 0.20
 92865 	  28241 	 0.46 	 0.18
 92865 	 110268 	 0.40 	 0.17
 92865 	 101160 	 0.47 	 0.20
 92865 	 117081 	 0.48 	 0.16
  5646 	 122022 	 0.41 	 0.17
  5646 	 107934 	 0.48 	 0.14
  5646 	  92865 	 0.42 	 0.13
 92250 	  94908 	 0.40 	 0.20
 92250 	 110641 	 0.47 	 0.19
 92250 	  50275 	 0.48 	 0.11
 92250 	  91563 	 0.42 	 0.12
 92250 	 106302 	 0.40 	 0.12
 92250 	 114621 	 0.41 	 0.16
 92250 	 126626 	 0.44 	 0.15
 92250 	 114379 	 0.45 	 0.20
 92250 	 110268 	 0.49 	 0.18
 92250 	  95603 	 0.46 	 0.10
 92250 	  95442 	 0.43 	 0.19
 92250 	   5646 	 0.41 	 0.14
 94332 	  95573 	 0.40 	 0.20
 94332 	 105200 	 0.49 	 0.15
 94332 	  28241 	 0.49 	 0.20
 94332 	  95603 	 0.40 	 0.20
 94332 	  91926 	 0.45 	 0.19
 94332 	 117081 	 0.42 	 0.18
 94332 	  92250 	 0.42 	 0.14
 31490 	  92250 	 0.42 	 0.14
114535 	 127102 	 0.46 	 0.16
114535 	  93163 	 0.44 	 0.15
114535 	  92014 	 0.43 	 0.16
114535 	  39079 	 0.44 	 0.19
114535 	  91563 	 0.45 	 0.12
114535 	 100225 	 0.41 	 0.19
114535 	  95573 	 0.45 	 0.18
114535 	 128844 	 0.46 	 0.16
114535 	 130983 	 0.46 	 0.17
114535 	 127649 	 0.40 	 0.14
114535 	  92865 	 0.45 	 0.18
 96113 	 105200 	 0.42 	 0.13
102078 	  39337 	 0.43 	 0.16
102078 	  75030 	 0.41 	 0.17
 51289 	  52768 	 0.45 	 0.16
 51289 	   2986 	 0.44 	 0.11
 51289 	 114621 	 0.41 	 0.10
 51289 	  94332 	 0.45 	 0.15
 94264 	  39337 	 0.41 	 0.18
 94264 	 110268 	 0.44 	 0.20
111407 	  92753 	 0.41 	 0.19
111407 	  93163 	 0.47 	 0.20
111407 	   5543 	 0.42 	 0.20
111407 	  76155 	 0.49 	 0.18
111407 	 130780 	 0.44 	 0.19
111407 	 125052 	 0.42 	 0.15
111407 	 126200 	 0.45 	 0.15
111407 	 124999 	 0.42 	 0.18
113290 	  39337 	 0.43 	 0.18
113290 	 126040 	 0.40 	 0.20
113290 	 122022 	 0.41 	 0.14
113290 	 107934 	 0.42 	 0.16
100909 	  93163 	 0.41 	 0.18
100909 	  76155 	 0.40 	 0.18
100909 	   7012 	 0.41 	 0.18
100909 	 117081 	 0.42 	 0.16
100909 	  92250 	 0.42 	 0.19
 65863 	 127102 	 0.43 	 0.18
 65863 	  50275 	 0.47 	 0.17
 65863 	  93163 	 0.44 	 0.15
 65863 	  39079 	 0.44 	 0.18
 65863 	  91563 	 0.41 	 0.14
 65863 	 100225 	 0.45 	 0.19
 65863 	  76155 	 0.49 	 0.19
 65863 	 128844 	 0.43 	 0.17
 65863 	 105200 	 0.43 	 0.15
 65863 	 122022 	 0.48 	 0.19
 65863 	  70752 	 0.40 	 0.15
 65863 	 107934 	 0.43 	 0.13
 65863 	 130983 	 0.43 	 0.18
 65863 	  82246 	 0.42 	 0.14
 65863 	 114379 	 0.42 	 0.19
 65863 	  92865 	 0.45 	 0.19
 53672 	  50275 	 0.44 	 0.11
 53672 	 128397 	 0.43 	 0.11
 53672 	  80370 	 0.40 	 0.10
 53672 	 114379 	 0.40 	 0.12
 53672 	 114535 	 0.46 	 0.12
 53672 	  51289 	 0.44 	 0.11
108185 	  91563 	 0.46 	 0.20
108185 	  76155 	 0.45 	 0.17
108185 	  90147 	 0.45 	 0.14
108185 	 117081 	 0.44 	 0.13
117951 	 130387 	 0.43 	 0.19
117951 	 107934 	 0.41 	 0.19
117951 	   7012 	 0.44 	 0.17
105970 	  39337 	 0.42 	 0.16
105970 	  93163 	 0.43 	 0.16
105970 	  82555 	 0.41 	 0.16
105970 	  80370 	 0.43 	 0.17
105970 	 105200 	 0.47 	 0.15
105970 	 105455 	 0.40 	 0.18
105970 	 113027 	 0.40 	 0.19
105970 	 114379 	 0.41 	 0.15
105970 	 102278 	 0.40 	 0.20
105970 	 117081 	 0.43 	 0.13
105970 	 114535 	 0.42 	 0.17
129134 	  93163 	 0.47 	 0.14
129134 	  39079 	 0.47 	 0.16
129134 	 100225 	 0.48 	 0.19
129134 	  80370 	 0.46 	 0.17
129134 	 105200 	 0.40 	 0.18
129134 	 127533 	 0.48 	 0.20
129134 	 114621 	 0.40 	 0.16
129134 	  96738 	 0.49 	 0.16
129134 	   8980 	 0.45 	 0.16
129134 	  28241 	 0.40 	 0.15
129134 	 111407 	 0.43 	 0.14
129134 	 113290 	 0.45 	 0.19
131017 	  39337 	 0.46 	 0.17
131017 	  52768 	 0.41 	 0.18
131017 	  76155 	 0.44 	 0.14
131017 	 105200 	 0.47 	 0.18
131017 	 114621 	 0.44 	 0.18
131017 	 114535 	 0.43 	 0.15
131017 	 111407 	 0.40 	 0.19
131017 	  65863 	 0.43 	 0.18
101510 	  93163 	 0.41 	 0.16
127855 	  39337 	 0.42 	 0.20
127855 	   5646 	 0.42 	 0.16
127855 	 114535 	 0.40 	 0.18
127855 	 113290 	 0.44 	 0.19
127855 	  65863 	 0.40 	 0.19
116115 	   2986 	 0.48 	 0.13
116115 	 114621 	 0.44 	 0.17
127451 	 117951 	 0.46 	 0.19
130218 	  93163 	 0.42 	 0.18
130218 	  28241 	 0.40 	 0.19
130218 	 114379 	 0.45 	 0.19
130218 	 117081 	 0.49 	 0.19
  4363 	  93163 	 0.49 	 0.17
  4363 	 105200 	 0.40 	 0.16
  4363 	  70752 	 0.48 	 0.19
  4363 	   8980 	 0.40 	 0.19
  4363 	  91926 	 0.43 	 0.18
  4363 	 114535 	 0.43 	 0.16
  4363 	 113290 	 0.44 	 0.17
 67362 	  52768 	 0.43 	 0.15
 67362 	 105455 	 0.40 	 0.19
119111 	  39337 	 0.45 	 0.19
119111 	  80370 	 0.40 	 0.17
119111 	  75030 	 0.43 	 0.17
119111 	 114621 	 0.47 	 0.20
119111 	   8980 	 0.40 	 0.18
119325 	  39337 	 0.44 	 0.18
119325 	 110268 	 0.44 	 0.19
 93950 	  92865 	 0.48 	 0.18
 93950 	  92250 	 0.49 	 0.11
 93950 	 105970 	 0.49 	 0.16
 58481 	  50275 	 0.41 	 0.18
 58481 	  93163 	 0.48 	 0.12
 58481 	  39079 	 0.44 	 0.16
 58481 	  91563 	 0.46 	 0.17
 58481 	  52768 	 0.49 	 0.16
 58481 	 126040 	 0.46 	 0.19
 58481 	 114621 	 0.44 	 0.18
 58481 	  70752 	 0.47 	 0.18
 58481 	   8980 	 0.43 	 0.19
 58481 	  91926 	 0.48 	 0.18
 58481 	  53672 	 0.44 	 0.11
 58481 	 117951 	 0.41 	 0.16
 58481 	 105970 	 0.47 	 0.18
 58481 	 119111 	 0.44 	 0.19
 70646 	  39337 	 0.40 	 0.19
 70646 	 100225 	 0.45 	 0.18
 70646 	  52768 	 0.45 	 0.13
 70646 	 126040 	 0.42 	 0.19
 70646 	 114621 	 0.48 	 0.16
 70646 	 107934 	 0.43 	 0.13
 70646 	  91926 	 0.44 	 0.18
 70646 	  92250 	 0.48 	 0.15
 70646 	  94332 	 0.45 	 0.18
 70646 	 105970 	 0.40 	 0.19
 70646 	 129134 	 0.43 	 0.20
 70646 	 119111 	 0.40 	 0.16
101544 	  39079 	 0.44 	 0.18
101544 	  95182 	 0.41 	 0.18
101544 	  80370 	 0.40 	 0.19
101544 	  28241 	 0.47 	 0.16
101544 	  91926 	 0.40 	 0.18
101544 	 117081 	 0.49 	 0.19
101544 	  92250 	 0.49 	 0.12
101544 	 111407 	 0.43 	 0.19
101544 	  65863 	 0.40 	 0.14
101544 	 105970 	 0.42 	 0.19
101544 	  70646 	 0.46 	 0.17
118363 	  93163 	 0.40 	 0.18
118363 	  92250 	 0.47 	 0.17
 67846 	 114621 	 0.44 	 0.16
100782 	  93163 	 0.46 	 0.17
 53106 	  95182 	 0.42 	 0.19
105815 	  39337 	 0.49 	 0.17
105815 	  50275 	 0.40 	 0.14
105815 	  93163 	 0.46 	 0.14
105815 	  39079 	 0.46 	 0.18
105815 	  91563 	 0.48 	 0.15
105815 	  82555 	 0.44 	 0.13
105815 	  52768 	 0.44 	 0.16
105815 	 105200 	 0.47 	 0.18
105815 	 114621 	 0.47 	 0.19
105815 	 109693 	 0.45 	 0.17
105815 	  70752 	 0.42 	 0.18
105815 	 105455 	 0.43 	 0.14
105815 	  28241 	 0.47 	 0.14
105815 	 102278 	 0.43 	 0.19
105815 	  90147 	 0.40 	 0.11
105815 	  91926 	 0.47 	 0.15
105815 	 114535 	 0.46 	 0.14
105815 	 111407 	 0.43 	 0.12
105815 	 108185 	 0.41 	 0.16
129960 	  39337 	 0.46 	 0.19
129960 	  93163 	 0.44 	 0.18
101892 	  50275 	 0.40 	 0.15
101892 	  82555 	 0.41 	 0.10
101892 	  95182 	 0.41 	 0.12
101892 	  52768 	 0.44 	 0.17
101892 	 105200 	 0.47 	 0.13
101892 	 114621 	 0.47 	 0.17
101892 	  28241 	 0.43 	 0.13
101892 	 102278 	 0.40 	 0.17
101892 	 110268 	 0.45 	 0.20
101892 	  90147 	 0.47 	 0.14
101892 	   5646 	 0.41 	 0.19
101892 	  94332 	 0.40 	 0.14
126216 	  94332 	 0.42 	 0.16
126216 	  53672 	 0.49 	 0.11
126216 	 101892 	 0.41 	 0.19
130986 	  39337 	 0.43 	 0.14
130986 	  53672 	 0.40 	 0.10
 85972 	  93163 	 0.44 	 0.13
 85972 	  39079 	 0.44 	 0.18
 85972 	  95573 	 0.43 	 0.20
 85972 	  82555 	 0.40 	 0.12
 85972 	  76155 	 0.46 	 0.19
 85972 	 105200 	 0.43 	 0.19
 85972 	  96738 	 0.43 	 0.18
 85972 	 114535 	 0.45 	 0.19
 85972 	 113290 	 0.46 	 0.19
 94785 	  50275 	 0.47 	 0.17
 94785 	  93163 	 0.44 	 0.19
 94785 	  39079 	 0.44 	 0.16
 94785 	  91563 	 0.41 	 0.18
 94785 	 128844 	 0.43 	 0.19
 94785 	 105200 	 0.43 	 0.13
 94785 	 122022 	 0.48 	 0.17
 94785 	  70752 	 0.40 	 0.13
 94785 	 107934 	 0.43 	 0.17
 94785 	 130983 	 0.43 	 0.19
 94785 	  95603 	 0.49 	 0.20
 94785 	  92865 	 0.42 	 0.20
 94785 	  53672 	 0.46 	 0.11
 94785 	 119111 	 0.40 	 0.18
 94785 	 101544 	 0.40 	 0.18
115173 	  39337 	 0.47 	 0.18
115173 	  93163 	 0.46 	 0.15
115173 	  82555 	 0.43 	 0.13
115173 	  52768 	 0.40 	 0.19
115173 	  91848 	 0.43 	 0.17
115173 	  28241 	 0.49 	 0.15
115173 	   5646 	 0.43 	 0.15
115173 	  65863 	 0.41 	 0.18
115173 	 108185 	 0.47 	 0.20
104295 	  39337 	 0.45 	 0.18
104295 	  93163 	 0.44 	 0.14
104295 	  82555 	 0.41 	 0.13
104295 	  91848 	 0.41 	 0.17
104295 	  28241 	 0.47 	 0.15
104295 	   5646 	 0.41 	 0.15
104295 	  65863 	 0.43 	 0.17
104295 	  53672 	 0.41 	 0.10
124419 	  92753 	 0.44 	 0.17
124419 	  39337 	 0.40 	 0.19
124419 	  65863 	 0.44 	 0.19
 91637 	  39337 	 0.42 	 0.19
 91637 	  93163 	 0.43 	 0.20
 91637 	 100225 	 0.44 	 0.18
 91637 	 117081 	 0.45 	 0.16
102383 	  92865 	 0.40 	 0.18
102383 	  92250 	 0.43 	 0.15
122251 	 117081 	 0.40 	 0.18
 68681 	  75030 	 0.40 	 0.19
 52894 	 118052 	 0.40 	 0.18
 52894 	 100225 	 0.44 	 0.18
 52894 	 122022 	 0.47 	 0.19
 52894 	 107934 	 0.42 	 0.16
 52894 	  90147 	 0.47 	 0.15
 52894 	  53672 	 0.40 	 0.13
 52894 	 105970 	 0.42 	 0.16
 52894 	  85972 	 0.41 	 0.17
105733 	 105815 	 0.41 	 0.12
103296 	  94332 	 0.46 	 0.14
103296 	 105970 	 0.47 	 0.19
 16479 	  65408 	 0.43 	 0.16
 65887 	  10217 	 0.40 	 0.15
130217 	 117081 	 0.42 	 0.19
130217 	 129134 	 0.48 	 0.20
119311 	  39337 	 0.44 	 0.18
119311 	 110268 	 0.44 	 0.19
128762 	  39337 	 0.40 	 0.17
128762 	  96738 	 0.49 	 0.19
128762 	  90147 	 0.42 	 0.13
128762 	  92250 	 0.41 	 0.19
125839 	  93163 	 0.47 	 0.17
 43129 	  52768 	 0.40 	 0.15
 43129 	 105200 	 0.49 	 0.14
 43129 	 122022 	 0.42 	 0.12
 43129 	 130780 	 0.40 	 0.16
 43129 	  95603 	 0.40 	 0.20
 43129 	 117081 	 0.42 	 0.14
 43129 	  92250 	 0.46 	 0.10
 43129 	 105815 	 0.45 	 0.16
 43129 	 101892 	 0.41 	 0.17
 43129 	 115173 	 0.46 	 0.20
 43129 	 104295 	 0.44 	 0.19
  5103 	  52768 	 0.44 	 0.20
  5103 	  28241 	 0.41 	 0.14
  5103 	  94332 	 0.44 	 0.14
  5103 	 103296 	 0.42 	 0.13
124080 	  28241 	 0.43 	 0.14
124080 	  92250 	 0.42 	 0.19
124080 	  93950 	 0.43 	 0.16
  8179 	  50275 	 0.47 	 0.18
  8179 	  91563 	 0.41 	 0.15
  8179 	 107934 	 0.40 	 0.14
  8179 	 114379 	 0.45 	 0.17
  8179 	  90147 	 0.43 	 0.17
  8179 	  92250 	 0.47 	 0.13
  8179 	  53672 	 0.46 	 0.10
  8179 	 101544 	 0.43 	 0.18
  8179 	 105815 	 0.42 	 0.17
  8179 	 115173 	 0.48 	 0.19
  8179 	 104295 	 0.46 	 0.19
109370 	 109693 	 0.40 	 0.19
109370 	  96738 	 0.43 	 0.17
109370 	 113290 	 0.49 	 0.18
109370 	 108185 	 0.45 	 0.17
109370 	 117951 	 0.43 	 0.20
 97207 	  39337 	 0.44 	 0.19
 97207 	  50275 	 0.43 	 0.19
 97207 	 100225 	 0.44 	 0.20
 97207 	  80370 	 0.42 	 0.16
 97207 	 105200 	 0.49 	 0.19
 97207 	 105455 	 0.40 	 0.18
 97207 	  28241 	 0.46 	 0.17
 97207 	 114535 	 0.45 	 0.14
 97207 	  65863 	 0.42 	 0.16
 97207 	  94785 	 0.42 	 0.16
116522 	  39337 	 0.41 	 0.19
116522 	 105200 	 0.49 	 0.13
116522 	 114621 	 0.49 	 0.17
116522 	 122022 	 0.49 	 0.16
116522 	 107934 	 0.44 	 0.19
116522 	 114379 	 0.43 	 0.16
116522 	 117081 	 0.42 	 0.18
116522 	  92250 	 0.42 	 0.14
116522 	  94332 	 0.46 	 0.20
116522 	 114535 	 0.41 	 0.20
116522 	  65863 	 0.41 	 0.18
116522 	  93950 	 0.40 	 0.18
116522 	  70646 	 0.49 	 0.17
116522 	  53106 	 0.42 	 0.18
116522 	 130986 	 0.40 	 0.18
116522 	   8179 	 0.41 	 0.19
  5133 	  50275 	 0.43 	 0.15
  5133 	 114621 	 0.47 	 0.19
  5133 	  91926 	 0.43 	 0.18
  5133 	 117081 	 0.40 	 0.14
  5133 	  92250 	 0.40 	 0.10
  5133 	 105970 	 0.42 	 0.14
  5133 	  58481 	 0.47 	 0.11
  5133 	 105815 	 0.42 	 0.13
 91880 	  95573 	 0.40 	 0.16
 91880 	   5543 	 0.43 	 0.15
 91880 	 130780 	 0.40 	 0.19
 91880 	  90147 	 0.42 	 0.17
 91880 	  67846 	 0.42 	 0.18
 91880 	  53106 	 0.49 	 0.19
103133 	  39337 	 0.45 	 0.19
103133 	  93163 	 0.47 	 0.18
103133 	  39079 	 0.42 	 0.19
103133 	  82555 	 0.41 	 0.11
103133 	  28241 	 0.47 	 0.14
103133 	  65863 	 0.40 	 0.18
103133 	  70646 	 0.43 	 0.16
101463 	 105970 	 0.40 	 0.18
108127 	 100225 	 0.42 	 0.20
108127 	 107934 	 0.40 	 0.16
108127 	 126200 	 0.41 	 0.16
108127 	   7012 	 0.46 	 0.17
108127 	 129134 	 0.40 	 0.12
108127 	   4363 	 0.44 	 0.17
108127 	 101544 	 0.40 	 0.19
108127 	  85972 	 0.42 	 0.16
108127 	 116522 	 0.43 	 0.19
120065 	 118052 	 0.42 	 0.17
120065 	  50275 	 0.43 	 0.19
120065 	  91563 	 0.41 	 0.16
120065 	 100225 	 0.40 	 0.15
120065 	 106205 	 0.43 	 0.17
120065 	 114621 	 0.40 	 0.12
120065 	  88333 	 0.42 	 0.18
120065 	   8980 	 0.48 	 0.19
120065 	 107934 	 0.44 	 0.14
120065 	 127649 	 0.45 	 0.16
120065 	  95442 	 0.46 	 0.12
120065 	 122840 	 0.41 	 0.13
120065 	  65863 	 0.46 	 0.16
120065 	 105970 	 0.45 	 0.15
120065 	 131017 	 0.45 	 0.18
120065 	  58481 	 0.46 	 0.11
120065 	 101544 	 0.41 	 0.14
120065 	 118363 	 0.40 	 0.16
120065 	 105815 	 0.48 	 0.12
120065 	 115173 	 0.40 	 0.14
120065 	   8179 	 0.42 	 0.17
120065 	 116522 	 0.41 	 0.18
114673 	 127102 	 0.46 	 0.20
114673 	  59539 	 0.47 	 0.17
114673 	  39337 	 0.42 	 0.13
114673 	  80370 	 0.43 	 0.14
114673 	  76155 	 0.49 	 0.11
114673 	 128844 	 0.46 	 0.18
114673 	 114621 	 0.47 	 0.16
114673 	 109693 	 0.49 	 0.19
114673 	 130983 	 0.46 	 0.19
114673 	 102278 	 0.41 	 0.19
114673 	  91926 	 0.47 	 0.16
114673 	  92865 	 0.45 	 0.19
114673 	  92250 	 0.44 	 0.13
114673 	 114535 	 0.42 	 0.12
114673 	  96113 	 0.41 	 0.16
114673 	 111407 	 0.40 	 0.18
114673 	 122840 	 0.45 	 0.14
114673 	 105970 	 0.46 	 0.16
114673 	  70646 	 0.43 	 0.12
114673 	  67846 	 0.43 	 0.13
114673 	  53106 	 0.47 	 0.11
114673 	 126216 	 0.41 	 0.17
114673 	  91880 	 0.45 	 0.16
 96012 	  39079 	 0.49 	 0.16
 96012 	  80370 	 0.46 	 0.18
 96012 	 105970 	 0.42 	 0.18
125990 	  95182 	 0.42 	 0.17
125990 	 122022 	 0.41 	 0.16
125990 	 117081 	 0.44 	 0.19
125990 	 129134 	 0.44 	 0.20
129208 	 108185 	 0.46 	 0.19
129208 	 117951 	 0.42 	 0.16
129208 	 101544 	 0.42 	 0.19
 73957 	 114621 	 0.41 	 0.19
 73957 	  70752 	 0.46 	 0.19
 73957 	 130780 	 0.40 	 0.19
 73957 	 117081 	 0.46 	 0.15
 73957 	 105970 	 0.42 	 0.16
 73957 	  58481 	 0.47 	 0.19
 73957 	 114673 	 0.40 	 0.17
118768 	  95182 	 0.40 	 0.14
118768 	  76155 	 0.45 	 0.16
118768 	   7012 	 0.43 	 0.16
118768 	 129134 	 0.42 	 0.17
118768 	 109370 	 0.44 	 0.19
 85142 	  91563 	 0.43 	 0.13
 85142 	 100225 	 0.40 	 0.18
 85142 	  95573 	 0.40 	 0.19
 85142 	 122022 	 0.43 	 0.15
 85142 	  91926 	 0.49 	 0.17
 85142 	  92250 	 0.42 	 0.13
 85142 	 131017 	 0.41 	 0.18
 85142 	  70646 	 0.49 	 0.18
 85142 	 105815 	 0.44 	 0.19
 85142 	 101892 	 0.44 	 0.17
 85142 	 115173 	 0.40 	 0.19
 85142 	   5103 	 0.44 	 0.17
128974 	 129134 	 0.44 	 0.19
 79310 	  50275 	 0.48 	 0.18
 79310 	 127242 	 0.40 	 0.14
 79310 	  52768 	 0.41 	 0.16
 79310 	  80370 	 0.41 	 0.10
 79310 	 105200 	 0.41 	 0.14
 79310 	 122022 	 0.42 	 0.15
 79310 	 131018 	 0.40 	 0.16
 79310 	 110268 	 0.40 	 0.15
 79310 	  91926 	 0.48 	 0.13
 79310 	  82503 	 0.46 	 0.16
 79310 	  96113 	 0.42 	 0.16
 79310 	 111407 	 0.45 	 0.17
 79310 	  65863 	 0.43 	 0.11
 79310 	 117951 	 0.41 	 0.16
 79310 	 116115 	 0.48 	 0.13
 79310 	  58481 	 0.44 	 0.12
 79310 	 101892 	 0.40 	 0.12
 79310 	  94785 	 0.47 	 0.12
 79310 	 124419 	 0.47 	 0.16
 79310 	   5103 	 0.41 	 0.14
 79310 	   8179 	 0.40 	 0.10
 79310 	  97207 	 0.43 	 0.19
 79310 	 120065 	 0.43 	 0.19
101365 	  93163 	 0.40 	 0.14
101365 	  91563 	 0.44 	 0.20
101365 	  52768 	 0.41 	 0.16
101365 	  52894 	 0.49 	 0.18
101365 	 108127 	 0.41 	 0.18
  3208 	  39337 	 0.40 	 0.17
  3208 	  10217 	 0.40 	 0.11
 99159 	  93163 	 0.41 	 0.20
 99159 	 122022 	 0.47 	 0.19
 99159 	  28241 	 0.40 	 0.15
 99159 	  92250 	 0.48 	 0.15
 99159 	  70646 	 0.45 	 0.16
 99159 	   8179 	 0.42 	 0.19
 99159 	 120065 	 0.40 	 0.16
 66221 	 127533 	 0.42 	 0.20
122945 	  93163 	 0.43 	 0.16
122945 	  28241 	 0.48 	 0.15
122945 	  70646 	 0.41 	 0.17
119617 	 127102 	 0.42 	 0.19
119617 	 128844 	 0.42 	 0.18
119617 	 122022 	 0.40 	 0.14
119617 	 130983 	 0.42 	 0.17
107458 	  92753 	 0.41 	 0.11
107458 	 127102 	 0.49 	 0.20
107458 	  50275 	 0.48 	 0.18
107458 	  91563 	 0.46 	 0.16
107458 	  52768 	 0.46 	 0.20
107458 	   5543 	 0.42 	 0.17
107458 	 105200 	 0.45 	 0.18
107458 	  96738 	 0.40 	 0.14
107458 	   5646 	 0.44 	 0.16
107458 	 114535 	 0.40 	 0.15
107458 	  53672 	 0.49 	 0.11
107458 	 130218 	 0.49 	 0.18
107458 	  70646 	 0.48 	 0.17
107458 	  91637 	 0.42 	 0.15
107458 	 102383 	 0.46 	 0.20
107458 	 122251 	 0.40 	 0.17
107458 	  43129 	 0.42 	 0.17
107458 	   5103 	 0.42 	 0.16
107458 	   5133 	 0.40 	 0.13
107458 	 101463 	 0.49 	 0.15
107458 	  85142 	 0.46 	 0.15
107458 	  79310 	 0.45 	 0.17
107458 	 119617 	 0.48 	 0.18
101673 	  95182 	 0.42 	 0.17
101673 	   5543 	 0.42 	 0.17
101673 	 129859 	 0.40 	 0.20
 96900 	 102078 	 0.46 	 0.19
114259 	 117081 	 0.47 	 0.14
114259 	 115173 	 0.46 	 0.19
114259 	 103133 	 0.44 	 0.20
102481 	  28241 	 0.40 	 0.15
102481 	  92250 	 0.42 	 0.17
102481 	  52894 	 0.41 	 0.19
  2524 	 114621 	 0.41 	 0.19
  2524 	  90147 	 0.44 	 0.12
 37464 	  52768 	 0.44 	 0.17
 37464 	   2986 	 0.43 	 0.17
 37464 	  80370 	 0.41 	 0.17
 37464 	 105200 	 0.45 	 0.19
 37464 	  28241 	 0.45 	 0.17
 37464 	  91926 	 0.41 	 0.14
 37464 	  65863 	 0.47 	 0.17
 37464 	  53106 	 0.46 	 0.19
 37464 	  94785 	 0.47 	 0.17
 37464 	  85142 	 0.44 	 0.20
 93866 	  59539 	 0.41 	 0.17
 93866 	  95573 	 0.43 	 0.17
 93866 	 114621 	 0.44 	 0.18
 93866 	 102278 	 0.48 	 0.19
 93866 	  65408 	 0.41 	 0.20
 93866 	  92250 	 0.41 	 0.18
 93866 	 114535 	 0.40 	 0.19
 93866 	  96113 	 0.42 	 0.19
 93866 	  58481 	 0.41 	 0.18
 93866 	  70646 	 0.45 	 0.13
 93866 	  53106 	 0.48 	 0.19
 93866 	 116522 	 0.42 	 0.20
108273 	  53672 	 0.40 	 0.10
108273 	  79310 	 0.42 	 0.11
  2996 	  39337 	 0.44 	 0.15
  2996 	  50275 	 0.49 	 0.10
  2996 	  82555 	 0.46 	 0.16
  2996 	   2986 	 0.43 	 0.12
  2996 	  80370 	 0.45 	 0.16
  2996 	  94332 	 0.49 	 0.16
  2996 	  67362 	 0.43 	 0.17
  2996 	  58481 	 0.49 	 0.18
  2996 	  94785 	 0.47 	 0.12
  2996 	  43129 	 0.40 	 0.13
  2996 	 101365 	 0.41 	 0.14
115606 	 118768 	 0.40 	 0.20
120998 	  50275 	 0.48 	 0.15
120998 	  93163 	 0.41 	 0.15
120998 	  91563 	 0.42 	 0.18
120998 	 128844 	 0.47 	 0.18
120998 	 113027 	 0.47 	 0.16
120998 	 130983 	 0.47 	 0.19
120998 	 114379 	 0.46 	 0.19
120998 	 117081 	 0.45 	 0.15
120998 	  94332 	 0.49 	 0.20
120998 	 127855 	 0.43 	 0.20
120998 	   4363 	 0.43 	 0.18
120998 	  70646 	 0.48 	 0.15
120998 	 126216 	 0.42 	 0.18
120998 	  43129 	 0.49 	 0.17
120998 	   8179 	 0.43 	 0.15
120998 	  79310 	 0.41 	 0.17
 15972 	  95182 	 0.40 	 0.12
110588 	 117081 	 0.40 	 0.17
 92527 	 105200 	 0.42 	 0.14
 92527 	 126200 	 0.49 	 0.16
 92527 	 110268 	 0.44 	 0.20
 92527 	   7012 	 0.40 	 0.15
 92527 	 119111 	 0.41 	 0.18
 92527 	 101544 	 0.41 	 0.19
 92527 	  85972 	 0.40 	 0.17
 92527 	  94785 	 0.47 	 0.19
 92527 	   8179 	 0.41 	 0.17
101749 	  39337 	 0.45 	 0.18
101749 	  93163 	 0.44 	 0.15
101749 	  82555 	 0.41 	 0.12
101749 	  91848 	 0.41 	 0.17
101749 	  28241 	 0.47 	 0.15
101749 	   5646 	 0.41 	 0.16
101749 	  65863 	 0.43 	 0.17
101749 	  43129 	 0.44 	 0.19
101749 	   8179 	 0.40 	 0.19
101749 	 114259 	 0.47 	 0.19
108174 	 127102 	 0.44 	 0.18
108174 	  59539 	 0.41 	 0.14
108174 	 118052 	 0.45 	 0.18
108174 	  91563 	 0.49 	 0.18
108174 	  52768 	 0.49 	 0.17
108174 	  76155 	 0.46 	 0.11
108174 	 128844 	 0.44 	 0.17
108174 	 114621 	 0.48 	 0.12
108174 	   8980 	 0.46 	 0.18
108174 	 130780 	 0.42 	 0.20
108174 	 129131 	 0.40 	 0.18
108174 	 131018 	 0.40 	 0.12
108174 	 126200 	 0.43 	 0.17
108174 	 113027 	 0.47 	 0.19
108174 	 130983 	 0.44 	 0.19
108174 	 114379 	 0.49 	 0.19
108174 	  92865 	 0.43 	 0.17
108174 	 114535 	 0.47 	 0.15
108174 	  51289 	 0.41 	 0.17
108174 	 129134 	 0.40 	 0.11
108174 	 127855 	 0.40 	 0.18
108174 	   4363 	 0.46 	 0.16
108174 	 118363 	 0.40 	 0.18
108174 	 129960 	 0.40 	 0.19
108174 	 130986 	 0.45 	 0.16
108174 	  52894 	 0.40 	 0.17
108174 	  43129 	 0.46 	 0.10
108174 	   8179 	 0.47 	 0.13
108174 	  97207 	 0.46 	 0.17
108174 	 116522 	 0.42 	 0.18
108174 	   5133 	 0.47 	 0.15
108174 	  96012 	 0.44 	 0.12
108174 	  73957 	 0.47 	 0.17
108174 	  85142 	 0.49 	 0.12
108174 	  99159 	 0.49 	 0.18
108174 	 102481 	 0.43 	 0.19
108174 	 108273 	 0.42 	 0.14
  2251 	 113401 	 0.40 	 0.19
 75566 	 117976 	 0.45 	 0.18
 75566 	  95573 	 0.41 	 0.18
 75566 	 122022 	 0.45 	 0.15
 75566 	  92865 	 0.42 	 0.18
 75566 	  92250 	 0.46 	 0.11
 75566 	 119111 	 0.46 	 0.18
 75566 	 101544 	 0.48 	 0.18
 75566 	 105815 	 0.40 	 0.18
 75566 	 101892 	 0.45 	 0.19
 75566 	 104295 	 0.48 	 0.17
 75566 	 118768 	 0.44 	 0.19
 75566 	 107458 	 0.41 	 0.14
 75566 	 101749 	 0.48 	 0.18
 52224 	 118052 	 0.41 	 0.19
 52224 	 122022 	 0.43 	 0.16
 52224 	 131018 	 0.45 	 0.14
 52224 	  92865 	 0.44 	 0.11
 52224 	 114535 	 0.44 	 0.16
 52224 	 102078 	 0.41 	 0.16
 52224 	 119111 	 0.45 	 0.17
 52224 	 101544 	 0.45 	 0.16
 52224 	 115173 	 0.47 	 0.13
 52224 	 104295 	 0.45 	 0.13
 52224 	 103133 	 0.41 	 0.14
 52224 	 125990 	 0.44 	 0.18
 52224 	  99159 	 0.49 	 0.19
 52224 	 107458 	 0.46 	 0.10
 52224 	 110588 	 0.48 	 0.12
 52224 	 101749 	 0.45 	 0.13
103677 	 117081 	 0.45 	 0.17
103677 	  92250 	 0.40 	 0.19
122600 	 129134 	 0.40 	 0.18
122600 	  52224 	 0.42 	 0.14
  1531 	   7012 	 0.41 	 0.20
  1531 	 119111 	 0.41 	 0.19
  1531 	 124080 	 0.40 	 0.17
  1531 	  99159 	 0.40 	 0.20
 90137 	  95182 	 0.42 	 0.19
 90137 	   2986 	 0.44 	 0.19
 90137 	 106302 	 0.44 	 0.17
 90137 	 114621 	 0.44 	 0.13
 90137 	 109693 	 0.43 	 0.19
 90137 	  82246 	 0.40 	 0.12
 90137 	 108185 	 0.45 	 0.14
 90137 	 101892 	 0.47 	 0.14
 90137 	 128762 	 0.42 	 0.13
 90137 	   8179 	 0.43 	 0.17
 90137 	  91880 	 0.42 	 0.17
 90137 	   2524 	 0.44 	 0.12
 90137 	  37464 	 0.41 	 0.11
 94602 	  92250 	 0.42 	 0.20
 94602 	 113290 	 0.41 	 0.17
 82318 	  95573 	 0.42 	 0.15
 82318 	 108185 	 0.41 	 0.14
 82318 	  67846 	 0.40 	 0.17
 82318 	  53106 	 0.44 	 0.14
 82318 	  94785 	 0.42 	 0.17
 83275 	  92753 	 0.41 	 0.19
 83275 	 105200 	 0.40 	 0.14
 83275 	 117081 	 0.47 	 0.19
 83275 	  70646 	 0.43 	 0.20
 83275 	 124419 	 0.42 	 0.19
 83275 	 114673 	 0.42 	 0.13
 83275 	  82318 	 0.46 	 0.16
 62268 	  92865 	 0.44 	 0.17
 62268 	  92250 	 0.43 	 0.19
 62268 	  65863 	 0.44 	 0.18
 62268 	 105815 	 0.45 	 0.18
 62268 	   8179 	 0.44 	 0.17
115220 	  39337 	 0.45 	 0.19
115220 	  93163 	 0.44 	 0.16
115220 	  82555 	 0.41 	 0.11
115220 	  91848 	 0.41 	 0.18
115220 	  28241 	 0.47 	 0.15
115220 	   5646 	 0.41 	 0.16
115220 	  65863 	 0.43 	 0.18
115220 	  70646 	 0.43 	 0.17
107489 	  96511 	 0.40 	 0.19
107489 	  50275 	 0.42 	 0.14
107489 	  91563 	 0.47 	 0.12
107489 	 100225 	 0.43 	 0.17
107489 	   5543 	 0.40 	 0.15
107489 	 105200 	 0.49 	 0.15
107489 	  88333 	 0.43 	 0.16
107489 	  70752 	 0.48 	 0.15
107489 	 130780 	 0.46 	 0.12
107489 	 113027 	 0.48 	 0.13
107489 	  28241 	 0.46 	 0.14
107489 	   7012 	 0.40 	 0.17
107489 	 117081 	 0.49 	 0.17
107489 	  94332 	 0.46 	 0.18
107489 	  94264 	 0.46 	 0.17
107489 	 108185 	 0.40 	 0.14
107489 	 129134 	 0.44 	 0.12
107489 	 127855 	 0.47 	 0.14
107489 	  93950 	 0.40 	 0.10
107489 	 129960 	 0.40 	 0.13
107489 	 101892 	 0.44 	 0.15
107489 	 130986 	 0.45 	 0.15
107489 	 128762 	 0.42 	 0.20
107489 	  43129 	 0.47 	 0.15
107489 	   8179 	 0.41 	 0.17
107489 	 114673 	 0.48 	 0.10
107489 	  96012 	 0.44 	 0.19
107489 	  73957 	 0.45 	 0.17
107489 	  79310 	 0.49 	 0.14
107489 	 101365 	 0.48 	 0.18
107489 	  99455 	 0.43 	 0.20
107489 	 102481 	 0.41 	 0.19
107489 	   2524 	 0.45 	 0.11
107489 	 108174 	 0.49 	 0.11
107489 	  62268 	 0.40 	 0.16
 52786 	  94908 	 0.41 	 0.18
 52786 	  39337 	 0.46 	 0.13
 52786 	  50275 	 0.44 	 0.18
 52786 	 107934 	 0.44 	 0.16
 52786 	  91926 	 0.47 	 0.20
 52786 	 102078 	 0.45 	 0.19
 52786 	  53672 	 0.42 	 0.20
 52786 	 131017 	 0.49 	 0.17
 52786 	 103133 	 0.44 	 0.15
 52786 	 120998 	 0.41 	 0.18
 52786 	 103677 	 0.41 	 0.19
 52786 	 115220 	 0.44 	 0.17
117884 	 122022 	 0.41 	 0.19
117884 	  28241 	 0.42 	 0.16
117884 	  92865 	 0.43 	 0.20
117884 	  93950 	 0.44 	 0.17
117884 	 108174 	 0.45 	 0.20
105413 	  39337 	 0.47 	 0.13
105413 	  50275 	 0.48 	 0.14
105413 	  93163 	 0.41 	 0.16
105413 	  91563 	 0.42 	 0.19
105413 	 100225 	 0.45 	 0.14
105413 	  95573 	 0.49 	 0.14
105413 	 127242 	 0.45 	 0.13
105413 	  52768 	 0.46 	 0.14
105413 	  76155 	 0.42 	 0.13
105413 	 122022 	 0.44 	 0.16
105413 	  70752 	 0.46 	 0.15
105413 	 125052 	 0.45 	 0.11
105413 	 107934 	 0.43 	 0.13
105413 	 129131 	 0.41 	 0.13
105413 	 126200 	 0.45 	 0.11
105413 	 124999 	 0.45 	 0.11
105413 	  91926 	 0.41 	 0.14
105413 	   7012 	 0.41 	 0.10
105413 	  92865 	 0.42 	 0.19
105413 	 105970 	 0.43 	 0.16
105413 	 131017 	 0.40 	 0.16
105413 	 127855 	 0.48 	 0.16
105413 	  93950 	 0.44 	 0.17
105413 	 101544 	 0.43 	 0.11
105413 	 129960 	 0.41 	 0.16
105413 	 130986 	 0.46 	 0.13
105413 	  85972 	 0.42 	 0.11
105413 	 115173 	 0.45 	 0.13
105413 	 104295 	 0.43 	 0.13
105413 	 124419 	 0.49 	 0.13
105413 	  91637 	 0.40 	 0.14
105413 	  52894 	 0.43 	 0.16
105413 	  43129 	 0.42 	 0.13
105413 	   5103 	 0.42 	 0.14
105413 	 124080 	 0.40 	 0.13
105413 	   8179 	 0.47 	 0.12
105413 	 116522 	 0.42 	 0.11
105413 	   5133 	 0.40 	 0.11
105413 	 103133 	 0.43 	 0.12
105413 	  96012 	 0.45 	 0.14
105413 	  73957 	 0.40 	 0.15
105413 	  85142 	 0.46 	 0.13
105413 	 101365 	 0.43 	 0.12
105413 	  99159 	 0.42 	 0.12
105413 	 122945 	 0.44 	 0.11
105413 	 120998 	 0.45 	 0.12
105413 	  92527 	 0.46 	 0.15
105413 	 101749 	 0.43 	 0.14
105413 	 115220 	 0.43 	 0.12
105413 	 107489 	 0.46 	 0.10
124477 	  93163 	 0.45 	 0.18
 48486 	  92753 	 0.42 	 0.10
 48486 	 127102 	 0.41 	 0.20
 48486 	  39079 	 0.48 	 0.11
 48486 	  91563 	 0.49 	 0.10
 48486 	 127242 	 0.40 	 0.10
 48486 	  80370 	 0.48 	 0.12
 48486 	  76155 	 0.46 	 0.13
 48486 	 105200 	 0.44 	 0.11
 48486 	 130780 	 0.45 	 0.14
 48486 	 131151 	 0.42 	 0.12
 48486 	 110268 	 0.40 	 0.12
 48486 	  91926 	 0.45 	 0.12
 48486 	  94332 	 0.49 	 0.11
 48486 	 131017 	 0.47 	 0.14
 48486 	 119111 	 0.41 	 0.14
 48486 	  58481 	 0.44 	 0.16
 48486 	 124419 	 0.47 	 0.14
 48486 	  43129 	 0.43 	 0.11
 48486 	  97207 	 0.40 	 0.12
 48486 	 116522 	 0.49 	 0.15
 48486 	 108127 	 0.43 	 0.16
 48486 	 101365 	 0.47 	 0.15
 48486 	 120998 	 0.44 	 0.13
 48486 	 108174 	 0.44 	 0.15
 48486 	 107489 	 0.49 	 0.17
 48486 	  52786 	 0.41 	 0.15
 48486 	 105413 	 0.45 	 0.13
 37931 	 100225 	 0.40 	 0.11
 37931 	 105200 	 0.49 	 0.13
 37931 	 114621 	 0.41 	 0.12
 37931 	  92250 	 0.42 	 0.16
 37931 	 111407 	 0.42 	 0.15
 37931 	 105970 	 0.44 	 0.12
 37931 	 115173 	 0.40 	 0.12
 37931 	  79310 	 0.49 	 0.17
 37931 	 107458 	 0.42 	 0.17
 37931 	 120998 	 0.49 	 0.12
 37931 	 108174 	 0.49 	 0.12
 37931 	 107489 	 0.46 	 0.17
 37931 	 105413 	 0.42 	 0.10
 37931 	  48486 	 0.41 	 0.10
101648 	  92250 	 0.42 	 0.17
127221 	  39337 	 0.40 	 0.19
127221 	 105200 	 0.41 	 0.17
127221 	  28241 	 0.41 	 0.20
127221 	 117081 	 0.44 	 0.19
127221 	   8179 	 0.40 	 0.17
127221 	  82318 	 0.40 	 0.17
127221 	  83275 	 0.40 	 0.19
127221 	  48486 	 0.41 	 0.16
106697 	  39337 	 0.43 	 0.18
106697 	  82555 	 0.43 	 0.12
106697 	  76155 	 0.48 	 0.19
106697 	 105200 	 0.42 	 0.15
106697 	  28241 	 0.45 	 0.14
106697 	  92865 	 0.46 	 0.19
106697 	  65863 	 0.41 	 0.17
106697 	 117951 	 0.44 	 0.20
106697 	  70646 	 0.41 	 0.16
106697 	 120065 	 0.42 	 0.15
106697 	 114259 	 0.43 	 0.18
106697 	  52224 	 0.41 	 0.12
106697 	  52786 	 0.43 	 0.14
106697 	 105413 	 0.41 	 0.13
 27623 	  95603 	 0.40 	 0.17
 27623 	 117951 	 0.44 	 0.16
 27623 	 107458 	 0.42 	 0.18
 27623 	 108273 	 0.40 	 0.13
 27623 	 120998 	 0.42 	 0.17
 27623 	   2251 	 0.44 	 0.16
 27623 	  48486 	 0.42 	 0.15
 34379 	 100225 	 0.47 	 0.12
 34379 	  95573 	 0.49 	 0.10
 34379 	   8980 	 0.47 	 0.10
 34379 	 101160 	 0.41 	 0.19
 34379 	  95603 	 0.40 	 0.10
 34379 	 111407 	 0.42 	 0.11
 34379 	 105970 	 0.44 	 0.12
 34379 	 120998 	 0.46 	 0.14
 34379 	 108174 	 0.40 	 0.11
 34379 	 107489 	 0.40 	 0.14
 95781 	  93163 	 0.44 	 0.19
 95781 	  39079 	 0.46 	 0.18
 95781 	  76155 	 0.46 	 0.19
 95781 	  28241 	 0.41 	 0.15
 95781 	  92250 	 0.48 	 0.12
 95781 	 120065 	 0.41 	 0.18
124177 	  50275 	 0.42 	 0.16
124177 	  93163 	 0.49 	 0.17
124177 	  82555 	 0.43 	 0.10
124177 	  28241 	 0.49 	 0.17
124177 	   5646 	 0.40 	 0.16
124177 	  94264 	 0.46 	 0.20
124177 	  93950 	 0.46 	 0.16
124177 	  70646 	 0.42 	 0.20
124177 	   8179 	 0.41 	 0.19
124177 	 120065 	 0.43 	 0.13
124177 	 114259 	 0.44 	 0.20
124177 	  92527 	 0.41 	 0.19
124177 	  52224 	 0.40 	 0.13
124177 	  52786 	 0.46 	 0.16
124177 	 105413 	 0.45 	 0.11
124177 	  37931 	 0.40 	 0.11
 65782 	   2986 	 0.43 	 0.20
 65782 	  28241 	 0.45 	 0.18
 65782 	  10217 	 0.40 	 0.17
 65782 	  90147 	 0.49 	 0.16
 65782 	  53672 	 0.43 	 0.13
 65782 	  70646 	 0.45 	 0.17
 65782 	 101892 	 0.44 	 0.13
 65782 	 130986 	 0.40 	 0.18
 65782 	 103296 	 0.46 	 0.13
 65782 	 128762 	 0.40 	 0.16
 65782 	  91880 	 0.43 	 0.16
 65782 	   3208 	 0.49 	 0.18
 65782 	  93866 	 0.49 	 0.19
 65782 	   2996 	 0.49 	 0.11
 65782 	  90137 	 0.49 	 0.16
116898 	 130780 	 0.41 	 0.16
116898 	 120065 	 0.47 	 0.17
116898 	 129208 	 0.40 	 0.13
116898 	 107489 	 0.46 	 0.16
100142 	  91563 	 0.41 	 0.12
100142 	  95573 	 0.45 	 0.20
100142 	 114621 	 0.43 	 0.19
100142 	 107934 	 0.40 	 0.15
100142 	 126721 	 0.41 	 0.19
100142 	 102278 	 0.41 	 0.18
100142 	  90147 	 0.47 	 0.18
100142 	  91926 	 0.43 	 0.18
100142 	 126216 	 0.48 	 0.20
100142 	 101463 	 0.44 	 0.20
100142 	  79310 	 0.43 	 0.11
100142 	 119112 	 0.43 	 0.18
100142 	   2524 	 0.40 	 0.18
100142 	 108273 	 0.44 	 0.18
100142 	  90137 	 0.47 	 0.18
100142 	  52786 	 0.44 	 0.13
100142 	 105413 	 0.40 	 0.11
100142 	  48486 	 0.43 	 0.16
 28201 	 127102 	 0.42 	 0.17
 28201 	 128844 	 0.42 	 0.18
 28201 	 105200 	 0.41 	 0.12
 28201 	 130780 	 0.43 	 0.19
 28201 	 130983 	 0.42 	 0.18
 28201 	  65408 	 0.44 	 0.17
 28201 	  95603 	 0.44 	 0.20
 28201 	 117081 	 0.47 	 0.13
 28201 	 131017 	 0.40 	 0.19
 28201 	 105815 	 0.49 	 0.16
 28201 	  91880 	 0.42 	 0.18
 28201 	 114673 	 0.43 	 0.13
 28201 	 107458 	 0.47 	 0.15
 28201 	  92527 	 0.40 	 0.17
 28201 	 108174 	 0.44 	 0.12
 28201 	  82318 	 0.40 	 0.19
 28201 	 105413 	 0.41 	 0.14
 28201 	  48486 	 0.44 	 0.11
 28201 	 100142 	 0.47 	 0.19
105156 	  39337 	 0.48 	 0.13
105156 	  92865 	 0.47 	 0.20
105156 	 130218 	 0.41 	 0.17
105156 	 108127 	 0.42 	 0.20
105156 	 120998 	 0.41 	 0.19
105156 	 105413 	 0.43 	 0.14
119717 	  88333 	 0.42 	 0.17
119717 	 129859 	 0.42 	 0.17
119717 	 108185 	 0.42 	 0.19
119717 	 105970 	 0.45 	 0.19
119717 	 109370 	 0.46 	 0.17
119717 	  91880 	 0.40 	 0.19
 95409 	  93163 	 0.49 	 0.17
 95409 	 105200 	 0.40 	 0.17
124225 	 117081 	 0.46 	 0.18
124225 	  94332 	 0.40 	 0.19
124225 	  82318 	 0.42 	 0.18
124225 	  83275 	 0.41 	 0.19
124225 	  65782 	 0.40 	 0.14
 99213 	  93163 	 0.47 	 0.17
 99213 	  92527 	 0.43 	 0.18
 99213 	 105413 	 0.41 	 0.13
 98469 	 105413 	 0.44 	 0.11
119685 	  39337 	 0.44 	 0.19
119685 	 122022 	 0.45 	 0.17
119685 	 129134 	 0.45 	 0.17
119685 	 105815 	 0.41 	 0.17
119685 	  52894 	 0.41 	 0.20
119685 	  83275 	 0.44 	 0.19
119685 	  48486 	 0.40 	 0.16
121308 	  39337 	 0.41 	 0.16
121308 	  93163 	 0.49 	 0.18
121308 	  95573 	 0.42 	 0.16
121308 	  76155 	 0.49 	 0.13
121308 	 107934 	 0.40 	 0.14
121308 	  92250 	 0.44 	 0.14
121308 	 111407 	 0.44 	 0.17
121308 	 105970 	 0.44 	 0.14
121308 	  58481 	 0.48 	 0.16
121308 	 101544 	 0.46 	 0.16
121308 	 105815 	 0.44 	 0.15
121308 	  94785 	 0.48 	 0.16
121308 	  43129 	 0.42 	 0.16
121308 	 124080 	 0.42 	 0.18
121308 	   8179 	 0.44 	 0.14
121308 	  97207 	 0.42 	 0.20
121308 	 116522 	 0.40 	 0.14
121308 	  73957 	 0.43 	 0.19
121308 	  79310 	 0.42 	 0.13
121308 	 101365 	 0.47 	 0.18
121308 	 122945 	 0.46 	 0.19
121308 	 107458 	 0.48 	 0.14
121308 	 120998 	 0.42 	 0.14
121308 	 107489 	 0.49 	 0.11
121308 	 117884 	 0.41 	 0.17
121308 	 105413 	 0.44 	 0.16
121308 	  27623 	 0.40 	 0.16
121308 	 100142 	 0.48 	 0.18
128471 	  66221 	 0.40 	 0.18
 96223 	  91848 	 0.41 	 0.17
 96223 	 114673 	 0.42 	 0.19
  3715 	  50275 	 0.41 	 0.20
  3715 	  82555 	 0.46 	 0.10
  3715 	  52768 	 0.40 	 0.18
  3715 	 105200 	 0.41 	 0.19
  3715 	  28241 	 0.41 	 0.16
  3715 	  53672 	 0.43 	 0.11
  3715 	  58481 	 0.41 	 0.16
  3715 	   5133 	 0.43 	 0.18
  3715 	 114673 	 0.43 	 0.16
  3715 	  79310 	 0.49 	 0.15
  3715 	 101365 	 0.41 	 0.19
  3715 	 108174 	 0.41 	 0.17
  3715 	 105413 	 0.42 	 0.15
  3715 	  48486 	 0.49 	 0.13
  3715 	 100142 	 0.43 	 0.15
115258 	 105200 	 0.40 	 0.14
115258 	 108174 	 0.40 	 0.20
115258 	 105413 	 0.41 	 0.13
 69513 	   5543 	 0.40 	 0.17
 69513 	 105200 	 0.42 	 0.12
 69513 	 114621 	 0.42 	 0.17
 69513 	  91926 	 0.42 	 0.18
 69513 	 117081 	 0.44 	 0.14
 69513 	 105970 	 0.41 	 0.15
 69513 	 128762 	 0.49 	 0.20
 69513 	  52786 	 0.41 	 0.13
 69513 	 105413 	 0.41 	 0.11
 69513 	  48486 	 0.42 	 0.11
126248 	 117081 	 0.40 	 0.14
126248 	 108174 	 0.41 	 0.17
102995 	  39337 	 0.43 	 0.16
102995 	  82555 	 0.40 	 0.12
102995 	  28241 	 0.45 	 0.14
102995 	  65863 	 0.41 	 0.19
102995 	 114259 	 0.43 	 0.19
102995 	   2251 	 0.41 	 0.18
102995 	  52224 	 0.41 	 0.12
102995 	  52786 	 0.45 	 0.15
102995 	 105413 	 0.41 	 0.13
120346 	  95182 	 0.49 	 0.18
120346 	  88333 	 0.46 	 0.19
120346 	  90147 	 0.42 	 0.17
120346 	 108185 	 0.47 	 0.19
120346 	 114673 	 0.48 	 0.18
120346 	  90137 	 0.42 	 0.17
120346 	  83275 	 0.41 	 0.19
118432 	 113401 	 0.49 	 0.20
118432 	  90147 	 0.42 	 0.16
118432 	 129134 	 0.47 	 0.18
118432 	  90137 	 0.42 	 0.16
118432 	 107489 	 0.40 	 0.16
118432 	 100142 	 0.45 	 0.19
  2267 	  94908 	 0.40 	 0.20
  2267 	 127102 	 0.46 	 0.16
  2267 	  50275 	 0.40 	 0.14
  2267 	  39079 	 0.47 	 0.12
  2267 	 128397 	 0.41 	 0.18
  2267 	 100225 	 0.41 	 0.16
  2267 	  95573 	 0.49 	 0.16
  2267 	 128844 	 0.46 	 0.16
  2267 	 130780 	 0.48 	 0.17
  2267 	 130983 	 0.46 	 0.17
  2267 	 114379 	 0.45 	 0.12
  2267 	  95603 	 0.49 	 0.16
  2267 	 129134 	 0.46 	 0.19
  2267 	 127855 	 0.43 	 0.16
  2267 	   4363 	 0.43 	 0.17
  2267 	 104295 	 0.40 	 0.20
  2267 	  97207 	 0.45 	 0.16
  2267 	 108127 	 0.42 	 0.13
  2267 	 114673 	 0.42 	 0.11
  2267 	  79310 	 0.40 	 0.13
  2267 	 107458 	 0.44 	 0.20
  2267 	 101749 	 0.40 	 0.19
  2267 	 115220 	 0.46 	 0.20
  2267 	  48486 	 0.47 	 0.13
   514 	  91563 	 0.43 	 0.10
   514 	  95573 	 0.40 	 0.15
   514 	  82555 	 0.46 	 0.13
   514 	 113027 	 0.46 	 0.19
   514 	  95603 	 0.40 	 0.12
   514 	  91926 	 0.45 	 0.17
   514 	 117081 	 0.42 	 0.16
   514 	  92865 	 0.48 	 0.19
   514 	  92250 	 0.42 	 0.17
   514 	 111407 	 0.42 	 0.20
   514 	 131017 	 0.41 	 0.16
   514 	  70646 	 0.45 	 0.19
   514 	 105815 	 0.44 	 0.13
   514 	 101892 	 0.44 	 0.13
   514 	   5103 	 0.44 	 0.13
   514 	 116522 	 0.46 	 0.18
   514 	  79310 	 0.41 	 0.10
   514 	  37464 	 0.44 	 0.15
   514 	 108174 	 0.49 	 0.14
   514 	 107489 	 0.46 	 0.17
   514 	 105413 	 0.42 	 0.12
   514 	  48486 	 0.49 	 0.19
   514 	 121308 	 0.43 	 0.12
   514 	   3715 	 0.49 	 0.17
115465 	 110268 	 0.41 	 0.17
115465 	 117081 	 0.40 	 0.19
115465 	 107458 	 0.46 	 0.17
107890 	  92753 	 0.40 	 0.15
107890 	 118052 	 0.40 	 0.17
107890 	  39337 	 0.46 	 0.19
107890 	  50275 	 0.44 	 0.16
107890 	  93163 	 0.45 	 0.12
107890 	  92014 	 0.45 	 0.17
107890 	  91563 	 0.42 	 0.19
107890 	  82555 	 0.45 	 0.16
107890 	 105200 	 0.44 	 0.14
107890 	  88333 	 0.40 	 0.16
107890 	 126200 	 0.43 	 0.15
107890 	 105455 	 0.48 	 0.15
107890 	 124999 	 0.41 	 0.15
107890 	 114379 	 0.49 	 0.19
107890 	 126721 	 0.41 	 0.18
107890 	 127649 	 0.46 	 0.19
107890 	   7012 	 0.46 	 0.19
107890 	 102078 	 0.46 	 0.18
107890 	  94264 	 0.45 	 0.16
107890 	 108185 	 0.49 	 0.18
107890 	 129134 	 0.44 	 0.15
107890 	 130218 	 0.40 	 0.17
107890 	 119111 	 0.47 	 0.15
107890 	 119325 	 0.45 	 0.13
107890 	  93950 	 0.42 	 0.12
107890 	  70646 	 0.47 	 0.15
107890 	 101544 	 0.47 	 0.16
107890 	 105815 	 0.49 	 0.11
107890 	 129960 	 0.42 	 0.15
107890 	 130986 	 0.45 	 0.16
107890 	  94785 	 0.43 	 0.19
107890 	  91637 	 0.46 	 0.18
107890 	 125161 	 0.40 	 0.12
107890 	 119311 	 0.45 	 0.13
107890 	 128762 	 0.42 	 0.20
107890 	  43129 	 0.42 	 0.19
107890 	  97207 	 0.49 	 0.17
107890 	  73957 	 0.45 	 0.18
107890 	  85142 	 0.42 	 0.17
107890 	  79310 	 0.41 	 0.18
107890 	   2524 	 0.40 	 0.14
107890 	 115606 	 0.41 	 0.15
107890 	   1531 	 0.42 	 0.17
107890 	  62268 	 0.42 	 0.18
107890 	 105413 	 0.47 	 0.13
107890 	  48486 	 0.41 	 0.15
107890 	  34379 	 0.44 	 0.14
107890 	  95781 	 0.42 	 0.19
107890 	 116898 	 0.43 	 0.19
107890 	  28201 	 0.48 	 0.20
107890 	 105156 	 0.44 	 0.16
107890 	  98469 	 0.43 	 0.18
107890 	 118432 	 0.40 	 0.19
107890 	   2267 	 0.47 	 0.19
 95790 	 118052 	 0.45 	 0.19
 95790 	  39337 	 0.48 	 0.20
 95790 	  92014 	 0.42 	 0.19
 95790 	 127242 	 0.48 	 0.19
 95790 	  52768 	 0.40 	 0.14
 95790 	 105200 	 0.43 	 0.12
 95790 	 122022 	 0.45 	 0.14
 95790 	 125052 	 0.43 	 0.15
 95790 	 107934 	 0.47 	 0.15
 95790 	 129131 	 0.42 	 0.20
 95790 	 113027 	 0.44 	 0.18
 95790 	 124999 	 0.40 	 0.14
 95790 	 127649 	 0.40 	 0.19
 95790 	  91926 	 0.42 	 0.19
 95790 	   7012 	 0.45 	 0.18
 95790 	 117081 	 0.46 	 0.14
 95790 	  92865 	 0.46 	 0.19
 95790 	  92250 	 0.49 	 0.12
 95790 	 114535 	 0.45 	 0.17
 95790 	 102078 	 0.42 	 0.20
 95790 	  94264 	 0.40 	 0.17
 95790 	  65863 	 0.45 	 0.16
 95790 	 105970 	 0.41 	 0.17
 95790 	 119111 	 0.41 	 0.20
 95790 	 105815 	 0.45 	 0.17
 95790 	  85972 	 0.46 	 0.20
 95790 	  43129 	 0.40 	 0.20
 95790 	  91880 	 0.40 	 0.17
 95790 	 108127 	 0.43 	 0.19
 95790 	 120065 	 0.41 	 0.16
 95790 	  73957 	 0.44 	 0.20
 95790 	  85142 	 0.44 	 0.15
 95790 	 107458 	 0.49 	 0.17
 95790 	  93866 	 0.43 	 0.18
 95790 	  92527 	 0.42 	 0.17
 95790 	 105413 	 0.49 	 0.13
 95790 	  37931 	 0.40 	 0.10
 95790 	  34379 	 0.43 	 0.11
 95790 	  28201 	 0.47 	 0.18
 95790 	   2267 	 0.49 	 0.18
 95790 	    514 	 0.40 	 0.14
 95350 	 113401 	 0.41 	 0.18
 95350 	 110641 	 0.47 	 0.17
 95350 	 100225 	 0.48 	 0.19
 95350 	  95603 	 0.41 	 0.18
 95350 	  65863 	 0.46 	 0.17
 95350 	 105970 	 0.42 	 0.15
 95350 	  94785 	 0.46 	 0.20
 95350 	 108127 	 0.45 	 0.18
 95350 	 108174 	 0.40 	 0.15
 95350 	 107489 	 0.44 	 0.12
 95350 	 105413 	 0.46 	 0.13
 95350 	 100142 	 0.42 	 0.18
 95350 	   2267 	 0.49 	 0.17
 95350 	 115465 	 0.44 	 0.20
 95350 	  95790 	 0.44 	 0.19
101486 	 117081 	 0.40 	 0.20
101486 	  92250 	 0.48 	 0.12
101486 	  58481 	 0.41 	 0.19
101486 	 107458 	 0.45 	 0.20
101486 	 108174 	 0.41 	 0.15
101809 	  93163 	 0.48 	 0.20
101809 	  82555 	 0.41 	 0.12
101809 	 105200 	 0.41 	 0.16
101809 	 105413 	 0.43 	 0.14
101809 	 107890 	 0.41 	 0.15
 48728 	   4793 	 0.45 	 0.14
109399 	  59539 	 0.41 	 0.16
109399 	  82555 	 0.46 	 0.13
109399 	 114621 	 0.41 	 0.16
109399 	  91926 	 0.41 	 0.17
109399 	 117081 	 0.41 	 0.17
109399 	 105970 	 0.40 	 0.16
109399 	  70646 	 0.41 	 0.14
109399 	   8179 	 0.40 	 0.15
109399 	  93866 	 0.41 	 0.13
109399 	 107489 	 0.42 	 0.12
109399 	  52786 	 0.41 	 0.15
109399 	  65782 	 0.49 	 0.12
109399 	 100142 	 0.40 	 0.14
109399 	 119685 	 0.40 	 0.19
109399 	   2267 	 0.40 	 0.12
 86335 	  75566 	 0.43 	 0.17
 61797 	  75566 	 0.43 	 0.18
 94015 	  50275 	 0.43 	 0.18
 94015 	  76155 	 0.41 	 0.15
 94015 	 105200 	 0.43 	 0.14
 94015 	  88333 	 0.42 	 0.20
 94015 	 130780 	 0.40 	 0.17
 94015 	  92250 	 0.43 	 0.11
 94015 	 105970 	 0.42 	 0.19
 94015 	  58481 	 0.40 	 0.14
 94015 	  85972 	 0.43 	 0.15
 94015 	 120065 	 0.46 	 0.17
 94015 	  79310 	 0.43 	 0.13
 94015 	 107458 	 0.49 	 0.13
 94015 	 120998 	 0.40 	 0.18
 94015 	 107489 	 0.41 	 0.13
 94015 	 105413 	 0.46 	 0.15
 94015 	 100142 	 0.42 	 0.14
 94015 	 120346 	 0.45 	 0.19
 94015 	 107890 	 0.44 	 0.15
117213 	 122022 	 0.47 	 0.19
117213 	 122840 	 0.41 	 0.17
117213 	  53672 	 0.40 	 0.12
117213 	 105970 	 0.42 	 0.17
117213 	 105815 	 0.46 	 0.17
117213 	  52894 	 0.42 	 0.19
117213 	 114673 	 0.43 	 0.18
117213 	 107458 	 0.47 	 0.15
117213 	 120346 	 0.41 	 0.15
117213 	 107890 	 0.43 	 0.17
 94005 	 127102 	 0.46 	 0.18
 94005 	  93163 	 0.44 	 0.16
 94005 	  39079 	 0.47 	 0.19
 94005 	  91563 	 0.45 	 0.14
 94005 	 100225 	 0.45 	 0.20
 94005 	  95573 	 0.45 	 0.19
 94005 	 128844 	 0.46 	 0.19
 94005 	 114621 	 0.40 	 0.16
 94005 	 122022 	 0.48 	 0.17
 94005 	 107934 	 0.40 	 0.14
 94005 	 124999 	 0.40 	 0.16
 94005 	 130983 	 0.46 	 0.19
 94005 	  82246 	 0.46 	 0.18
 94005 	 127649 	 0.40 	 0.15
 94005 	  92865 	 0.45 	 0.17
 94005 	  53672 	 0.46 	 0.11
 94005 	 105970 	 0.42 	 0.15
 94005 	 131017 	 0.43 	 0.16
 94005 	 127855 	 0.43 	 0.19
 94005 	   4363 	 0.43 	 0.17
 94005 	 105815 	 0.42 	 0.13
 94005 	  85972 	 0.45 	 0.20
 94005 	  97207 	 0.45 	 0.14
 94005 	 116522 	 0.45 	 0.19
 94005 	 120065 	 0.42 	 0.19
 94005 	 114673 	 0.42 	 0.13
 94005 	  79310 	 0.40 	 0.11
 94005 	 107458 	 0.40 	 0.15
 94005 	  62268 	 0.44 	 0.16
 94005 	  34379 	 0.45 	 0.13
 94005 	 121308 	 0.48 	 0.19
 94005 	  95790 	 0.49 	 0.18
 94005 	  95350 	 0.49 	 0.18
123976 	  93163 	 0.47 	 0.17
123976 	 128397 	 0.42 	 0.20
123976 	  82555 	 0.47 	 0.10
123976 	 105200 	 0.43 	 0.13
123976 	 125052 	 0.48 	 0.17
123976 	   7012 	 0.42 	 0.20
123976 	  94332 	 0.40 	 0.18
123976 	 114535 	 0.45 	 0.19
123976 	  65863 	 0.49 	 0.17
123976 	  70646 	 0.49 	 0.17
123976 	  85972 	 0.46 	 0.19
123976 	  43129 	 0.40 	 0.20
123976 	   8179 	 0.45 	 0.19
123976 	  91880 	 0.40 	 0.20
123976 	  85142 	 0.40 	 0.18
123976 	  83275 	 0.45 	 0.19
123976 	 105413 	 0.49 	 0.14
123976 	  37931 	 0.44 	 0.14
123976 	 100142 	 0.45 	 0.20
123976 	 121308 	 0.42 	 0.16
123976 	   2267 	 0.45 	 0.18
123976 	    514 	 0.44 	 0.17
 18023 	 125990 	 0.40 	 0.17
 65978 	 124225 	 0.44 	 0.14
129747 	  95182 	 0.40 	 0.17
129747 	 117081 	 0.42 	 0.19
117950 	  95182 	 0.45 	 0.19
117950 	  76155 	 0.42 	 0.20
117950 	 122022 	 0.41 	 0.14
117950 	  88333 	 0.40 	 0.20
117950 	  92250 	 0.44 	 0.13
117950 	 101892 	 0.40 	 0.20
117950 	 114673 	 0.40 	 0.17
117950 	  73957 	 0.45 	 0.19
117950 	  75566 	 0.42 	 0.18
117950 	 115220 	 0.42 	 0.20
109086 	 127102 	 0.45 	 0.17
109086 	 118052 	 0.40 	 0.17
109086 	 130387 	 0.40 	 0.12
109086 	  39337 	 0.49 	 0.12
109086 	  50275 	 0.47 	 0.13
109086 	 100225 	 0.44 	 0.12
109086 	  95573 	 0.48 	 0.14
109086 	  52768 	 0.45 	 0.15
109086 	 128844 	 0.45 	 0.16
109086 	 114621 	 0.44 	 0.13
109086 	  70752 	 0.48 	 0.18
109086 	 107934 	 0.45 	 0.13
109086 	 130983 	 0.45 	 0.17
109086 	 127649 	 0.44 	 0.14
109086 	  95603 	 0.48 	 0.14
109086 	   7012 	 0.40 	 0.15
109086 	  92865 	 0.41 	 0.19
109086 	  94332 	 0.41 	 0.13
109086 	 102078 	 0.40 	 0.16
109086 	 105970 	 0.46 	 0.15
109086 	 131017 	 0.42 	 0.13
109086 	 127855 	 0.41 	 0.18
109086 	 116115 	 0.40 	 0.16
109086 	  58481 	 0.47 	 0.10
109086 	 105815 	 0.46 	 0.10
109086 	 101892 	 0.42 	 0.15
109086 	 115173 	 0.44 	 0.14
109086 	 104295 	 0.42 	 0.15
109086 	  43129 	 0.41 	 0.12
109086 	 124080 	 0.41 	 0.15
109086 	 103133 	 0.45 	 0.16
109086 	  96012 	 0.42 	 0.14
109086 	  73957 	 0.42 	 0.19
109086 	  85142 	 0.45 	 0.14
109086 	  79310 	 0.44 	 0.14
109086 	 101365 	 0.42 	 0.11
109086 	  99159 	 0.41 	 0.18
109086 	 122945 	 0.43 	 0.14
109086 	  92527 	 0.43 	 0.19
109086 	 101749 	 0.42 	 0.15
109086 	 115220 	 0.42 	 0.15
109086 	 117884 	 0.43 	 0.16
109086 	 127221 	 0.46 	 0.15
109086 	  28201 	 0.49 	 0.15
109086 	   3715 	 0.41 	 0.19
109086 	    514 	 0.45 	 0.11
109086 	 123976 	 0.48 	 0.14
122891 	  92250 	 0.40 	 0.20
122891 	 113290 	 0.40 	 0.20
 79171 	  95182 	 0.40 	 0.13
124881 	  92753 	 0.49 	 0.16
124881 	  39337 	 0.40 	 0.17
124881 	  65863 	 0.44 	 0.18
124881 	  79310 	 0.47 	 0.18
124881 	 105413 	 0.49 	 0.12
124881 	  48486 	 0.44 	 0.15
126974 	  93163 	 0.45 	 0.16
126974 	 105200 	 0.48 	 0.15
126974 	  28241 	 0.45 	 0.19
126974 	  52894 	 0.46 	 0.18
126974 	 108174 	 0.48 	 0.17
126974 	 105413 	 0.41 	 0.12
126974 	 116898 	 0.45 	 0.19
126974 	 120346 	 0.41 	 0.20
126974 	   2267 	 0.44 	 0.20
126974 	 109086 	 0.40 	 0.11
129421 	  39337 	 0.44 	 0.16
129421 	 105200 	 0.46 	 0.16
129421 	  96738 	 0.41 	 0.17
129421 	  28241 	 0.46 	 0.12
129421 	  94332 	 0.43 	 0.15
129421 	 114535 	 0.45 	 0.16
129421 	  93950 	 0.42 	 0.18
129421 	  94785 	 0.41 	 0.20
129421 	  43129 	 0.43 	 0.16
129421 	  85142 	 0.43 	 0.19
129421 	  79310 	 0.46 	 0.16
129421 	  93866 	 0.46 	 0.20
129421 	 108174 	 0.49 	 0.17
129421 	  83275 	 0.41 	 0.18
129421 	 105413 	 0.42 	 0.14
129421 	  37931 	 0.43 	 0.11
129421 	  27623 	 0.43 	 0.19
129421 	 119717 	 0.40 	 0.19
129421 	    514 	 0.43 	 0.13
129421 	 107890 	 0.42 	 0.20
129421 	  95790 	 0.47 	 0.18
129421 	 109399 	 0.49 	 0.20
129421 	  94005 	 0.45 	 0.14
129421 	 109086 	 0.44 	 0.16
113610 	  76155 	 0.44 	 0.20
113610 	 108174 	 0.40 	 0.19
103091 	 122022 	 0.45 	 0.18
103091 	  92250 	 0.48 	 0.14
 98991 	  76155 	 0.40 	 0.15
 98991 	  95603 	 0.40 	 0.16
 98991 	 117081 	 0.42 	 0.16
 98991 	 124419 	 0.40 	 0.18
 98991 	 103133 	 0.40 	 0.17
 98991 	 106697 	 0.41 	 0.18
 98991 	  95781 	 0.44 	 0.16
 98991 	  96223 	 0.48 	 0.17
 98991 	 102995 	 0.45 	 0.18
 98991 	 124881 	 0.40 	 0.18
110898 	  82555 	 0.40 	 0.12
110898 	  28241 	 0.42 	 0.15
110898 	 121308 	 0.41 	 0.18
 93696 	 115220 	 0.41 	 0.19
 58883 	  94908 	 0.49 	 0.16
 58883 	  39337 	 0.46 	 0.13
 58883 	 110641 	 0.40 	 0.12
 58883 	  93163 	 0.43 	 0.13
 58883 	  95573 	 0.47 	 0.15
 58883 	 106302 	 0.46 	 0.16
 58883 	 127533 	 0.44 	 0.17
 58883 	  88333 	 0.40 	 0.13
 58883 	  91848 	 0.42 	 0.16
 58883 	 105455 	 0.47 	 0.16
 58883 	 114379 	 0.49 	 0.17
 58883 	  95603 	 0.42 	 0.15
 58883 	  91926 	 0.41 	 0.14
 58883 	 102078 	 0.48 	 0.16
 58883 	 111407 	 0.47 	 0.13
 58883 	 100909 	 0.41 	 0.13
 58883 	  65863 	 0.47 	 0.13
 58883 	 108185 	 0.44 	 0.16
 58883 	 105970 	 0.40 	 0.12
 58883 	 131017 	 0.40 	 0.12
 58883 	 105815 	 0.46 	 0.11
 58883 	  85972 	 0.46 	 0.11
 58883 	 102383 	 0.49 	 0.18
 58883 	 124080 	 0.49 	 0.16
 58883 	   8179 	 0.47 	 0.10
 58883 	 116522 	 0.45 	 0.12
 58883 	 101463 	 0.47 	 0.16
 58883 	 108127 	 0.44 	 0.14
 58883 	 114673 	 0.41 	 0.12
 58883 	 125990 	 0.45 	 0.17
 58883 	 101365 	 0.49 	 0.12
 58883 	 119617 	 0.41 	 0.14
 58883 	  96900 	 0.43 	 0.15
 58883 	 120998 	 0.44 	 0.13
 58883 	 103677 	 0.49 	 0.16
 58883 	 115220 	 0.47 	 0.12
 58883 	  52786 	 0.43 	 0.13
 58883 	 101648 	 0.42 	 0.18
 58883 	 124177 	 0.49 	 0.12
 58883 	 119717 	 0.42 	 0.16
 58883 	 124225 	 0.47 	 0.13
 58883 	 119685 	 0.46 	 0.15
 58883 	 121308 	 0.44 	 0.20
 58883 	  95790 	 0.42 	 0.13
 58883 	 123976 	 0.47 	 0.14
 58883 	 129747 	 0.49 	 0.17
 58883 	 117950 	 0.43 	 0.17
 58883 	 109086 	 0.46 	 0.15
 58883 	 113610 	 0.44 	 0.14
119884 	  50275 	 0.46 	 0.16
119884 	  82555 	 0.40 	 0.15
119884 	  52768 	 0.42 	 0.17
119884 	 105200 	 0.46 	 0.12
119884 	 114621 	 0.46 	 0.11
119884 	 114535 	 0.49 	 0.13
119884 	  51289 	 0.42 	 0.13
119884 	   5103 	 0.42 	 0.19
119884 	 120065 	 0.42 	 0.15
119884 	  85142 	 0.42 	 0.14
119884 	  79310 	 0.42 	 0.19
119884 	  37464 	 0.42 	 0.12
119884 	  37931 	 0.42 	 0.10
119884 	  27623 	 0.40 	 0.16
119884 	  65782 	 0.42 	 0.12
119884 	   3715 	 0.42 	 0.13
119884 	    514 	 0.42 	 0.11
119884 	  94005 	 0.49 	 0.12
110974 	 122022 	 0.41 	 0.19
110974 	 117081 	 0.44 	 0.19
110974 	  58883 	 0.47 	 0.16
123022 	  92250 	 0.44 	 0.18
123022 	 129134 	 0.42 	 0.19
123022 	  58883 	 0.43 	 0.19
100744 	  59539 	 0.43 	 0.19
100744 	  93163 	 0.41 	 0.15
100744 	 107934 	 0.40 	 0.19
100744 	  28241 	 0.47 	 0.16
100744 	 114379 	 0.42 	 0.17
100744 	  90147 	 0.47 	 0.10
100744 	  91926 	 0.43 	 0.17
100744 	  65863 	 0.46 	 0.16
100744 	  94785 	 0.46 	 0.16
100744 	 115173 	 0.41 	 0.20
100744 	  43129 	 0.49 	 0.16
100744 	 116522 	 0.41 	 0.19
100744 	  79310 	 0.47 	 0.12
100744 	 122945 	 0.41 	 0.20
100744 	 107458 	 0.47 	 0.18
100744 	   2524 	 0.40 	 0.20
100744 	  37464 	 0.47 	 0.17
100744 	 108273 	 0.44 	 0.17
100744 	  90137 	 0.47 	 0.10
100744 	  52786 	 0.44 	 0.14
100744 	 105413 	 0.40 	 0.12
100744 	  28201 	 0.47 	 0.16
100744 	 121308 	 0.48 	 0.17
100744 	   3715 	 0.43 	 0.14
100744 	 118432 	 0.45 	 0.19
100744 	   2267 	 0.46 	 0.20
100744 	 109399 	 0.43 	 0.16
100744 	  94015 	 0.42 	 0.15
100744 	 123976 	 0.45 	 0.17
118234 	  95182 	 0.44 	 0.19
118234 	  76155 	 0.46 	 0.17
118234 	  88333 	 0.40 	 0.18
118234 	 107934 	 0.47 	 0.19
118234 	  90147 	 0.46 	 0.18
118234 	 108185 	 0.42 	 0.19
118234 	 115173 	 0.46 	 0.18
118234 	 114673 	 0.42 	 0.19
118234 	  73957 	 0.47 	 0.18
118234 	 128974 	 0.47 	 0.19
118234 	  96900 	 0.46 	 0.19
118234 	  75566 	 0.41 	 0.16
118234 	  90137 	 0.46 	 0.18
118234 	 115220 	 0.44 	 0.19
118234 	 106697 	 0.42 	 0.18
118234 	  65782 	 0.40 	 0.17
118234 	  94015 	 0.41 	 0.17
118234 	  58883 	 0.42 	 0.15
122171 	  50275 	 0.40 	 0.19
122171 	  82555 	 0.44 	 0.11
122171 	  80370 	 0.43 	 0.18
122171 	 105200 	 0.40 	 0.13
122171 	  92250 	 0.43 	 0.17
122171 	  51289 	 0.40 	 0.13
122171 	 116115 	 0.40 	 0.20
122171 	  70646 	 0.40 	 0.19
122171 	 120065 	 0.48 	 0.19
122171 	 107458 	 0.43 	 0.16
122171 	 108174 	 0.40 	 0.16
122171 	 107489 	 0.44 	 0.16
122171 	  48486 	 0.40 	 0.12
122171 	 121308 	 0.44 	 0.18
122171 	 107890 	 0.40 	 0.19
115883 	 114379 	 0.44 	 0.20
115883 	  92250 	 0.41 	 0.17
103973 	  93163 	 0.46 	 0.17
103973 	  95573 	 0.40 	 0.19
103973 	  82555 	 0.44 	 0.12
103973 	 105200 	 0.43 	 0.15
103973 	 114535 	 0.40 	 0.14
103973 	 107489 	 0.44 	 0.16
103973 	 105413 	 0.45 	 0.15
103973 	   2267 	 0.40 	 0.10
103973 	  95790 	 0.40 	 0.15
103973 	 117950 	 0.43 	 0.18
103973 	 109086 	 0.46 	 0.16
111227 	 118052 	 0.40 	 0.16
111227 	  65863 	 0.41 	 0.18
111227 	 101892 	 0.41 	 0.18
111227 	  94785 	 0.41 	 0.18
111227 	  52894 	 0.48 	 0.19
111227 	  97207 	 0.40 	 0.14
111227 	 107489 	 0.43 	 0.14
111227 	  52786 	 0.45 	 0.15
111227 	   2267 	 0.41 	 0.17
111227 	 109086 	 0.41 	 0.13
111227 	 119884 	 0.40 	 0.14
121157 	 127855 	 0.45 	 0.19
121157 	 108127 	 0.48 	 0.19
121157 	 121308 	 0.46 	 0.13
121157 	   2267 	 0.44 	 0.13
121157 	 109086 	 0.45 	 0.11
 31394 	  10217 	 0.41 	 0.16
 81503 	  50275 	 0.41 	 0.12
 81503 	 100225 	 0.40 	 0.16
 81503 	  95573 	 0.40 	 0.13
 81503 	  80370 	 0.49 	 0.12
 81503 	  76155 	 0.44 	 0.14
 81503 	  95603 	 0.40 	 0.13
 81503 	  91926 	 0.45 	 0.12
 81503 	  92865 	 0.48 	 0.14
 81503 	  92250 	 0.46 	 0.10
 81503 	  94332 	 0.44 	 0.12
 81503 	 111407 	 0.46 	 0.13
 81503 	  67362 	 0.43 	 0.13
 81503 	  70646 	 0.49 	 0.13
 81503 	  52894 	 0.41 	 0.12
 81503 	  43129 	 0.44 	 0.11
 81503 	 116522 	 0.46 	 0.15
 81503 	  79310 	 0.41 	 0.14
 81503 	 101365 	 0.41 	 0.15
 81503 	 107489 	 0.46 	 0.16
 81503 	 100142 	 0.43 	 0.16
 81503 	   3715 	 0.44 	 0.11
 81503 	  95790 	 0.40 	 0.13
 81503 	 123976 	 0.40 	 0.11
116540 	 113401 	 0.40 	 0.19
116540 	 102380 	 0.41 	 0.18
116540 	 106302 	 0.43 	 0.16
116540 	 127533 	 0.42 	 0.20
116540 	 114621 	 0.45 	 0.14
116540 	 125052 	 0.42 	 0.14
116540 	 101160 	 0.40 	 0.20
116540 	  90147 	 0.48 	 0.19
116540 	 129859 	 0.44 	 0.14
116540 	 100909 	 0.42 	 0.18
116540 	 105815 	 0.43 	 0.16
116540 	  94785 	 0.40 	 0.15
116540 	 128762 	 0.44 	 0.16
116540 	 116522 	 0.42 	 0.16
116540 	 107458 	 0.48 	 0.14
116540 	  90137 	 0.48 	 0.19
116540 	 119717 	 0.42 	 0.19
116540 	 124225 	 0.49 	 0.16
116540 	   2267 	 0.40 	 0.18
116540 	  94015 	 0.40 	 0.13
116540 	  98991 	 0.42 	 0.18
116540 	 100744 	 0.40 	 0.18
  2268 	  94908 	 0.40 	 0.19
  2268 	 127102 	 0.43 	 0.16
  2268 	  50275 	 0.40 	 0.16
  2268 	  92014 	 0.43 	 0.14
  2268 	  39079 	 0.44 	 0.20
  2268 	  91563 	 0.45 	 0.11
  2268 	 100225 	 0.45 	 0.17
  2268 	  95573 	 0.49 	 0.17
  2268 	 128844 	 0.43 	 0.15
  2268 	 122022 	 0.48 	 0.17
  2268 	 130780 	 0.41 	 0.15
  2268 	 130983 	 0.43 	 0.17
  2268 	 127649 	 0.40 	 0.13
  2268 	  92865 	 0.45 	 0.18
  2268 	  53672 	 0.46 	 0.11
  2268 	 105970 	 0.42 	 0.15
  2268 	 131017 	 0.43 	 0.14
  2268 	 127855 	 0.40 	 0.16
  2268 	   4363 	 0.43 	 0.16
  2268 	 105815 	 0.42 	 0.14
  2268 	  85972 	 0.45 	 0.19
  2268 	 104295 	 0.43 	 0.20
  2268 	 124419 	 0.44 	 0.20
  2268 	 102383 	 0.41 	 0.20
  2268 	 116522 	 0.41 	 0.18
  2268 	 114673 	 0.42 	 0.13
  2268 	  96012 	 0.40 	 0.14
  2268 	  99159 	 0.42 	 0.19
  2268 	 107458 	 0.40 	 0.17
  2268 	 102481 	 0.40 	 0.19
  2268 	  92527 	 0.41 	 0.16
  2268 	 101749 	 0.43 	 0.19
  2268 	 103677 	 0.40 	 0.20
  2268 	  62268 	 0.44 	 0.18
  2268 	 101648 	 0.40 	 0.19
  2268 	 106697 	 0.41 	 0.20
  2268 	  34379 	 0.45 	 0.18
  2268 	 105156 	 0.40 	 0.13
  2268 	 121308 	 0.44 	 0.20
  2268 	  95790 	 0.49 	 0.15
  2268 	 109399 	 0.40 	 0.16
  2268 	 109086 	 0.46 	 0.14
  2268 	 129421 	 0.41 	 0.13
  2268 	 119884 	 0.49 	 0.13
  2268 	 122171 	 0.42 	 0.19
  2268 	 103973 	 0.40 	 0.14
  7303 	  95573 	 0.42 	 0.12
  7303 	  80370 	 0.40 	 0.16
  7303 	 107934 	 0.42 	 0.19
  7303 	  65408 	 0.40 	 0.12
  7303 	  95603 	 0.42 	 0.13
  7303 	  10217 	 0.41 	 0.16
  7303 	  90147 	 0.43 	 0.12
  7303 	  69026 	 0.43 	 0.13
  7303 	 102078 	 0.41 	 0.20
  7303 	  51289 	 0.40 	 0.17
  7303 	 105970 	 0.46 	 0.16
  7303 	 119111 	 0.45 	 0.20
  7303 	 101892 	 0.46 	 0.17
  7303 	   8179 	 0.42 	 0.17
  7303 	 116522 	 0.41 	 0.14
  7303 	 114673 	 0.46 	 0.18
  7303 	 125990 	 0.49 	 0.19
  7303 	  73957 	 0.40 	 0.14
  7303 	 118768 	 0.44 	 0.18
  7303 	   3208 	 0.40 	 0.11
  7303 	  90137 	 0.43 	 0.12
  7303 	  81262 	 0.46 	 0.14
  7303 	  28201 	 0.40 	 0.17
  7303 	 119717 	 0.42 	 0.17
  7303 	 124225 	 0.48 	 0.20
  7303 	  70314 	 0.46 	 0.14
  7303 	  48728 	 0.46 	 0.15
  7303 	 123976 	 0.42 	 0.14
  7303 	 129747 	 0.44 	 0.20
  7303 	 117950 	 0.49 	 0.19
  7303 	  31394 	 0.49 	 0.16
  7303 	 116540 	 0.47 	 0.15
126651 	 118052 	 0.41 	 0.19
126651 	 108185 	 0.42 	 0.19
126651 	  73957 	 0.43 	 0.15
126651 	  69513 	 0.40 	 0.18
 92509 	  39337 	 0.48 	 0.18
 92509 	  50275 	 0.42 	 0.14
 92509 	  91563 	 0.40 	 0.20
 92509 	  76155 	 0.44 	 0.14
 92509 	 105455 	 0.40 	 0.14
 92509 	 113027 	 0.42 	 0.14
 92509 	  28241 	 0.49 	 0.14
 92509 	 117081 	 0.49 	 0.18
 92509 	  94332 	 0.46 	 0.16
 92509 	  94264 	 0.41 	 0.16
 92509 	 127855 	 0.47 	 0.19
 92509 	   4363 	 0.41 	 0.16
 92509 	  58481 	 0.49 	 0.19
 92509 	  70646 	 0.42 	 0.16
 92509 	 129960 	 0.40 	 0.20
 92509 	  43129 	 0.44 	 0.15
 92509 	   8179 	 0.45 	 0.19
 92509 	   5133 	 0.45 	 0.15
 92509 	 118768 	 0.40 	 0.17
 92509 	  79310 	 0.49 	 0.18
 92509 	   2524 	 0.45 	 0.17
 92509 	  37464 	 0.42 	 0.15
 92509 	  93866 	 0.42 	 0.19
 92509 	  92527 	 0.40 	 0.19
 92509 	  37931 	 0.46 	 0.17
 92509 	  27623 	 0.47 	 0.17
 92509 	  34379 	 0.46 	 0.15
 92509 	 121308 	 0.46 	 0.18
 92509 	  69513 	 0.43 	 0.16
 92509 	    514 	 0.46 	 0.14
 92509 	 107890 	 0.48 	 0.20
 92509 	  94015 	 0.47 	 0.18
 92509 	 117213 	 0.41 	 0.17
 92509 	 109086 	 0.48 	 0.15
 82242 	  39337 	 0.46 	 0.16
 82242 	  91563 	 0.45 	 0.17
 82242 	 100225 	 0.48 	 0.20
 82242 	 122022 	 0.41 	 0.12
 82242 	  70752 	 0.44 	 0.16
 82242 	  28241 	 0.47 	 0.20
 82242 	 110268 	 0.49 	 0.19
 82242 	 117081 	 0.44 	 0.11
 82242 	  70646 	 0.47 	 0.16
 82242 	 101892 	 0.46 	 0.15
 82242 	 104295 	 0.46 	 0.19
 82242 	 124419 	 0.44 	 0.20
 82242 	   5103 	 0.43 	 0.15
 82242 	 120065 	 0.49 	 0.17
 82242 	  96012 	 0.40 	 0.18
 82242 	  73957 	 0.44 	 0.19
 82242 	  79310 	 0.47 	 0.17
 82242 	 107458 	 0.44 	 0.13
 82242 	  92527 	 0.41 	 0.20
 82242 	 101749 	 0.46 	 0.19
 82242 	 115220 	 0.46 	 0.20
 82242 	  52786 	 0.47 	 0.15
 82242 	 127221 	 0.40 	 0.18
 82242 	 124177 	 0.48 	 0.16
 82242 	 100142 	 0.42 	 0.14
 82242 	   3715 	 0.43 	 0.20
 82242 	 123976 	 0.45 	 0.20
 82242 	 124881 	 0.44 	 0.20
 82242 	 126974 	 0.44 	 0.18
 82242 	 110898 	 0.41 	 0.19
 82242 	  58883 	 0.47 	 0.12
 82242 	 100744 	 0.42 	 0.13
 82242 	 121157 	 0.44 	 0.15
 82242 	  92509 	 0.48 	 0.12
113681 	  93163 	 0.41 	 0.17
113681 	  94264 	 0.48 	 0.20
113681 	  70646 	 0.41 	 0.19
113681 	  58883 	 0.41 	 0.14
 75661 	  95573 	 0.43 	 0.18
 75661 	 120998 	 0.41 	 0.16
 75661 	 127221 	 0.43 	 0.20
 75661 	 123976 	 0.43 	 0.18
 66563 	 127102 	 0.46 	 0.18
 66563 	  50275 	 0.40 	 0.15
 66563 	  93163 	 0.44 	 0.13
 66563 	  39079 	 0.47 	 0.14
 66563 	 128397 	 0.41 	 0.16
 66563 	  91563 	 0.45 	 0.13
 66563 	 100225 	 0.45 	 0.17
 66563 	  95573 	 0.45 	 0.19
 66563 	 128844 	 0.46 	 0.17
 66563 	 130780 	 0.48 	 0.18
 66563 	 124999 	 0.40 	 0.18
 66563 	 130983 	 0.46 	 0.18
 66563 	 114379 	 0.45 	 0.19
 66563 	 127649 	 0.40 	 0.15
 66563 	  95603 	 0.49 	 0.17
 66563 	  53672 	 0.46 	 0.11
 66563 	 129134 	 0.46 	 0.15
 66563 	 127855 	 0.43 	 0.20
 66563 	   4363 	 0.43 	 0.19
 66563 	  97207 	 0.45 	 0.15
 66563 	 108127 	 0.42 	 0.16
 66563 	  79310 	 0.40 	 0.11
 66563 	  52786 	 0.47 	 0.15
 66563 	  48486 	 0.47 	 0.11
 66563 	 121308 	 0.44 	 0.18
 66563 	  95790 	 0.45 	 0.18
 66563 	 109399 	 0.40 	 0.13
 66563 	  58883 	 0.44 	 0.14
 66563 	 103973 	 0.40 	 0.12
 66563 	 111227 	 0.41 	 0.20
 62878 	  95573 	 0.42 	 0.16
 62878 	  28241 	 0.40 	 0.20
 62878 	 117081 	 0.44 	 0.14
 62878 	  94332 	 0.43 	 0.15
 62878 	 114535 	 0.46 	 0.12
 62878 	  96113 	 0.41 	 0.18
 62878 	  51289 	 0.40 	 0.13
 62878 	 116115 	 0.40 	 0.13
 62878 	 105733 	 0.45 	 0.17
 62878 	   8179 	 0.46 	 0.14
 62878 	  79310 	 0.47 	 0.13
 62878 	 101365 	 0.43 	 0.13
 62878 	   2267 	 0.42 	 0.12
 62878 	 109399 	 0.40 	 0.15
 62878 	  94005 	 0.46 	 0.13
 62878 	 123976 	 0.42 	 0.15
 62878 	   2268 	 0.46 	 0.14
 62878 	  66563 	 0.42 	 0.13
100172 	  85972 	 0.40 	 0.17
100172 	 107458 	 0.40 	 0.20
100172 	  75566 	 0.49 	 0.19
108160 	  39337 	 0.42 	 0.15
108160 	  76155 	 0.49 	 0.17
108160 	 117081 	 0.45 	 0.18
108160 	   5646 	 0.40 	 0.19
108160 	  92250 	 0.42 	 0.11
108160 	 111407 	 0.40 	 0.19
108160 	 129134 	 0.43 	 0.14
108160 	  58481 	 0.40 	 0.17
108160 	 116522 	 0.41 	 0.20
108160 	  75566 	 0.42 	 0.20
108160 	  52224 	 0.42 	 0.20
108160 	  95790 	 0.43 	 0.19
108160 	  58883 	 0.41 	 0.19
108160 	 103973 	 0.46 	 0.20
108160 	  92509 	 0.47 	 0.15
 77586 	 100225 	 0.44 	 0.16
 77586 	  95573 	 0.42 	 0.19
 77586 	 105200 	 0.42 	 0.11
 77586 	 105455 	 0.41 	 0.18
 77586 	  95603 	 0.49 	 0.19
 77586 	  92250 	 0.44 	 0.19
 77586 	 108185 	 0.42 	 0.18
 77586 	 101544 	 0.43 	 0.16
 77586 	 105815 	 0.44 	 0.17
 77586 	 116522 	 0.49 	 0.15
 77586 	 120065 	 0.45 	 0.16
 77586 	  99159 	 0.42 	 0.20
 77586 	 107489 	 0.49 	 0.14
 77586 	  37931 	 0.43 	 0.11
 77586 	  28201 	 0.41 	 0.20
 77586 	  98469 	 0.44 	 0.15
 77586 	  58883 	 0.44 	 0.18
128300 	 122022 	 0.45 	 0.18
128300 	 117081 	 0.48 	 0.18
128300 	  92250 	 0.42 	 0.15
128300 	  93950 	 0.43 	 0.18
128300 	  70646 	 0.40 	 0.17
128300 	 107489 	 0.47 	 0.19
128300 	  52786 	 0.41 	 0.14
128300 	 105413 	 0.40 	 0.11
128300 	   2268 	 0.43 	 0.19
128300 	  77586 	 0.40 	 0.19
101850 	  39337 	 0.46 	 0.17
101850 	  93163 	 0.45 	 0.17
101850 	  82555 	 0.40 	 0.11
101850 	  96738 	 0.47 	 0.20
101850 	 113027 	 0.44 	 0.15
101850 	  28241 	 0.45 	 0.11
101850 	   5646 	 0.46 	 0.20
101850 	  65863 	 0.41 	 0.14
101850 	  58481 	 0.45 	 0.20
101850 	  70646 	 0.41 	 0.15
101850 	 120065 	 0.45 	 0.15
101850 	  92527 	 0.47 	 0.18
101850 	 108174 	 0.42 	 0.18
101850 	  75566 	 0.49 	 0.18
101850 	  52224 	 0.46 	 0.14
101850 	  52786 	 0.43 	 0.17
101850 	 105413 	 0.41 	 0.13
101850 	 121308 	 0.41 	 0.16
101850 	 107890 	 0.46 	 0.19
101850 	 109086 	 0.40 	 0.15
101850 	  92509 	 0.49 	 0.19
101850 	  77586 	 0.41 	 0.20
 91740 	 114673 	 0.45 	 0.17
 91740 	 108160 	 0.40 	 0.19
103733 	  16479 	 0.41 	 0.20
103733 	 114673 	 0.45 	 0.19
106244 	  39337 	 0.42 	 0.17
106244 	  28241 	 0.41 	 0.17
106244 	  92250 	 0.48 	 0.12
106244 	   8179 	 0.40 	 0.17
106244 	 121308 	 0.40 	 0.16
106244 	 107890 	 0.42 	 0.19
100737 	  93163 	 0.48 	 0.20
100737 	  82555 	 0.41 	 0.12
100737 	 105200 	 0.41 	 0.16
100737 	 105413 	 0.43 	 0.14
100737 	 100142 	 0.43 	 0.19
100737 	 107890 	 0.41 	 0.15
108765 	  93163 	 0.47 	 0.20
108765 	  82555 	 0.49 	 0.11
108765 	  52768 	 0.42 	 0.18
108765 	 105200 	 0.45 	 0.14
108765 	 122022 	 0.48 	 0.18
108765 	  28241 	 0.48 	 0.16
108765 	  92250 	 0.44 	 0.16
108765 	  94332 	 0.42 	 0.19
108765 	 129134 	 0.43 	 0.19
108765 	  85972 	 0.42 	 0.20
108765 	 120065 	 0.43 	 0.15
108765 	  85142 	 0.42 	 0.19
108765 	  79310 	 0.45 	 0.16
108765 	  83275 	 0.47 	 0.20
108765 	  48486 	 0.45 	 0.13
108765 	  37931 	 0.42 	 0.11
108765 	  34379 	 0.45 	 0.10
108765 	 121308 	 0.44 	 0.16
108765 	    514 	 0.42 	 0.19
108765 	  81503 	 0.46 	 0.12
108765 	   7303 	 0.44 	 0.15
108765 	  82242 	 0.47 	 0.19
108765 	  75661 	 0.40 	 0.19
108765 	  62878 	 0.44 	 0.18
119270 	  80370 	 0.49 	 0.15
119270 	 105200 	 0.40 	 0.13
119270 	 114621 	 0.40 	 0.18
119270 	 101160 	 0.45 	 0.19
119270 	  91926 	 0.40 	 0.19
119270 	 114535 	 0.46 	 0.17
119270 	 122840 	 0.47 	 0.17
119270 	  65863 	 0.46 	 0.15
119270 	  85972 	 0.48 	 0.19
119270 	  94785 	 0.46 	 0.19
119270 	 102383 	 0.46 	 0.20
119270 	  91880 	 0.41 	 0.18
119270 	  79310 	 0.43 	 0.14
119270 	 105413 	 0.46 	 0.16
119270 	 100142 	 0.46 	 0.18
119270 	  28201 	 0.47 	 0.18
119270 	   2267 	 0.42 	 0.13
119270 	  94005 	 0.46 	 0.18
119270 	 117950 	 0.47 	 0.17
119270 	 109086 	 0.45 	 0.20
119270 	  58883 	 0.47 	 0.15
119270 	   2268 	 0.46 	 0.16
119270 	  92509 	 0.47 	 0.16
108254 	  76155 	 0.40 	 0.17
108254 	 110268 	 0.40 	 0.19
108254 	 122840 	 0.40 	 0.18
108254 	 108185 	 0.44 	 0.18
108254 	  83275 	 0.47 	 0.20
108254 	 119717 	 0.46 	 0.20
108254 	 117213 	 0.41 	 0.20
103038 	  93163 	 0.41 	 0.18
103038 	  76155 	 0.46 	 0.19
103038 	 114379 	 0.44 	 0.19
103038 	 129859 	 0.46 	 0.19
103038 	   2251 	 0.42 	 0.19
103038 	   2267 	 0.45 	 0.19
103038 	  94005 	 0.45 	 0.20
103038 	 117950 	 0.44 	 0.19
103038 	 109086 	 0.44 	 0.16
103038 	  98991 	 0.44 	 0.18
103038 	  58883 	 0.49 	 0.11
103038 	 100744 	 0.41 	 0.20
103038 	  92509 	 0.40 	 0.20
126048 	  93163 	 0.43 	 0.17
126048 	  92250 	 0.45 	 0.20
126048 	  58883 	 0.43 	 0.15
 99548 	  39337 	 0.40 	 0.18
 99548 	  91563 	 0.42 	 0.17
 99548 	  80370 	 0.41 	 0.18
 99548 	 117081 	 0.45 	 0.16
 99548 	  94332 	 0.45 	 0.19
 99548 	  96113 	 0.46 	 0.18
 99548 	  58481 	 0.48 	 0.16
 99548 	  70646 	 0.44 	 0.17
 99548 	   8179 	 0.40 	 0.13
 99548 	   5133 	 0.43 	 0.17
 99548 	  37464 	 0.41 	 0.17
 99548 	  83275 	 0.40 	 0.19
 99548 	 100142 	 0.43 	 0.19
 99548 	 118432 	 0.42 	 0.19
 99548 	   2267 	 0.40 	 0.12
 99548 	 109086 	 0.40 	 0.17
 99548 	 116540 	 0.41 	 0.18
 99548 	  66563 	 0.40 	 0.17
 99548 	  62878 	 0.40 	 0.13
 99548 	 108765 	 0.41 	 0.17
 86131 	  53106 	 0.40 	 0.12
 86131 	  93866 	 0.43 	 0.13
 86131 	  82463 	 0.46 	 0.17
 86131 	  99548 	 0.40 	 0.17
  7854 	  94908 	 0.40 	 0.20
  7854 	 127102 	 0.43 	 0.18
  7854 	  50275 	 0.40 	 0.15
  7854 	  93163 	 0.44 	 0.17
  7854 	  92014 	 0.43 	 0.15
  7854 	  39079 	 0.44 	 0.19
  7854 	  91563 	 0.41 	 0.14
  7854 	 100225 	 0.45 	 0.19
  7854 	  95573 	 0.45 	 0.17
  7854 	 128844 	 0.43 	 0.19
  7854 	 114621 	 0.40 	 0.17
  7854 	 122022 	 0.48 	 0.16
  7854 	 130780 	 0.41 	 0.15
  7854 	 130983 	 0.43 	 0.19
  7854 	  82246 	 0.46 	 0.17
  7854 	  90147 	 0.40 	 0.14
  7854 	  92865 	 0.45 	 0.19
  7854 	  53672 	 0.46 	 0.10
  7854 	 105970 	 0.42 	 0.14
  7854 	 131017 	 0.43 	 0.15
  7854 	 105815 	 0.46 	 0.13
  7854 	  85972 	 0.45 	 0.19
  7854 	  97207 	 0.42 	 0.13
  7854 	 116522 	 0.48 	 0.18
  7854 	 120065 	 0.49 	 0.19
  7854 	 114673 	 0.42 	 0.12
  7854 	  96012 	 0.40 	 0.15
  7854 	 107458 	 0.44 	 0.16
  7854 	  92527 	 0.41 	 0.17
  7854 	 103677 	 0.40 	 0.20
  7854 	  90137 	 0.40 	 0.14
  7854 	  62268 	 0.44 	 0.16
  7854 	 121308 	 0.44 	 0.19
  7854 	  95790 	 0.45 	 0.16
  7854 	 109399 	 0.40 	 0.14
  7854 	 109086 	 0.46 	 0.15
  7854 	 129421 	 0.45 	 0.14
  7854 	 119884 	 0.49 	 0.13
  7854 	 121157 	 0.40 	 0.19
  7854 	  62878 	 0.46 	 0.14
126574 	  88333 	 0.40 	 0.19
126574 	 114673 	 0.44 	 0.15
 66058 	 127102 	 0.46 	 0.19
 66058 	  50275 	 0.41 	 0.15
 66058 	  93163 	 0.47 	 0.15
 66058 	 128844 	 0.46 	 0.20
 66058 	 105200 	 0.48 	 0.16
 66058 	 130983 	 0.46 	 0.20
 66058 	  82246 	 0.40 	 0.16
 66058 	  92865 	 0.42 	 0.17
 66058 	  92250 	 0.45 	 0.15
 66058 	 100909 	 0.45 	 0.20
 66058 	 105970 	 0.43 	 0.16
 66058 	 129134 	 0.40 	 0.20
 66058 	 119111 	 0.40 	 0.16
 66058 	 101544 	 0.40 	 0.18
 66058 	 114673 	 0.43 	 0.14
 66058 	  79310 	 0.41 	 0.14
 66058 	   3208 	 0.41 	 0.15
 66058 	   2996 	 0.45 	 0.16
 66058 	  52224 	 0.41 	 0.14
 66058 	 105413 	 0.45 	 0.13
 66058 	  94015 	 0.40 	 0.17
 66058 	 129421 	 0.46 	 0.18
 66058 	 122171 	 0.43 	 0.19
 66058 	 119270 	 0.49 	 0.17
 66058 	  99548 	 0.41 	 0.17
 94837 	 106697 	 0.47 	 0.18
 94837 	 102995 	 0.47 	 0.18
124069 	  93163 	 0.41 	 0.19
124069 	  76155 	 0.43 	 0.19
124069 	 109086 	 0.41 	 0.15
119890 	  96511 	 0.40 	 0.17
119890 	  50275 	 0.42 	 0.13
119890 	  39079 	 0.48 	 0.17
119890 	  91563 	 0.43 	 0.13
119890 	  52768 	 0.46 	 0.17
119890 	 114621 	 0.49 	 0.19
119890 	 109693 	 0.41 	 0.15
119890 	  70752 	 0.48 	 0.19
119890 	   8980 	 0.40 	 0.14
119890 	  92865 	 0.46 	 0.18
119890 	 100909 	 0.40 	 0.19
119890 	  53672 	 0.41 	 0.11
119890 	 108185 	 0.43 	 0.15
119890 	  93950 	 0.45 	 0.15
119890 	  67846 	 0.42 	 0.18
119890 	   5103 	 0.46 	 0.15
119890 	  73957 	 0.45 	 0.15
119890 	  79310 	 0.42 	 0.13
119890 	  37464 	 0.42 	 0.20
119890 	  92527 	 0.48 	 0.15
119890 	 117884 	 0.42 	 0.19
119890 	 105413 	 0.46 	 0.11
119890 	  95781 	 0.42 	 0.18
119890 	 124177 	 0.49 	 0.20
119890 	 119685 	 0.46 	 0.16
119890 	 121308 	 0.43 	 0.14
119890 	 118432 	 0.40 	 0.17
119890 	    514 	 0.46 	 0.15
119890 	 107890 	 0.48 	 0.13
119890 	  94015 	 0.41 	 0.13
119890 	 117213 	 0.45 	 0.16
119890 	 109086 	 0.45 	 0.11
119890 	 122171 	 0.44 	 0.13
119890 	  31394 	 0.41 	 0.14
119890 	 108160 	 0.44 	 0.18
119890 	  77586 	 0.46 	 0.17
119890 	 119270 	 0.41 	 0.17
119890 	 103038 	 0.49 	 0.20
127382 	  50275 	 0.43 	 0.19
127382 	  82555 	 0.47 	 0.11
127382 	  76155 	 0.44 	 0.16
127382 	 114535 	 0.49 	 0.18
127382 	  94264 	 0.42 	 0.18
127382 	  52894 	 0.45 	 0.18
127382 	  79310 	 0.40 	 0.13
127382 	 105413 	 0.46 	 0.12
127382 	  94005 	 0.49 	 0.20
127382 	 109086 	 0.48 	 0.11
127382 	  93696 	 0.46 	 0.17
127382 	  58883 	 0.44 	 0.11
127382 	  81503 	 0.41 	 0.12
127382 	   2268 	 0.49 	 0.17
127382 	   7854 	 0.49 	 0.17
103084 	  93163 	 0.45 	 0.15
103084 	  82555 	 0.43 	 0.13
103084 	  28241 	 0.45 	 0.17
103084 	  92865 	 0.46 	 0.20
103084 	  70646 	 0.41 	 0.19
103084 	  52786 	 0.43 	 0.17
103084 	 105413 	 0.41 	 0.12
103084 	 109086 	 0.40 	 0.15
103084 	 118234 	 0.42 	 0.17
103084 	  82242 	 0.44 	 0.19
130419 	   5543 	 0.41 	 0.19
130419 	  92250 	 0.43 	 0.15
130419 	 113290 	 0.41 	 0.18
130419 	 114673 	 0.40 	 0.19
 68575 	  50275 	 0.43 	 0.17
 68575 	  91563 	 0.41 	 0.17
 68575 	  95603 	 0.41 	 0.16
 68575 	  79310 	 0.43 	 0.18
 68575 	 107489 	 0.47 	 0.18
 68575 	  48486 	 0.40 	 0.11
 68575 	  37931 	 0.41 	 0.10
 68575 	  95790 	 0.44 	 0.15
 68575 	 109086 	 0.45 	 0.18
 68575 	  81503 	 0.41 	 0.11
117924 	  39337 	 0.40 	 0.19
117924 	  75030 	 0.44 	 0.14
117924 	 129859 	 0.40 	 0.18
117924 	  75566 	 0.47 	 0.18
128707 	 113401 	 0.43 	 0.20
128707 	 118052 	 0.41 	 0.19
128707 	 110641 	 0.44 	 0.20
128707 	  80370 	 0.48 	 0.17
128707 	   8980 	 0.45 	 0.18
128707 	 111407 	 0.48 	 0.17
128707 	 113290 	 0.41 	 0.18
128707 	  65863 	 0.48 	 0.16
128707 	 105970 	 0.41 	 0.17
128707 	  58481 	 0.48 	 0.19
128707 	  94785 	 0.48 	 0.18
128707 	  52894 	 0.47 	 0.14
128707 	  43129 	 0.40 	 0.16
128707 	 116522 	 0.40 	 0.17
128707 	 120065 	 0.40 	 0.16
128707 	 114673 	 0.41 	 0.19
128707 	  73957 	 0.40 	 0.18
128707 	  85142 	 0.43 	 0.15
128707 	  92527 	 0.41 	 0.13
128707 	 108174 	 0.45 	 0.12
128707 	 122600 	 0.40 	 0.19
128707 	 107489 	 0.46 	 0.11
128707 	 105413 	 0.48 	 0.13
128707 	  37931 	 0.43 	 0.11
128707 	 106697 	 0.49 	 0.20
128707 	  95781 	 0.45 	 0.20
128707 	  28201 	 0.41 	 0.18
128707 	 121308 	 0.44 	 0.18
128707 	 102995 	 0.49 	 0.20
128707 	   2267 	 0.48 	 0.16
128707 	 107890 	 0.49 	 0.16
128707 	  58883 	 0.44 	 0.15
128707 	 108160 	 0.40 	 0.20
128707 	 126048 	 0.40 	 0.19
128707 	 117924 	 0.41 	 0.19
126992 	 105200 	 0.42 	 0.16
126992 	 100909 	 0.40 	 0.20
126992 	 117951 	 0.41 	 0.20
126992 	 105413 	 0.43 	 0.11
126992 	 116898 	 0.41 	 0.13
126992 	 123976 	 0.46 	 0.19
 96495 	  93163 	 0.45 	 0.17
 96495 	  52768 	 0.42 	 0.18
 96495 	 105200 	 0.41 	 0.14
 96495 	 125052 	 0.43 	 0.17
 96495 	 105455 	 0.42 	 0.20
 96495 	 113027 	 0.47 	 0.19
 96495 	 124999 	 0.43 	 0.17
 96495 	  28241 	 0.44 	 0.14
 96495 	 105815 	 0.49 	 0.17
 96495 	 120065 	 0.44 	 0.18
 96495 	 114673 	 0.40 	 0.16
 96495 	  85142 	 0.42 	 0.17
 96495 	  79310 	 0.44 	 0.16
 96495 	 105413 	 0.47 	 0.18
 96495 	  37931 	 0.42 	 0.14
 96495 	  28201 	 0.45 	 0.19
 96495 	   2267 	 0.47 	 0.17
 96495 	 115465 	 0.42 	 0.18
 96495 	  95350 	 0.47 	 0.19
 96495 	  58883 	 0.45 	 0.14
 96495 	 103973 	 0.43 	 0.19
 96495 	   2268 	 0.47 	 0.19
 96495 	   7303 	 0.40 	 0.15
 96495 	  66563 	 0.47 	 0.19
 96495 	   7854 	 0.47 	 0.19
 51984 	 105200 	 0.41 	 0.11
 51984 	 108174 	 0.41 	 0.13
 51984 	 107489 	 0.41 	 0.11
 51984 	   2267 	 0.43 	 0.10
 51984 	   2268 	 0.43 	 0.16
105872 	  39337 	 0.42 	 0.14
105872 	 130780 	 0.42 	 0.15
105872 	 110268 	 0.43 	 0.19
105872 	  95603 	 0.43 	 0.15
105872 	  91926 	 0.40 	 0.14
105872 	 101544 	 0.43 	 0.18
105872 	 105815 	 0.42 	 0.19
105872 	  99159 	 0.47 	 0.19
105872 	 102481 	 0.44 	 0.18
105872 	 120998 	 0.43 	 0.19
105872 	 105413 	 0.40 	 0.14
105872 	 127221 	 0.47 	 0.19
105872 	 119685 	 0.40 	 0.14
105872 	 107890 	 0.47 	 0.18
105872 	  95790 	 0.43 	 0.14
105872 	  92509 	 0.41 	 0.18
105872 	  77586 	 0.40 	 0.13
105872 	 128300 	 0.44 	 0.19
105872 	 103733 	 0.42 	 0.18
101248 	 107934 	 0.42 	 0.19
101248 	  92250 	 0.43 	 0.14
101248 	 107458 	 0.40 	 0.17
124765 	  50275 	 0.46 	 0.19
124765 	  82555 	 0.47 	 0.10
124765 	  52768 	 0.40 	 0.18
124765 	 105200 	 0.43 	 0.13
124765 	 102278 	 0.42 	 0.18
124765 	  66308 	 0.40 	 0.19
124765 	  92865 	 0.40 	 0.19
124765 	  94332 	 0.40 	 0.17
124765 	 114535 	 0.45 	 0.19
124765 	  70646 	 0.49 	 0.16
124765 	  85972 	 0.43 	 0.20
124765 	  43129 	 0.43 	 0.18
124765 	   8179 	 0.45 	 0.17
124765 	  85142 	 0.40 	 0.18
124765 	  79310 	 0.43 	 0.17
124765 	  83275 	 0.45 	 0.17
124765 	 105413 	 0.49 	 0.13
124765 	  48486 	 0.43 	 0.12
124765 	  37931 	 0.44 	 0.12
124765 	  34379 	 0.46 	 0.10
124765 	 100142 	 0.45 	 0.20
124765 	  28201 	 0.47 	 0.19
124765 	 121308 	 0.45 	 0.15
124765 	   2267 	 0.49 	 0.18
124765 	    514 	 0.40 	 0.18
124765 	  95350 	 0.46 	 0.18
124765 	 100744 	 0.45 	 0.19
124765 	  81503 	 0.40 	 0.13
124765 	  75661 	 0.40 	 0.18
124765 	  66563 	 0.49 	 0.20
124765 	  99548 	 0.42 	 0.17
 95929 	 122022 	 0.43 	 0.16
 95929 	  91848 	 0.44 	 0.15
 95929 	 117081 	 0.40 	 0.15
 95929 	 129134 	 0.44 	 0.19
 95929 	 119112 	 0.47 	 0.20
 95929 	   2251 	 0.40 	 0.20
 95929 	  95350 	 0.41 	 0.18
 95929 	 116540 	 0.40 	 0.18
 95929 	 128707 	 0.43 	 0.20
 97187 	 105970 	 0.40 	 0.17
 97187 	 107458 	 0.49 	 0.15
 97187 	  92527 	 0.41 	 0.20
 97187 	 100142 	 0.44 	 0.19
 90122 	 100225 	 0.47 	 0.19
 90122 	 106205 	 0.44 	 0.20
 90122 	 122022 	 0.47 	 0.14
 90122 	  70752 	 0.45 	 0.15
 90122 	 130780 	 0.41 	 0.15
 90122 	 127649 	 0.41 	 0.16
 90122 	 117081 	 0.43 	 0.14
 90122 	  92250 	 0.40 	 0.14
 90122 	   4363 	 0.41 	 0.19
 90122 	 105815 	 0.42 	 0.15
 90122 	 101365 	 0.49 	 0.19
 90122 	 107458 	 0.40 	 0.16
 90122 	 115220 	 0.42 	 0.20
 90122 	  95790 	 0.48 	 0.17
 90122 	  92509 	 0.45 	 0.17
 90122 	 103038 	 0.41 	 0.20
 90122 	 119890 	 0.48 	 0.15
 90122 	  96495 	 0.46 	 0.19
 90122 	 124765 	 0.48 	 0.19
