  4793 	  59539 	 0.08 	 0.18
 90154 	  39337 	 0.05 	 0.20
 93163 	  90154 	 0.02 	 0.14
 92014 	  90154 	 0.03 	 0.12
 39079 	  90154 	 0.02 	 0.16
 91563 	  90154 	 0.02 	 0.13
 52768 	  88141 	 0.07 	 0.14
 52768 	  90154 	 0.01 	 0.12
  2986 	  90154 	 0.04 	 0.12
  5543 	  90154 	 0.05 	 0.15
 80370 	  90154 	 0.08 	 0.14
 62372 	  52768 	 0.08 	 0.14
114621 	  90154 	 0.05 	 0.19
122022 	  90154 	 0.05 	 0.19
 70752 	  90154 	 0.03 	 0.13
  8980 	  90154 	 0.04 	 0.14
125052 	  90154 	 0.08 	 0.16
105455 	  90154 	 0.07 	 0.15
 28241 	  88141 	 0.09 	 0.12
 93171 	  90154 	 0.08 	 0.12
114379 	  90154 	 0.02 	 0.17
131151 	  90154 	 0.03 	 0.17
 85402 	 127102 	 0.09 	 0.12
 85402 	  59539 	 0.05 	 0.18
 85402 	  39337 	 0.08 	 0.16
 85402 	  93163 	 0.06 	 0.12
 85402 	  92014 	 0.06 	 0.10
 85402 	  39079 	 0.05 	 0.13
 85402 	  91563 	 0.03 	 0.12
 85402 	 127242 	 0.07 	 0.19
 85402 	  52768 	 0.05 	 0.11
 85402 	   2986 	 0.07 	 0.11
 85402 	   5543 	 0.09 	 0.12
 85402 	 128844 	 0.09 	 0.11
 85402 	  70752 	 0.07 	 0.12
 85402 	   8980 	 0.09 	 0.12
 85402 	 113027 	 0.06 	 0.10
 85402 	 130983 	 0.09 	 0.12
 85402 	 114379 	 0.05 	 0.14
 85402 	 131151 	 0.07 	 0.14
127649 	  85402 	 0.09 	 0.19
 95603 	  90154 	 0.06 	 0.18
 63310 	  59539 	 0.09 	 0.18
 66308 	  90154 	 0.08 	 0.11
 66308 	  78533 	 0.09 	 0.14
 91926 	  90154 	 0.03 	 0.13
 91926 	  85402 	 0.05 	 0.12
  7012 	  90154 	 0.07 	 0.17
 92250 	  90154 	 0.05 	 0.11
 92250 	  85402 	 0.08 	 0.10
 94332 	  85402 	 0.08 	 0.12
 69026 	  59539 	 0.07 	 0.12
114535 	  90154 	 0.04 	 0.14
114535 	  85402 	 0.05 	 0.12
 96113 	  85402 	 0.07 	 0.20
 51289 	  90154 	 0.03 	 0.10
 94264 	  90154 	 0.05 	 0.15
 94264 	  85402 	 0.08 	 0.13
111407 	  90154 	 0.02 	 0.12
111407 	  85402 	 0.05 	 0.12
 53672 	   4793 	 0.07 	 0.11
 53672 	  90154 	 0.01 	 0.12
 53672 	  62372 	 0.09 	 0.11
 53672 	   9967 	 0.08 	 0.11
108185 	  90154 	 0.08 	 0.19
105970 	  85402 	 0.06 	 0.15
 75641 	  59539 	 0.03 	 0.18
 75641 	  39337 	 0.08 	 0.19
 75641 	  50275 	 0.05 	 0.11
 75641 	  93163 	 0.04 	 0.14
 75641 	  92014 	 0.05 	 0.11
 75641 	  39079 	 0.05 	 0.16
 75641 	  91563 	 0.05 	 0.14
 75641 	  95573 	 0.08 	 0.17
 75641 	  52768 	 0.03 	 0.12
 75641 	   2986 	 0.07 	 0.13
 75641 	   5543 	 0.08 	 0.16
 75641 	 122022 	 0.09 	 0.17
 75641 	  70752 	 0.05 	 0.12
 75641 	 113027 	 0.05 	 0.11
 75641 	 114379 	 0.04 	 0.18
 75641 	 131151 	 0.06 	 0.16
 75641 	  95603 	 0.09 	 0.15
 75641 	  91926 	 0.05 	 0.14
 75641 	 114535 	 0.06 	 0.17
 75641 	  96113 	 0.06 	 0.15
 75641 	  94264 	 0.07 	 0.16
 75641 	 111407 	 0.05 	 0.12
 75641 	  65863 	 0.06 	 0.12
 75641 	  53672 	 0.03 	 0.10
101510 	  78533 	 0.09 	 0.19
 44074 	  90154 	 0.04 	 0.18
 44074 	  85402 	 0.07 	 0.14
 44074 	  75641 	 0.07 	 0.19
116115 	  81305 	 0.09 	 0.15
116115 	  90154 	 0.03 	 0.13
116115 	  85402 	 0.05 	 0.13
116115 	  69026 	 0.09 	 0.14
116115 	  75641 	 0.08 	 0.17
 85890 	  50275 	 0.04 	 0.10
 85890 	  93163 	 0.07 	 0.15
 85890 	  92014 	 0.07 	 0.12
 85890 	  39079 	 0.05 	 0.14
 85890 	  91563 	 0.06 	 0.13
 85890 	  52768 	 0.05 	 0.12
 85890 	   2986 	 0.08 	 0.12
 85890 	   5543 	 0.09 	 0.13
 85890 	 114621 	 0.09 	 0.19
 85890 	  70752 	 0.09 	 0.14
 85890 	   8980 	 0.07 	 0.14
 85890 	 113027 	 0.07 	 0.13
 85890 	 114379 	 0.07 	 0.15
 85890 	 131151 	 0.09 	 0.14
 85890 	  91926 	 0.06 	 0.14
 85890 	  94332 	 0.09 	 0.13
 85890 	 114535 	 0.07 	 0.14
 85890 	 111407 	 0.05 	 0.11
 85890 	 105970 	 0.07 	 0.16
 85890 	  44074 	 0.09 	 0.17
 85890 	 116115 	 0.06 	 0.15
 67362 	  90154 	 0.06 	 0.12
 67362 	  80076 	 0.09 	 0.17
 67362 	  15511 	 0.08 	 0.19
 67362 	  66388 	 0.06 	 0.16
 67362 	  72459 	 0.09 	 0.18
 31770 	 118052 	 0.09 	 0.11
 31770 	  39337 	 0.06 	 0.14
 31770 	 100225 	 0.08 	 0.11
 31770 	  95573 	 0.06 	 0.11
 31770 	  78533 	 0.04 	 0.15
 31770 	   2986 	 0.04 	 0.10
 31770 	  80370 	 0.09 	 0.13
 31770 	 109693 	 0.08 	 0.12
 31770 	  96738 	 0.09 	 0.11
 31770 	 110268 	 0.08 	 0.20
 31770 	  95603 	 0.06 	 0.11
 31770 	  94332 	 0.05 	 0.13
 31770 	 114535 	 0.04 	 0.10
 31770 	 116115 	 0.03 	 0.10
 58481 	  90154 	 0.05 	 0.11
 58481 	  85402 	 0.07 	 0.10
 70646 	  90154 	 0.03 	 0.11
 70646 	  75641 	 0.06 	 0.11
 70646 	  85890 	 0.06 	 0.11
105815 	  85402 	 0.09 	 0.17
 81306 	  82246 	 0.09 	 0.13
 81306 	  91926 	 0.09 	 0.10
 81306 	  65863 	 0.09 	 0.13
 81306 	  53672 	 0.06 	 0.12
 81306 	  67362 	 0.07 	 0.14
101892 	  31770 	 0.07 	 0.12
126216 	  90154 	 0.02 	 0.14
126216 	  85402 	 0.04 	 0.12
126216 	  75641 	 0.07 	 0.12
126216 	  85890 	 0.05 	 0.13
130986 	  85890 	 0.06 	 0.17
 94785 	   9595 	 0.06 	 0.10
 94785 	  90154 	 0.03 	 0.15
 94785 	  85402 	 0.05 	 0.14
 94785 	  75641 	 0.06 	 0.13
 94785 	  85890 	 0.06 	 0.16
 94785 	  31770 	 0.03 	 0.10
 94785 	  81306 	 0.09 	 0.11
124419 	  90154 	 0.06 	 0.19
124419 	  75641 	 0.08 	 0.13
  2332 	  90154 	 0.03 	 0.15
  2332 	 130665 	 0.09 	 0.17
  2332 	  80076 	 0.06 	 0.17
  2332 	  66388 	 0.08 	 0.19
  2332 	  85402 	 0.06 	 0.16
  2332 	  66308 	 0.09 	 0.11
  2332 	 102503 	 0.09 	 0.17
  2332 	  75641 	 0.09 	 0.15
  2332 	  72459 	 0.08 	 0.18
  2332 	 101510 	 0.09 	 0.16
  2332 	  85890 	 0.08 	 0.17
  2332 	  31770 	 0.04 	 0.14
 68681 	  50275 	 0.08 	 0.16
 68681 	  91563 	 0.07 	 0.19
 68681 	  52768 	 0.06 	 0.14
 68681 	 114535 	 0.08 	 0.15
 68681 	  65863 	 0.08 	 0.13
 68681 	  53672 	 0.06 	 0.12
 68681 	  70646 	 0.08 	 0.16
 68681 	 126216 	 0.08 	 0.19
 68681 	  94785 	 0.08 	 0.15
 52894 	  90154 	 0.04 	 0.12
 52894 	  75641 	 0.06 	 0.16
 52894 	  85890 	 0.08 	 0.11
 52894 	  81306 	 0.09 	 0.15
105733 	  90154 	 0.02 	 0.11
105733 	  75641 	 0.04 	 0.13
105733 	  85890 	 0.04 	 0.11
105733 	  81306 	 0.08 	 0.10
103296 	  85402 	 0.04 	 0.19
103296 	  75641 	 0.09 	 0.18
 72992 	  50275 	 0.07 	 0.10
 72992 	 103296 	 0.09 	 0.13
 16479 	  50275 	 0.07 	 0.13
 16479 	  91563 	 0.07 	 0.14
 16479 	  52768 	 0.04 	 0.13
 16479 	 105200 	 0.08 	 0.11
 16479 	  91926 	 0.09 	 0.15
 16479 	 114535 	 0.09 	 0.12
 16479 	 126216 	 0.06 	 0.17
 16479 	  94785 	 0.09 	 0.15
 16479 	 105733 	 0.07 	 0.14
 16479 	 103296 	 0.08 	 0.20
 65887 	  59539 	 0.08 	 0.15
 65887 	  52768 	 0.08 	 0.10
 65887 	  53672 	 0.07 	 0.10
 36327 	  78533 	 0.08 	 0.14
 36327 	   2332 	 0.08 	 0.14
  5103 	  90154 	 0.01 	 0.12
  5103 	  75641 	 0.04 	 0.13
  5103 	  85890 	 0.03 	 0.13
  5103 	  68681 	 0.09 	 0.18
  5103 	  16479 	 0.04 	 0.12
 77153 	  92753 	 0.09 	 0.10
 77153 	  59539 	 0.03 	 0.11
 77153 	  39337 	 0.06 	 0.17
 77153 	  95573 	 0.07 	 0.12
 77153 	  78533 	 0.05 	 0.16
 77153 	  80370 	 0.09 	 0.12
 77153 	 114621 	 0.08 	 0.10
 77153 	 109693 	 0.09 	 0.12
 77153 	 130780 	 0.08 	 0.10
 77153 	 131018 	 0.08 	 0.12
 77153 	 126200 	 0.08 	 0.11
 77153 	 105455 	 0.08 	 0.11
 77153 	 114379 	 0.04 	 0.12
 77153 	 131151 	 0.06 	 0.13
 77153 	 127649 	 0.08 	 0.11
 77153 	  95603 	 0.08 	 0.12
 77153 	 114535 	 0.04 	 0.13
 77153 	  96113 	 0.06 	 0.11
 77153 	 131017 	 0.07 	 0.10
 77153 	  44074 	 0.05 	 0.12
 77153 	 116115 	 0.03 	 0.12
 77153 	  67362 	 0.07 	 0.11
 77153 	 101892 	 0.08 	 0.13
 77153 	  94785 	 0.04 	 0.11
 77153 	   2332 	 0.04 	 0.13
 77153 	  52894 	 0.06 	 0.10
 77153 	 103296 	 0.06 	 0.14
 77153 	  43129 	 0.09 	 0.15
  8179 	  90154 	 0.06 	 0.13
  8179 	  85402 	 0.08 	 0.12
  8179 	  75641 	 0.08 	 0.13
  8179 	  85890 	 0.09 	 0.12
  8179 	  31770 	 0.06 	 0.12
  8179 	  77153 	 0.07 	 0.10
 97207 	  90154 	 0.04 	 0.19
 97207 	  85402 	 0.09 	 0.19
116522 	  77153 	 0.08 	 0.10
  5133 	   9595 	 0.09 	 0.10
  5133 	  90154 	 0.04 	 0.16
  5133 	  85402 	 0.07 	 0.15
  5133 	  75641 	 0.06 	 0.16
  5133 	  85890 	 0.07 	 0.16
  5133 	  77153 	 0.04 	 0.10
 76449 	 130665 	 0.09 	 0.19
 76449 	  85402 	 0.06 	 0.17
 76449 	  66308 	 0.09 	 0.15
 76449 	  85890 	 0.06 	 0.20
 76449 	  31770 	 0.04 	 0.10
 76449 	  36327 	 0.08 	 0.15
 76449 	  77153 	 0.04 	 0.14
 51513 	 105733 	 0.09 	 0.10
108127 	  90154 	 0.04 	 0.15
108127 	  85402 	 0.07 	 0.13
108127 	  75641 	 0.07 	 0.13
108127 	  85890 	 0.09 	 0.16
120065 	  90154 	 0.03 	 0.14
120065 	  85402 	 0.04 	 0.12
120065 	  75641 	 0.05 	 0.15
120065 	  85890 	 0.06 	 0.15
120065 	  68681 	 0.09 	 0.14
120065 	  77153 	 0.03 	 0.12
 95336 	 127102 	 0.08 	 0.11
 95336 	  59539 	 0.04 	 0.19
 95336 	  39337 	 0.09 	 0.14
 95336 	  50275 	 0.03 	 0.11
 95336 	  93163 	 0.06 	 0.12
 95336 	  92014 	 0.05 	 0.10
 95336 	  39079 	 0.04 	 0.12
 95336 	  91563 	 0.04 	 0.12
 95336 	  95573 	 0.09 	 0.17
 95336 	  52768 	 0.04 	 0.13
 95336 	   2986 	 0.05 	 0.14
 95336 	   5543 	 0.08 	 0.11
 95336 	 128844 	 0.08 	 0.10
 95336 	 105200 	 0.06 	 0.11
 95336 	  70752 	 0.07 	 0.11
 95336 	   8980 	 0.06 	 0.11
 95336 	 130780 	 0.09 	 0.16
 95336 	 131018 	 0.09 	 0.17
 95336 	 113027 	 0.06 	 0.11
 95336 	 130983 	 0.08 	 0.10
 95336 	 114379 	 0.06 	 0.13
 95336 	 131151 	 0.06 	 0.16
 95336 	 126721 	 0.05 	 0.11
 95336 	  95603 	 0.09 	 0.16
 95336 	  91926 	 0.05 	 0.13
 95336 	 117081 	 0.08 	 0.11
 95336 	  92865 	 0.09 	 0.15
 95336 	 114535 	 0.04 	 0.12
 95336 	  96113 	 0.07 	 0.17
 95336 	  94264 	 0.08 	 0.13
 95336 	 111407 	 0.04 	 0.13
 95336 	 105970 	 0.07 	 0.14
 95336 	  44074 	 0.07 	 0.16
 95336 	 116115 	 0.07 	 0.14
 95336 	 105815 	 0.05 	 0.14
 95336 	 101892 	 0.09 	 0.20
 95336 	 126216 	 0.05 	 0.11
 95336 	  94785 	 0.07 	 0.13
 95336 	 124419 	 0.09 	 0.14
 95336 	   2332 	 0.08 	 0.15
 95336 	 105733 	 0.04 	 0.10
 95336 	 103296 	 0.05 	 0.19
 95336 	   5103 	 0.04 	 0.11
 95336 	   8179 	 0.08 	 0.12
 95336 	  97207 	 0.08 	 0.13
 95336 	   5133 	 0.06 	 0.15
 95336 	  76449 	 0.08 	 0.17
 95336 	 108127 	 0.06 	 0.13
 95336 	 120065 	 0.04 	 0.11
114673 	  90154 	 0.08 	 0.15
107568 	 114535 	 0.09 	 0.12
107568 	  65863 	 0.09 	 0.12
107568 	  67362 	 0.07 	 0.12
107568 	  52894 	 0.08 	 0.12
 96012 	  95336 	 0.09 	 0.16
 85142 	   9595 	 0.09 	 0.10
 85142 	  90154 	 0.03 	 0.12
 85142 	  51213 	 0.09 	 0.13
 85142 	  85402 	 0.05 	 0.11
 85142 	  75641 	 0.06 	 0.16
 85142 	  85890 	 0.06 	 0.13
 85142 	  31770 	 0.05 	 0.11
 85142 	  68681 	 0.08 	 0.13
 85142 	  77153 	 0.04 	 0.11
 85142 	  95336 	 0.04 	 0.13
 85142 	 107568 	 0.09 	 0.12
 69633 	  82246 	 0.08 	 0.16
 69633 	 114535 	 0.08 	 0.11
 69633 	 116115 	 0.07 	 0.13
 69633 	  85142 	 0.07 	 0.13
101365 	  31770 	 0.08 	 0.10
101365 	  77153 	 0.07 	 0.12
 79768 	  53672 	 0.09 	 0.12
 79768 	  67362 	 0.09 	 0.14
 65192 	  92753 	 0.09 	 0.13
 65192 	  39337 	 0.06 	 0.17
 65192 	  50275 	 0.02 	 0.11
 65192 	  93163 	 0.03 	 0.14
 65192 	  92014 	 0.04 	 0.11
 65192 	  39079 	 0.03 	 0.14
 65192 	  91563 	 0.04 	 0.13
 65192 	  52768 	 0.02 	 0.12
 65192 	   2986 	 0.06 	 0.12
 65192 	   5543 	 0.05 	 0.13
 65192 	  80370 	 0.09 	 0.14
 65192 	 122022 	 0.07 	 0.15
 65192 	  70752 	 0.04 	 0.14
 65192 	   8980 	 0.05 	 0.14
 65192 	 113027 	 0.04 	 0.12
 65192 	  93171 	 0.08 	 0.13
 65192 	 114379 	 0.04 	 0.16
 65192 	 131151 	 0.04 	 0.14
 65192 	  95603 	 0.07 	 0.17
 65192 	  91926 	 0.04 	 0.13
 65192 	 117081 	 0.07 	 0.12
 65192 	  92865 	 0.07 	 0.18
 65192 	  94332 	 0.05 	 0.13
 65192 	 114535 	 0.04 	 0.14
 65192 	  96113 	 0.06 	 0.20
 65192 	  94264 	 0.05 	 0.15
 65192 	 111407 	 0.03 	 0.11
 65192 	  44074 	 0.05 	 0.17
 65192 	 116115 	 0.03 	 0.14
 65192 	  67362 	 0.07 	 0.11
 65192 	  93950 	 0.08 	 0.12
 65192 	  70646 	 0.04 	 0.10
 65192 	 126216 	 0.03 	 0.13
 65192 	  94785 	 0.04 	 0.16
 65192 	   2332 	 0.04 	 0.16
 65192 	  52894 	 0.04 	 0.11
 65192 	 105733 	 0.02 	 0.11
 65192 	   5103 	 0.02 	 0.13
 65192 	   8179 	 0.07 	 0.12
 65192 	 116522 	 0.08 	 0.19
 65192 	   5133 	 0.04 	 0.16
 65192 	  76449 	 0.04 	 0.20
 65192 	 108127 	 0.05 	 0.16
 65192 	 120065 	 0.03 	 0.14
 65192 	 114673 	 0.08 	 0.14
 65192 	  85142 	 0.04 	 0.14
107458 	  90154 	 0.07 	 0.14
101673 	  52768 	 0.09 	 0.17
 37464 	  90154 	 0.03 	 0.11
 37464 	  75641 	 0.05 	 0.11
 37464 	  77153 	 0.05 	 0.11
108273 	   4793 	 0.08 	 0.18
108273 	  90154 	 0.02 	 0.19
108273 	  85402 	 0.03 	 0.16
108273 	  69026 	 0.06 	 0.11
108273 	  85890 	 0.03 	 0.16
108273 	  31770 	 0.02 	 0.11
108273 	  81306 	 0.07 	 0.14
108273 	  72992 	 0.05 	 0.11
108273 	  65887 	 0.07 	 0.18
108273 	  77153 	 0.02 	 0.12
108273 	  95336 	 0.02 	 0.18
108273 	  79768 	 0.08 	 0.12
108273 	  65192 	 0.01 	 0.17
120998 	  75641 	 0.07 	 0.16
120998 	  31770 	 0.04 	 0.10
120998 	  77153 	 0.06 	 0.11
120998 	  95336 	 0.06 	 0.19
120998 	  69633 	 0.07 	 0.11
 92527 	  90154 	 0.06 	 0.11
 92527 	  85402 	 0.09 	 0.11
 92527 	  75641 	 0.08 	 0.10
 92527 	  65192 	 0.08 	 0.11
108174 	  68681 	 0.08 	 0.12
108174 	  16479 	 0.07 	 0.10
108174 	  65192 	 0.02 	 0.10
 62649 	  92753 	 0.09 	 0.14
 62649 	  59539 	 0.02 	 0.20
 62649 	  39337 	 0.07 	 0.20
 62649 	  93163 	 0.05 	 0.13
 62649 	  92014 	 0.05 	 0.12
 62649 	  39079 	 0.04 	 0.16
 62649 	  91563 	 0.04 	 0.13
 62649 	  52768 	 0.04 	 0.12
 62649 	   2986 	 0.05 	 0.13
 62649 	   5543 	 0.07 	 0.15
 62649 	 114621 	 0.07 	 0.20
 62649 	 122022 	 0.08 	 0.19
 62649 	  70752 	 0.04 	 0.14
 62649 	   8980 	 0.08 	 0.14
 62649 	 105455 	 0.08 	 0.15
 62649 	 113027 	 0.05 	 0.11
 62649 	 114379 	 0.04 	 0.16
 62649 	 131151 	 0.05 	 0.17
 62649 	  95603 	 0.09 	 0.17
 62649 	  91926 	 0.04 	 0.14
 62649 	 117081 	 0.08 	 0.13
 62649 	  92250 	 0.07 	 0.11
 62649 	 114535 	 0.05 	 0.14
 62649 	  96113 	 0.07 	 0.19
 62649 	  51289 	 0.04 	 0.10
 62649 	  94264 	 0.08 	 0.15
 62649 	 111407 	 0.03 	 0.12
 62649 	  53672 	 0.03 	 0.12
 62649 	 105970 	 0.03 	 0.14
 62649 	  44074 	 0.06 	 0.18
 62649 	 116115 	 0.04 	 0.13
 62649 	  67362 	 0.08 	 0.12
 62649 	  58481 	 0.06 	 0.10
 62649 	  70646 	 0.04 	 0.11
 62649 	 105815 	 0.06 	 0.17
 62649 	 126216 	 0.03 	 0.14
 62649 	  94785 	 0.05 	 0.15
 62649 	   2332 	 0.05 	 0.15
 62649 	  52894 	 0.08 	 0.12
 62649 	 105733 	 0.03 	 0.11
 62649 	   5103 	 0.02 	 0.12
 62649 	   8179 	 0.07 	 0.13
 62649 	  97207 	 0.07 	 0.19
 62649 	   5133 	 0.05 	 0.15
 62649 	 108127 	 0.07 	 0.14
 62649 	 120065 	 0.06 	 0.14
 62649 	  85142 	 0.05 	 0.12
 62649 	 107458 	 0.08 	 0.14
 62649 	  37464 	 0.05 	 0.12
 62649 	 108273 	 0.02 	 0.18
 62649 	 120998 	 0.07 	 0.20
 62649 	  92527 	 0.08 	 0.12
 94602 	  77153 	 0.09 	 0.10
 94602 	  65192 	 0.08 	 0.18
 82318 	  31770 	 0.06 	 0.16
 82318 	  62649 	 0.09 	 0.10
 58632 	  90154 	 0.04 	 0.16
 58632 	  85402 	 0.07 	 0.13
 58632 	  85890 	 0.07 	 0.17
 58632 	  77153 	 0.05 	 0.12
 58632 	  95336 	 0.07 	 0.13
 58632 	  65192 	 0.04 	 0.16
 58632 	  62649 	 0.07 	 0.16
115220 	  90154 	 0.08 	 0.19
107489 	  90154 	 0.03 	 0.11
107489 	  85402 	 0.05 	 0.12
107489 	  85890 	 0.06 	 0.12
107489 	  95336 	 0.05 	 0.12
107489 	  65192 	 0.04 	 0.13
107489 	  62649 	 0.05 	 0.11
 58416 	  85402 	 0.09 	 0.13
 58416 	  95336 	 0.08 	 0.15
 58416 	  65192 	 0.06 	 0.17
 58416 	  62649 	 0.07 	 0.19
 52786 	  90154 	 0.02 	 0.11
 52786 	  75641 	 0.05 	 0.13
 52786 	  95336 	 0.03 	 0.10
 52786 	  62649 	 0.03 	 0.11
 16404 	  59539 	 0.07 	 0.12
 16404 	 114535 	 0.09 	 0.12
 16404 	  65863 	 0.09 	 0.13
 16404 	  53672 	 0.09 	 0.13
 16404 	  67362 	 0.07 	 0.14
 16404 	 105733 	 0.08 	 0.11
 16404 	 120065 	 0.09 	 0.10
 16404 	 108273 	 0.09 	 0.11
105413 	  68681 	 0.09 	 0.11
 74286 	 130665 	 0.09 	 0.19
 74286 	 126626 	 0.08 	 0.20
 74286 	  85402 	 0.06 	 0.16
 74286 	  66308 	 0.09 	 0.15
 74286 	  31770 	 0.04 	 0.10
 74286 	  36327 	 0.08 	 0.15
 74286 	  77153 	 0.04 	 0.15
 74286 	  95336 	 0.08 	 0.17
 74286 	  65192 	 0.04 	 0.20
 27623 	  90154 	 0.04 	 0.11
 27623 	  66388 	 0.09 	 0.15
 27623 	  85402 	 0.04 	 0.10
 27623 	  75641 	 0.06 	 0.12
 27623 	  85890 	 0.06 	 0.11
 27623 	  65192 	 0.04 	 0.11
 27623 	  62649 	 0.04 	 0.11
 65782 	  65192 	 0.06 	 0.12
 65782 	  62649 	 0.06 	 0.17
116898 	  90154 	 0.03 	 0.12
116898 	  85402 	 0.04 	 0.10
116898 	  75641 	 0.05 	 0.14
116898 	  85890 	 0.05 	 0.12
116898 	  95336 	 0.04 	 0.11
116898 	  65192 	 0.03 	 0.12
116898 	  62649 	 0.04 	 0.12
100142 	   9595 	 0.06 	 0.14
100142 	  90154 	 0.04 	 0.15
100142 	  85402 	 0.05 	 0.15
100142 	  75641 	 0.06 	 0.12
100142 	  85890 	 0.07 	 0.17
100142 	  31770 	 0.03 	 0.11
100142 	  16479 	 0.09 	 0.12
100142 	  77153 	 0.04 	 0.12
100142 	  95336 	 0.06 	 0.14
100142 	  65192 	 0.05 	 0.16
100142 	  62649 	 0.06 	 0.15
 74885 	   2986 	 0.03 	 0.11
 74885 	 114535 	 0.03 	 0.12
 74885 	  44074 	 0.03 	 0.19
 74885 	  94785 	 0.02 	 0.15
 74885 	   2332 	 0.02 	 0.19
 74885 	 105733 	 0.02 	 0.11
 74885 	   5103 	 0.01 	 0.12
 74885 	  76449 	 0.02 	 0.20
 74885 	 108273 	 0.02 	 0.17
 74885 	  74286 	 0.02 	 0.20
 74885 	  27623 	 0.02 	 0.11
 74885 	 116898 	 0.02 	 0.14
 74885 	 100142 	 0.03 	 0.14
105156 	  90154 	 0.04 	 0.12
105156 	  75641 	 0.06 	 0.13
105156 	  85890 	 0.08 	 0.12
105156 	  65192 	 0.04 	 0.11
105156 	  62649 	 0.05 	 0.12
121308 	  90154 	 0.03 	 0.14
121308 	  85402 	 0.06 	 0.12
121308 	  75641 	 0.05 	 0.18
121308 	  85890 	 0.06 	 0.13
121308 	  81306 	 0.08 	 0.12
121308 	  16479 	 0.09 	 0.14
121308 	  77153 	 0.04 	 0.12
121308 	  95336 	 0.05 	 0.11
121308 	  65192 	 0.04 	 0.13
121308 	  62649 	 0.04 	 0.14
121308 	  16404 	 0.08 	 0.11
 77148 	  59539 	 0.03 	 0.10
 77148 	  39337 	 0.09 	 0.17
 77148 	  78533 	 0.05 	 0.16
 77148 	 131018 	 0.09 	 0.12
 77148 	 114379 	 0.05 	 0.12
 77148 	 131151 	 0.06 	 0.13
 77148 	  95603 	 0.09 	 0.11
 77148 	 114535 	 0.04 	 0.13
 77148 	  96113 	 0.06 	 0.11
 77148 	  94264 	 0.06 	 0.10
 77148 	 131017 	 0.08 	 0.10
 77148 	  44074 	 0.06 	 0.12
 77148 	 116115 	 0.05 	 0.12
 77148 	  67362 	 0.08 	 0.11
 77148 	  94785 	 0.07 	 0.11
 77148 	   2332 	 0.05 	 0.13
 77148 	  52894 	 0.07 	 0.11
 77148 	 103296 	 0.08 	 0.14
 77148 	   8179 	 0.09 	 0.10
 77148 	  97207 	 0.08 	 0.11
 77148 	  76449 	 0.05 	 0.15
 77148 	 120065 	 0.04 	 0.11
 77148 	  85142 	 0.04 	 0.11
 77148 	  99159 	 0.09 	 0.17
 77148 	  37464 	 0.05 	 0.10
 77148 	 108273 	 0.02 	 0.12
 77148 	 120998 	 0.06 	 0.10
 77148 	  82318 	 0.09 	 0.11
 77148 	  58632 	 0.05 	 0.12
 77148 	  58416 	 0.08 	 0.14
 77148 	  74286 	 0.05 	 0.15
 77148 	 100142 	 0.04 	 0.12
 77148 	 121308 	 0.05 	 0.13
  3715 	  90154 	 0.03 	 0.19
  3715 	  85402 	 0.05 	 0.13
  3715 	  69026 	 0.09 	 0.13
  3715 	  85890 	 0.05 	 0.16
  3715 	  68681 	 0.08 	 0.18
  3715 	  16479 	 0.08 	 0.17
  3715 	  77153 	 0.03 	 0.13
  3715 	  95336 	 0.04 	 0.15
  3715 	  65192 	 0.04 	 0.15
  3715 	  62649 	 0.05 	 0.19
  3715 	  74885 	 0.02 	 0.15
  3715 	  77148 	 0.05 	 0.13
115258 	  65192 	 0.08 	 0.19
102995 	  90154 	 0.08 	 0.19
  2267 	  90154 	 0.06 	 0.11
  2267 	  85402 	 0.08 	 0.11
  2267 	  75641 	 0.08 	 0.11
  2267 	  31770 	 0.05 	 0.12
  2267 	  95336 	 0.07 	 0.11
  2267 	  62649 	 0.07 	 0.12
   514 	  81306 	 0.08 	 0.10
107890 	  90154 	 0.07 	 0.12
107890 	  75641 	 0.09 	 0.11
107890 	  65192 	 0.07 	 0.15
107890 	  62649 	 0.09 	 0.13
 95790 	  85402 	 0.08 	 0.18
 95790 	  75641 	 0.08 	 0.14
 95790 	  68681 	 0.08 	 0.19
 95790 	  77153 	 0.07 	 0.11
 95790 	  95336 	 0.07 	 0.17
 95790 	  65192 	 0.06 	 0.18
 95790 	  62649 	 0.07 	 0.17
 95790 	  77148 	 0.07 	 0.11
 95350 	  31770 	 0.07 	 0.14
109399 	  90154 	 0.02 	 0.12
109399 	  85402 	 0.03 	 0.11
109399 	  75641 	 0.04 	 0.13
109399 	  85890 	 0.04 	 0.13
109399 	  68681 	 0.08 	 0.11
109399 	  16479 	 0.06 	 0.11
109399 	  95336 	 0.03 	 0.11
109399 	  65192 	 0.02 	 0.13
109399 	  62649 	 0.03 	 0.13
109399 	  74885 	 0.01 	 0.13
109399 	  87759 	 0.01 	 0.12
 86335 	  50275 	 0.08 	 0.10
 86335 	  91563 	 0.08 	 0.14
 86335 	  52768 	 0.08 	 0.12
 86335 	 126216 	 0.07 	 0.14
 86335 	  94785 	 0.08 	 0.15
 86335 	 105733 	 0.08 	 0.11
 86335 	   5103 	 0.05 	 0.13
 86335 	 108273 	 0.06 	 0.19
 86335 	 108174 	 0.05 	 0.11
 86335 	  27623 	 0.08 	 0.12
 86335 	 109399 	 0.07 	 0.14
 61797 	  59539 	 0.08 	 0.20
 61797 	  91563 	 0.08 	 0.12
 61797 	  52768 	 0.08 	 0.12
 61797 	  53672 	 0.05 	 0.12
 61797 	 126216 	 0.07 	 0.14
 61797 	  94785 	 0.08 	 0.15
 61797 	 105733 	 0.08 	 0.11
 61797 	   5103 	 0.05 	 0.12
 61797 	 108273 	 0.06 	 0.18
 61797 	  27623 	 0.08 	 0.10
 61797 	 109399 	 0.07 	 0.13
 94015 	  90154 	 0.05 	 0.15
 94015 	  85402 	 0.09 	 0.12
 94015 	  75641 	 0.08 	 0.16
 94015 	  77153 	 0.05 	 0.10
 94015 	  95336 	 0.09 	 0.13
 94015 	  65192 	 0.05 	 0.16
 94015 	  62649 	 0.07 	 0.15
 94015 	  77148 	 0.07 	 0.10
117213 	  90154 	 0.04 	 0.14
117213 	  85402 	 0.06 	 0.11
117213 	  75641 	 0.06 	 0.16
117213 	  85890 	 0.08 	 0.14
117213 	  95336 	 0.06 	 0.13
117213 	  65192 	 0.05 	 0.14
117213 	  62649 	 0.06 	 0.14
 94005 	  90154 	 0.03 	 0.12
 94005 	  51213 	 0.08 	 0.12
 94005 	  75641 	 0.06 	 0.13
 94005 	  85890 	 0.07 	 0.11
 94005 	  68681 	 0.08 	 0.15
 94005 	  65192 	 0.04 	 0.12
 94005 	  62649 	 0.05 	 0.12
 94005 	  16404 	 0.09 	 0.13
123976 	  90154 	 0.06 	 0.20
123976 	  85402 	 0.09 	 0.19
123976 	  77153 	 0.07 	 0.10
123976 	  95336 	 0.09 	 0.16
123976 	  62649 	 0.09 	 0.19
123976 	  77148 	 0.09 	 0.10
 18023 	  77153 	 0.07 	 0.11
 18023 	  95336 	 0.09 	 0.12
 18023 	  62649 	 0.08 	 0.15
 18023 	  77148 	 0.09 	 0.11
109086 	  90154 	 0.03 	 0.15
109086 	  85402 	 0.04 	 0.12
109086 	  75641 	 0.05 	 0.15
109086 	  85890 	 0.04 	 0.14
109086 	  81306 	 0.09 	 0.11
109086 	  77153 	 0.03 	 0.11
109086 	  95336 	 0.04 	 0.12
109086 	  65192 	 0.03 	 0.13
109086 	  62649 	 0.03 	 0.15
109086 	  16404 	 0.08 	 0.10
109086 	  74885 	 0.02 	 0.13
109086 	  77148 	 0.04 	 0.11
109086 	  86335 	 0.08 	 0.12
109086 	  61797 	 0.08 	 0.15
 76438 	 130665 	 0.09 	 0.19
 76438 	  85402 	 0.06 	 0.16
 76438 	  66308 	 0.09 	 0.15
 76438 	  85890 	 0.06 	 0.19
 76438 	  31770 	 0.04 	 0.10
 76438 	  36327 	 0.08 	 0.15
 76438 	  77153 	 0.04 	 0.15
 76438 	  95336 	 0.08 	 0.17
 76438 	  65192 	 0.04 	 0.19
 76438 	  74885 	 0.02 	 0.20
 76438 	  77148 	 0.05 	 0.16
 79171 	  53672 	 0.09 	 0.11
124881 	  90154 	 0.06 	 0.19
124881 	  75641 	 0.08 	 0.12
124881 	  95336 	 0.09 	 0.14
124881 	  62649 	 0.09 	 0.18
105523 	   9595 	 0.05 	 0.14
105523 	  94927 	 0.09 	 0.20
105523 	  81305 	 0.07 	 0.14
105523 	  90154 	 0.02 	 0.18
105523 	  76155 	 0.09 	 0.16
105523 	  75030 	 0.06 	 0.20
105523 	  85402 	 0.04 	 0.17
105523 	  66308 	 0.09 	 0.18
105523 	  69026 	 0.07 	 0.16
105523 	  75641 	 0.04 	 0.18
105523 	  85890 	 0.03 	 0.20
105523 	  31770 	 0.03 	 0.12
105523 	  81306 	 0.08 	 0.15
105523 	 128492 	 0.09 	 0.20
105523 	  68681 	 0.07 	 0.19
105523 	  72992 	 0.06 	 0.13
105523 	  16479 	 0.07 	 0.19
105523 	  77153 	 0.03 	 0.12
105523 	  95336 	 0.03 	 0.19
105523 	  69633 	 0.06 	 0.13
105523 	  65192 	 0.02 	 0.20
105523 	  62649 	 0.03 	 0.17
105523 	  16404 	 0.08 	 0.10
105523 	  74885 	 0.01 	 0.19
105523 	  77148 	 0.03 	 0.13
105523 	  82463 	 0.06 	 0.15
105523 	  86335 	 0.05 	 0.19
105523 	  61797 	 0.05 	 0.17
129421 	  77153 	 0.06 	 0.11
129421 	  95336 	 0.06 	 0.19
 67993 	  39337 	 0.09 	 0.13
 67993 	  50275 	 0.03 	 0.11
 67993 	  95573 	 0.09 	 0.12
 67993 	  78533 	 0.08 	 0.15
 67993 	 130780 	 0.09 	 0.10
 67993 	 114379 	 0.04 	 0.10
 67993 	 131151 	 0.06 	 0.11
 67993 	 127649 	 0.09 	 0.11
 67993 	  95603 	 0.08 	 0.11
 67993 	 114535 	 0.05 	 0.12
 67993 	  96113 	 0.06 	 0.11
 67993 	  44074 	 0.06 	 0.12
 67993 	 116115 	 0.07 	 0.12
 67993 	  94785 	 0.05 	 0.11
 67993 	   2332 	 0.08 	 0.15
 67993 	 103296 	 0.08 	 0.11
 67993 	   8179 	 0.08 	 0.11
 67993 	  97207 	 0.07 	 0.12
 67993 	   5133 	 0.05 	 0.11
 67993 	  76449 	 0.08 	 0.12
 67993 	  85142 	 0.05 	 0.11
 67993 	 108273 	 0.03 	 0.12
 67993 	 120998 	 0.06 	 0.10
 67993 	  58416 	 0.07 	 0.11
 67993 	  74286 	 0.08 	 0.13
 67993 	 100142 	 0.05 	 0.12
 67993 	 121308 	 0.05 	 0.11
 67993 	   2267 	 0.08 	 0.11
 67993 	  95790 	 0.08 	 0.12
 67993 	  95350 	 0.09 	 0.16
 67993 	 123976 	 0.09 	 0.10
 67993 	  76438 	 0.08 	 0.13
 67993 	 105523 	 0.03 	 0.13
 67993 	 129421 	 0.09 	 0.12
 61753 	 127102 	 0.07 	 0.13
 61753 	  39337 	 0.06 	 0.20
 61753 	  50275 	 0.03 	 0.11
 61753 	  93163 	 0.05 	 0.14
 61753 	  92014 	 0.05 	 0.12
 61753 	  39079 	 0.03 	 0.16
 61753 	  91563 	 0.04 	 0.13
 61753 	  52768 	 0.04 	 0.12
 61753 	   2986 	 0.05 	 0.12
 61753 	   5543 	 0.07 	 0.16
 61753 	 128844 	 0.07 	 0.12
 61753 	 122022 	 0.08 	 0.18
 61753 	  70752 	 0.06 	 0.15
 61753 	   8980 	 0.07 	 0.15
 61753 	 113027 	 0.05 	 0.12
 61753 	 130983 	 0.07 	 0.12
 61753 	 114379 	 0.04 	 0.17
 61753 	 131151 	 0.05 	 0.17
 61753 	 126721 	 0.06 	 0.14
 61753 	  95603 	 0.09 	 0.16
 61753 	  91926 	 0.05 	 0.15
 61753 	 117081 	 0.08 	 0.12
 61753 	  92865 	 0.08 	 0.16
 61753 	  92250 	 0.07 	 0.10
 61753 	 114535 	 0.06 	 0.15
 61753 	  96113 	 0.07 	 0.19
 61753 	  94264 	 0.08 	 0.16
 61753 	 111407 	 0.03 	 0.12
 61753 	  65863 	 0.04 	 0.11
 61753 	  53672 	 0.03 	 0.11
 61753 	 116115 	 0.05 	 0.15
 61753 	  67362 	 0.08 	 0.14
 61753 	  70646 	 0.04 	 0.11
 61753 	 105815 	 0.07 	 0.17
 61753 	 126216 	 0.03 	 0.14
 61753 	 130986 	 0.06 	 0.19
 61753 	  94785 	 0.05 	 0.17
 61753 	 124419 	 0.08 	 0.18
 61753 	   2332 	 0.05 	 0.15
 61753 	  52894 	 0.06 	 0.14
 61753 	 105733 	 0.04 	 0.12
 61753 	   5103 	 0.02 	 0.13
 61753 	   8179 	 0.08 	 0.13
 61753 	  97207 	 0.06 	 0.20
 61753 	   5133 	 0.05 	 0.16
 61753 	 103133 	 0.09 	 0.17
 61753 	 108127 	 0.07 	 0.16
 61753 	 120065 	 0.04 	 0.15
 61753 	 114673 	 0.09 	 0.13
 61753 	  85142 	 0.05 	 0.14
 61753 	 107458 	 0.09 	 0.13
 61753 	 108273 	 0.03 	 0.18
 61753 	  92527 	 0.09 	 0.12
 61753 	  58632 	 0.05 	 0.19
 61753 	 107489 	 0.06 	 0.12
 61753 	  52786 	 0.05 	 0.11
 61753 	  27623 	 0.04 	 0.10
 61753 	  65782 	 0.06 	 0.18
 61753 	 116898 	 0.05 	 0.13
 61753 	 100142 	 0.04 	 0.15
 61753 	 105156 	 0.05 	 0.13
 61753 	 121308 	 0.05 	 0.14
 61753 	 107890 	 0.09 	 0.14
 61753 	  95790 	 0.08 	 0.17
 61753 	 109399 	 0.03 	 0.13
 61753 	  94015 	 0.08 	 0.17
 61753 	 117213 	 0.07 	 0.15
 61753 	  94005 	 0.07 	 0.13
 61753 	 123976 	 0.08 	 0.20
 61753 	  18023 	 0.09 	 0.17
 61753 	 109086 	 0.05 	 0.16
 61753 	 124881 	 0.08 	 0.18
 61753 	 105523 	 0.02 	 0.20
 93696 	  90154 	 0.07 	 0.12
 93696 	  75641 	 0.09 	 0.13
 93696 	  65192 	 0.08 	 0.12
 93696 	  62649 	 0.09 	 0.12
119884 	  88141 	 0.08 	 0.15
100744 	   9595 	 0.08 	 0.12
100744 	  90154 	 0.04 	 0.18
100744 	  85402 	 0.07 	 0.19
100744 	  75641 	 0.06 	 0.14
100744 	  68681 	 0.08 	 0.18
100744 	  77153 	 0.05 	 0.11
100744 	  95336 	 0.05 	 0.14
100744 	  69633 	 0.09 	 0.11
100744 	  62649 	 0.04 	 0.18
100744 	  74885 	 0.03 	 0.17
100744 	  77148 	 0.06 	 0.10
100744 	  67993 	 0.05 	 0.12
100744 	  61753 	 0.06 	 0.19
122171 	  90154 	 0.05 	 0.14
122171 	  85402 	 0.08 	 0.12
122171 	  75641 	 0.07 	 0.14
122171 	  85890 	 0.09 	 0.15
122171 	  95336 	 0.08 	 0.15
122171 	  65192 	 0.06 	 0.15
122171 	  62649 	 0.07 	 0.14
122171 	  74885 	 0.04 	 0.15
122171 	  61753 	 0.06 	 0.16
103973 	  65192 	 0.07 	 0.14
 67672 	  59539 	 0.08 	 0.14
 67672 	  50275 	 0.08 	 0.11
 67672 	  93163 	 0.09 	 0.11
 67672 	  78533 	 0.09 	 0.15
 67672 	 111407 	 0.09 	 0.10
 67672 	  65863 	 0.08 	 0.11
 67672 	 116115 	 0.09 	 0.16
 67672 	  94785 	 0.08 	 0.14
 67672 	 105733 	 0.07 	 0.11
 67672 	 108273 	 0.06 	 0.14
 67672 	 109086 	 0.09 	 0.12
 67672 	 105523 	 0.06 	 0.15
111227 	  90154 	 0.04 	 0.13
111227 	  85402 	 0.06 	 0.12
111227 	  75641 	 0.06 	 0.14
111227 	  85890 	 0.07 	 0.13
111227 	  95336 	 0.06 	 0.12
111227 	  65192 	 0.04 	 0.13
111227 	  62649 	 0.04 	 0.12
111227 	  74885 	 0.03 	 0.12
111227 	  61753 	 0.05 	 0.14
121157 	  90154 	 0.05 	 0.12
121157 	  85402 	 0.08 	 0.12
121157 	  75641 	 0.09 	 0.10
121157 	  95336 	 0.07 	 0.12
121157 	  65192 	 0.06 	 0.11
121157 	  62649 	 0.08 	 0.13
121157 	  61753 	 0.07 	 0.12
  2268 	  90154 	 0.04 	 0.11
  2268 	  75641 	 0.06 	 0.13
  2268 	  68681 	 0.08 	 0.13
  2268 	  77153 	 0.05 	 0.10
  2268 	  62649 	 0.04 	 0.11
  2268 	  16404 	 0.09 	 0.14
  2268 	  77148 	 0.05 	 0.10
  2268 	  61753 	 0.05 	 0.11
 92509 	  90154 	 0.03 	 0.14
 92509 	  85402 	 0.04 	 0.12
 92509 	  75641 	 0.05 	 0.14
 92509 	  85890 	 0.06 	 0.11
 92509 	  16479 	 0.09 	 0.13
 92509 	  95336 	 0.06 	 0.12
 92509 	  65192 	 0.03 	 0.12
 92509 	  62649 	 0.04 	 0.14
 92509 	  86335 	 0.09 	 0.14
 92509 	  61797 	 0.09 	 0.14
 92509 	  61753 	 0.04 	 0.13
 92509 	  67672 	 0.09 	 0.11
 82242 	  88141 	 0.09 	 0.14
 82242 	  90154 	 0.03 	 0.12
 82242 	  18307 	 0.07 	 0.14
 82242 	  85402 	 0.04 	 0.13
 82242 	  69026 	 0.08 	 0.10
 82242 	  75641 	 0.04 	 0.12
 82242 	  85890 	 0.05 	 0.13
 82242 	  68681 	 0.06 	 0.14
 82242 	  16479 	 0.06 	 0.14
 82242 	  95336 	 0.04 	 0.13
 82242 	  65192 	 0.03 	 0.13
 82242 	 101673 	 0.09 	 0.16
 82242 	  15972 	 0.09 	 0.14
 82242 	  62649 	 0.03 	 0.12
 82242 	  74885 	 0.02 	 0.12
 82242 	  82463 	 0.08 	 0.10
 82242 	  86335 	 0.07 	 0.14
 82242 	  61797 	 0.07 	 0.12
 82242 	  79171 	 0.07 	 0.13
 82242 	  61753 	 0.03 	 0.12
 82242 	  67672 	 0.07 	 0.11
 75661 	  78533 	 0.09 	 0.11
 75661 	  76449 	 0.09 	 0.11
 75661 	  74286 	 0.09 	 0.11
 75661 	  76438 	 0.09 	 0.10
 75661 	 105523 	 0.09 	 0.16
 66563 	  90154 	 0.06 	 0.13
 66563 	  85402 	 0.09 	 0.11
 66563 	  75641 	 0.08 	 0.16
 66563 	  85890 	 0.09 	 0.11
 66563 	  77153 	 0.06 	 0.11
 66563 	  95336 	 0.08 	 0.13
 66563 	  65192 	 0.06 	 0.12
 66563 	  62649 	 0.09 	 0.13
 66563 	  77148 	 0.07 	 0.11
 66563 	  67993 	 0.07 	 0.10
 66563 	  61753 	 0.08 	 0.14
 62878 	  68681 	 0.08 	 0.12
 62878 	  77153 	 0.04 	 0.11
 62878 	  77148 	 0.04 	 0.10
108160 	  77153 	 0.09 	 0.12
 77586 	  85402 	 0.08 	 0.11
 77586 	  85890 	 0.08 	 0.13
 77586 	  95336 	 0.07 	 0.11
 77586 	  65192 	 0.05 	 0.13
 77586 	  62649 	 0.07 	 0.14
 77586 	  61753 	 0.07 	 0.15
 50309 	  95336 	 0.06 	 0.11
 50309 	  67993 	 0.09 	 0.11
 50309 	  61753 	 0.06 	 0.11
 59944 	  85142 	 0.08 	 0.10
 59944 	 108273 	 0.05 	 0.11
 59944 	 105523 	 0.05 	 0.11
 80885 	  59539 	 0.09 	 0.12
 80885 	  53672 	 0.08 	 0.11
 80885 	  67362 	 0.08 	 0.12
 66886 	  78533 	 0.03 	 0.15
 66886 	  76449 	 0.02 	 0.10
 66886 	 108273 	 0.01 	 0.11
 66886 	  74286 	 0.02 	 0.10
 66886 	 100142 	 0.02 	 0.11
 66886 	  76438 	 0.02 	 0.10
 66886 	 105523 	 0.01 	 0.12
 74664 	 130665 	 0.09 	 0.19
 74664 	 126626 	 0.08 	 0.20
 74664 	  85402 	 0.06 	 0.16
 74664 	  66308 	 0.09 	 0.15
 74664 	  31770 	 0.04 	 0.10
 74664 	  36327 	 0.08 	 0.16
 74664 	  77153 	 0.04 	 0.15
 74664 	  95336 	 0.08 	 0.17
 74664 	  65192 	 0.04 	 0.20
 74664 	  74885 	 0.02 	 0.20
 74664 	  77148 	 0.05 	 0.15
 74664 	  67993 	 0.08 	 0.13
 74664 	  67672 	 0.09 	 0.18
 74664 	  75661 	 0.09 	 0.11
 74664 	  66886 	 0.02 	 0.10
108765 	  90154 	 0.05 	 0.20
108765 	  75641 	 0.07 	 0.15
108765 	  77153 	 0.06 	 0.10
108765 	  95336 	 0.08 	 0.15
108765 	  65192 	 0.05 	 0.19
108765 	  62649 	 0.07 	 0.19
108765 	  77148 	 0.07 	 0.10
108765 	  61753 	 0.06 	 0.18
119270 	  62649 	 0.08 	 0.19
119270 	  77148 	 0.09 	 0.12
119270 	  61753 	 0.08 	 0.20
103038 	  90154 	 0.09 	 0.18
 99548 	  77153 	 0.06 	 0.12
 99548 	  95336 	 0.08 	 0.17
 99548 	  65192 	 0.06 	 0.19
 99548 	  77148 	 0.08 	 0.12
  7854 	  90154 	 0.04 	 0.13
  7854 	  85402 	 0.08 	 0.10
  7854 	  75641 	 0.06 	 0.15
  7854 	  85890 	 0.06 	 0.13
  7854 	  68681 	 0.08 	 0.15
  7854 	  77153 	 0.05 	 0.11
  7854 	  95336 	 0.07 	 0.11
  7854 	 107568 	 0.08 	 0.13
  7854 	  65192 	 0.04 	 0.13
  7854 	  62649 	 0.05 	 0.13
  7854 	  74885 	 0.03 	 0.12
  7854 	  77148 	 0.06 	 0.11
  7854 	  61753 	 0.06 	 0.14
 66058 	  90154 	 0.08 	 0.14
 66058 	  31770 	 0.09 	 0.12
 66058 	  77153 	 0.09 	 0.14
 66058 	  65192 	 0.09 	 0.15
 94837 	  78533 	 0.09 	 0.13
 94837 	   2332 	 0.09 	 0.15
 94837 	  76449 	 0.09 	 0.16
 94837 	  74286 	 0.09 	 0.17
 94837 	  76438 	 0.09 	 0.15
 94837 	 105523 	 0.08 	 0.15
 94837 	  74664 	 0.09 	 0.17
126274 	 105523 	 0.08 	 0.19
119890 	  85402 	 0.09 	 0.15
119890 	  95336 	 0.08 	 0.16
119890 	  65192 	 0.06 	 0.14
119890 	  62649 	 0.08 	 0.15
119890 	  61753 	 0.07 	 0.14
 41611 	  90154 	 0.03 	 0.18
 41611 	 130665 	 0.09 	 0.20
 41611 	 126626 	 0.08 	 0.20
 41611 	  85402 	 0.06 	 0.17
 41611 	  66308 	 0.09 	 0.14
 41611 	  75641 	 0.09 	 0.18
 41611 	  85890 	 0.06 	 0.20
 41611 	  31770 	 0.04 	 0.11
 41611 	  36327 	 0.08 	 0.16
 41611 	  77153 	 0.04 	 0.12
 41611 	  95336 	 0.08 	 0.17
 41611 	  65192 	 0.04 	 0.19
 41611 	  62649 	 0.05 	 0.18
 41611 	  77148 	 0.05 	 0.13
 41611 	  87759 	 0.02 	 0.19
 41611 	  67993 	 0.08 	 0.13
 41611 	  61753 	 0.05 	 0.20
 41611 	  67672 	 0.09 	 0.14
 41611 	  75661 	 0.09 	 0.11
 41611 	  66886 	 0.02 	 0.11
 41611 	  94837 	 0.09 	 0.16
127382 	  31770 	 0.07 	 0.10
127382 	  77153 	 0.06 	 0.11
127382 	  62649 	 0.08 	 0.20
127382 	  77148 	 0.09 	 0.11
 60615 	  39337 	 0.08 	 0.15
 60615 	  93163 	 0.04 	 0.14
 60615 	  92014 	 0.06 	 0.12
 60615 	  39079 	 0.04 	 0.14
 60615 	  91563 	 0.04 	 0.14
 60615 	  52768 	 0.04 	 0.12
 60615 	   2986 	 0.06 	 0.11
 60615 	   5543 	 0.05 	 0.16
 60615 	 114621 	 0.06 	 0.19
 60615 	 122022 	 0.07 	 0.17
 60615 	  70752 	 0.05 	 0.14
 60615 	   8980 	 0.07 	 0.12
 60615 	 113027 	 0.05 	 0.12
 60615 	  93171 	 0.09 	 0.14
 60615 	 114379 	 0.04 	 0.15
 60615 	 131151 	 0.05 	 0.14
 60615 	  95603 	 0.08 	 0.17
 60615 	  91926 	 0.05 	 0.15
 60615 	 117081 	 0.08 	 0.13
 60615 	  92865 	 0.08 	 0.16
 60615 	  92250 	 0.07 	 0.11
 60615 	  94332 	 0.06 	 0.11
 60615 	 114535 	 0.06 	 0.13
 60615 	  96113 	 0.07 	 0.19
 60615 	  94264 	 0.08 	 0.15
 60615 	 111407 	 0.04 	 0.13
 60615 	 105970 	 0.03 	 0.19
 60615 	  44074 	 0.05 	 0.18
 60615 	 116115 	 0.04 	 0.14
 60615 	  67362 	 0.08 	 0.11
 60615 	  93950 	 0.09 	 0.12
 60615 	  58481 	 0.06 	 0.10
 60615 	  70646 	 0.05 	 0.10
 60615 	 105815 	 0.07 	 0.18
 60615 	 126216 	 0.03 	 0.14
 60615 	  94785 	 0.04 	 0.16
 60615 	   2332 	 0.05 	 0.19
 60615 	  52894 	 0.06 	 0.10
 60615 	   5103 	 0.02 	 0.14
 60615 	   8179 	 0.07 	 0.11
 60615 	   5133 	 0.05 	 0.15
 60615 	 103133 	 0.09 	 0.18
 60615 	 108127 	 0.05 	 0.14
 60615 	 120065 	 0.05 	 0.12
 60615 	  85142 	 0.05 	 0.12
 60615 	 108273 	 0.03 	 0.18
 60615 	 108174 	 0.03 	 0.11
 60615 	  58632 	 0.05 	 0.16
 60615 	 107489 	 0.05 	 0.11
 60615 	  27623 	 0.04 	 0.11
 60615 	 116898 	 0.05 	 0.14
 60615 	 100142 	 0.04 	 0.13
 60615 	 105156 	 0.05 	 0.11
 60615 	 121308 	 0.05 	 0.14
 60615 	   3715 	 0.04 	 0.16
 60615 	  95790 	 0.07 	 0.18
 60615 	 109399 	 0.03 	 0.13
 60615 	  94015 	 0.06 	 0.16
 60615 	 117213 	 0.07 	 0.19
 60615 	  94005 	 0.06 	 0.11
 60615 	  18023 	 0.08 	 0.14
 60615 	 109086 	 0.04 	 0.13
 60615 	  93696 	 0.08 	 0.14
 60615 	 100744 	 0.06 	 0.16
 60615 	 122171 	 0.08 	 0.13
 60615 	 111227 	 0.04 	 0.12
 60615 	 121157 	 0.07 	 0.12
 60615 	  92509 	 0.04 	 0.12
 60615 	  82242 	 0.04 	 0.12
 60615 	  66563 	 0.06 	 0.13
 60615 	  77586 	 0.08 	 0.16
 60615 	 108765 	 0.06 	 0.19
 60615 	 119270 	 0.08 	 0.18
 60615 	   7854 	 0.06 	 0.13
 60615 	  66058 	 0.09 	 0.13
 60615 	 119890 	 0.07 	 0.15
130419 	  85402 	 0.06 	 0.12
130419 	  85890 	 0.08 	 0.13
130419 	  95336 	 0.06 	 0.12
130419 	  65192 	 0.04 	 0.14
130419 	  62649 	 0.05 	 0.14
130419 	  61753 	 0.07 	 0.14
130419 	  60615 	 0.05 	 0.15
 68575 	  90154 	 0.07 	 0.18
 68575 	  77153 	 0.08 	 0.10
 68575 	  95336 	 0.09 	 0.15
 68575 	  65192 	 0.07 	 0.14
 68575 	  62649 	 0.08 	 0.18
 68575 	  77148 	 0.08 	 0.11
 68575 	  60615 	 0.08 	 0.15
 62617 	  90154 	 0.03 	 0.18
 62617 	 130665 	 0.09 	 0.19
 62617 	 126626 	 0.08 	 0.19
 62617 	  85402 	 0.06 	 0.17
 62617 	  66308 	 0.09 	 0.14
 62617 	  75641 	 0.09 	 0.18
 62617 	  31770 	 0.04 	 0.11
 62617 	  36327 	 0.08 	 0.16
 62617 	  77153 	 0.04 	 0.12
 62617 	  95336 	 0.08 	 0.18
 62617 	  62649 	 0.05 	 0.18
 62617 	  77148 	 0.05 	 0.13
 62617 	  67993 	 0.08 	 0.14
 62617 	  67672 	 0.09 	 0.16
 62617 	  75661 	 0.09 	 0.11
 62617 	  66886 	 0.02 	 0.11
 62617 	  94837 	 0.09 	 0.17
128707 	  75641 	 0.09 	 0.15
128707 	  77153 	 0.06 	 0.12
128707 	  95336 	 0.07 	 0.17
128707 	  77148 	 0.08 	 0.12
128707 	  67993 	 0.07 	 0.11
 96495 	  85402 	 0.09 	 0.20
 96495 	  77153 	 0.06 	 0.12
 96495 	  95336 	 0.08 	 0.17
 96495 	  77148 	 0.08 	 0.12
 96495 	  67993 	 0.07 	 0.11
 96495 	  60615 	 0.07 	 0.19
 51984 	  90154 	 0.04 	 0.19
 51984 	  85402 	 0.08 	 0.14
 51984 	  85890 	 0.08 	 0.17
 51984 	  77153 	 0.05 	 0.12
 51984 	  95336 	 0.07 	 0.14
 51984 	  65192 	 0.06 	 0.17
 51984 	  62649 	 0.05 	 0.18
 51984 	  77148 	 0.05 	 0.12
 51984 	  67993 	 0.05 	 0.10
 51984 	  61753 	 0.05 	 0.20
 51984 	  60615 	 0.05 	 0.17
105872 	  85402 	 0.06 	 0.10
105872 	  65192 	 0.03 	 0.10
124765 	  90154 	 0.05 	 0.19
124765 	  75641 	 0.08 	 0.13
124765 	  95336 	 0.08 	 0.14
124765 	  65192 	 0.06 	 0.20
124765 	  62649 	 0.07 	 0.18
124765 	  67993 	 0.08 	 0.10
124765 	  61753 	 0.08 	 0.19
 90122 	  90154 	 0.04 	 0.13
 90122 	  85402 	 0.06 	 0.10
 90122 	  75641 	 0.07 	 0.15
 90122 	  85890 	 0.07 	 0.12
 90122 	  77153 	 0.05 	 0.10
 90122 	  95336 	 0.05 	 0.11
 90122 	  69633 	 0.09 	 0.10
 90122 	  65192 	 0.04 	 0.12
 90122 	  62649 	 0.06 	 0.12
 90122 	  67993 	 0.06 	 0.10
 90122 	  61753 	 0.05 	 0.14
 90122 	  60615 	 0.04 	 0.11
 76123 	   9595 	 0.08 	 0.11
 76123 	  78533 	 0.07 	 0.16
 76123 	  75641 	 0.04 	 0.14
 76123 	  31770 	 0.02 	 0.12
 76123 	   2332 	 0.07 	 0.14
 76123 	  77153 	 0.02 	 0.10
 76123 	  76449 	 0.07 	 0.17
 76123 	  95336 	 0.03 	 0.19
 76123 	  62649 	 0.03 	 0.19
 76123 	  74286 	 0.07 	 0.17
 76123 	  77148 	 0.03 	 0.10
 76123 	  76438 	 0.07 	 0.16
 76123 	  67993 	 0.03 	 0.12
 76123 	  61753 	 0.03 	 0.19
 76123 	  59944 	 0.09 	 0.10
 76123 	  74664 	 0.07 	 0.16
 76123 	  41611 	 0.07 	 0.16
 76123 	  60615 	 0.03 	 0.20
 76123 	  62617 	 0.07 	 0.17
102704 	   2332 	 0.09 	 0.17
131601 	  90154 	 0.03 	 0.10
131601 	  75641 	 0.05 	 0.11
131601 	  85890 	 0.06 	 0.12
131601 	  65192 	 0.04 	 0.11
131601 	  62649 	 0.05 	 0.10
131601 	  61753 	 0.04 	 0.11
131601 	  60615 	 0.05 	 0.11
111569 	  90154 	 0.05 	 0.19
111569 	  85402 	 0.09 	 0.20
111569 	  75641 	 0.09 	 0.14
111569 	  77153 	 0.06 	 0.11
111569 	  95336 	 0.08 	 0.16
111569 	  62649 	 0.07 	 0.18
111569 	  77148 	 0.09 	 0.12
111569 	  67993 	 0.08 	 0.11
111569 	  61753 	 0.07 	 0.18
111569 	  60615 	 0.07 	 0.19
101342 	  90154 	 0.07 	 0.13
101342 	  62649 	 0.09 	 0.13
101342 	  61753 	 0.09 	 0.13
101342 	  60615 	 0.09 	 0.14
128822 	  75641 	 0.06 	 0.17
128822 	  77153 	 0.05 	 0.10
128822 	  95336 	 0.07 	 0.17
128822 	  67993 	 0.07 	 0.11
128975 	  90154 	 0.06 	 0.18
128975 	  85402 	 0.09 	 0.17
128975 	  77153 	 0.07 	 0.10
128975 	  95336 	 0.09 	 0.14
128975 	  65192 	 0.07 	 0.19
128975 	  67993 	 0.09 	 0.10
128975 	  61753 	 0.07 	 0.19
102759 	  31770 	 0.09 	 0.11
126225 	  90154 	 0.06 	 0.18
126225 	  75641 	 0.09 	 0.14
126225 	  77153 	 0.06 	 0.10
126225 	  95336 	 0.07 	 0.14
126225 	  65192 	 0.06 	 0.19
126225 	  62649 	 0.07 	 0.17
126225 	  77148 	 0.08 	 0.11
126225 	  61753 	 0.08 	 0.18
126225 	  60615 	 0.09 	 0.18
 90406 	  59539 	 0.02 	 0.18
 90406 	  39337 	 0.04 	 0.16
 90406 	  50275 	 0.02 	 0.10
 90406 	  93163 	 0.03 	 0.12
 90406 	  39079 	 0.03 	 0.14
 90406 	  91563 	 0.03 	 0.13
 90406 	  52768 	 0.02 	 0.11
 90406 	   2986 	 0.03 	 0.12
 90406 	   5543 	 0.04 	 0.12
 90406 	  70752 	 0.04 	 0.13
 90406 	   8980 	 0.04 	 0.13
 90406 	 113027 	 0.03 	 0.11
 90406 	 114379 	 0.03 	 0.14
 90406 	  91926 	 0.03 	 0.12
 90406 	 114535 	 0.04 	 0.12
 90406 	 111407 	 0.03 	 0.12
 90406 	  44074 	 0.04 	 0.14
 90406 	 116115 	 0.03 	 0.13
 90406 	  70646 	 0.03 	 0.10
 90406 	  94785 	 0.03 	 0.14
 90406 	   2332 	 0.03 	 0.17
 90406 	 105733 	 0.02 	 0.10
 90406 	   5103 	 0.01 	 0.11
 90406 	   8179 	 0.05 	 0.12
 90406 	  97207 	 0.03 	 0.19
 90406 	   5133 	 0.03 	 0.15
 90406 	  76449 	 0.03 	 0.17
 90406 	 108127 	 0.03 	 0.13
 90406 	 120065 	 0.03 	 0.12
 90406 	  85142 	 0.03 	 0.11
 90406 	 108273 	 0.02 	 0.16
 90406 	 108174 	 0.02 	 0.10
 90406 	  82318 	 0.05 	 0.12
 90406 	  58632 	 0.03 	 0.13
 90406 	 107489 	 0.03 	 0.12
 90406 	  74286 	 0.03 	 0.16
 90406 	  27623 	 0.03 	 0.11
 90406 	 116898 	 0.03 	 0.11
 90406 	 100142 	 0.03 	 0.16
 90406 	 121308 	 0.03 	 0.12
 90406 	   3715 	 0.02 	 0.13
 90406 	   2267 	 0.05 	 0.11
 90406 	 109399 	 0.02 	 0.12
 90406 	 117213 	 0.04 	 0.13
 90406 	 109086 	 0.02 	 0.12
 90406 	  76438 	 0.03 	 0.16
 90406 	 105523 	 0.02 	 0.18
 90406 	 100744 	 0.04 	 0.20
 90406 	 122171 	 0.04 	 0.12
 90406 	 111227 	 0.03 	 0.12
 90406 	  82242 	 0.03 	 0.13
 90406 	  66563 	 0.04 	 0.10
 90406 	  74664 	 0.03 	 0.16
 90406 	  99548 	 0.05 	 0.17
 90406 	   7854 	 0.04 	 0.10
 90406 	 119890 	 0.05 	 0.15
 90406 	  41611 	 0.03 	 0.17
 90406 	  62617 	 0.03 	 0.18
 90406 	 105872 	 0.03 	 0.10
 90406 	 124765 	 0.04 	 0.20
 90406 	 131601 	 0.03 	 0.10
 90406 	 126225 	 0.05 	 0.19
125108 	  62649 	 0.09 	 0.13
125108 	  61753 	 0.08 	 0.12
 69636 	  82246 	 0.08 	 0.16
 69636 	 114535 	 0.08 	 0.11
 69636 	 116115 	 0.07 	 0.13
 69636 	   8179 	 0.09 	 0.13
 69636 	  85142 	 0.07 	 0.13
 69636 	 120998 	 0.09 	 0.11
 69636 	 105523 	 0.06 	 0.13
 69636 	 100744 	 0.09 	 0.11
 69636 	  90122 	 0.09 	 0.10
 69636 	  76123 	 0.09 	 0.14
 52076 	  59539 	 0.08 	 0.16
 52076 	  50275 	 0.08 	 0.12
 52076 	  39079 	 0.08 	 0.15
 52076 	  91563 	 0.08 	 0.13
 52076 	  52768 	 0.08 	 0.12
 52076 	 114379 	 0.09 	 0.15
 52076 	  53672 	 0.08 	 0.10
 52076 	   5103 	 0.06 	 0.13
 52076 	 108273 	 0.08 	 0.18
 52076 	 121308 	 0.09 	 0.17
 52076 	 109399 	 0.08 	 0.12
 52076 	 105523 	 0.08 	 0.18
 52076 	  82242 	 0.09 	 0.12
 52076 	  76123 	 0.08 	 0.14
 34899 	  59539 	 0.08 	 0.14
 34899 	  39079 	 0.09 	 0.11
 34899 	  52768 	 0.07 	 0.10
 34899 	 114535 	 0.08 	 0.10
 34899 	  96113 	 0.09 	 0.16
 34899 	  53672 	 0.06 	 0.11
 34899 	  94785 	 0.08 	 0.14
 34899 	  85142 	 0.08 	 0.11
 34899 	  95790 	 0.08 	 0.15
 34899 	 105523 	 0.05 	 0.13
 34899 	  82242 	 0.05 	 0.11
 34899 	 108765 	 0.08 	 0.14
 73555 	  90154 	 0.03 	 0.15
 73555 	  85402 	 0.05 	 0.14
 73555 	  75641 	 0.08 	 0.19
 73555 	  85890 	 0.06 	 0.19
 73555 	  31770 	 0.04 	 0.11
 73555 	  77153 	 0.04 	 0.13
 73555 	  95336 	 0.08 	 0.15
 73555 	  65192 	 0.04 	 0.18
 73555 	  62649 	 0.04 	 0.14
 73555 	  74885 	 0.02 	 0.18
 73555 	  77148 	 0.05 	 0.12
 73555 	  86335 	 0.09 	 0.18
 73555 	  61797 	 0.09 	 0.14
 73555 	  67993 	 0.08 	 0.14
 73555 	  61753 	 0.04 	 0.18
 73555 	  67672 	 0.09 	 0.13
 73555 	  60615 	 0.04 	 0.20
 73555 	  90406 	 0.03 	 0.15
 50841 	  90154 	 0.04 	 0.11
 50841 	  85402 	 0.08 	 0.10
 50841 	  75641 	 0.07 	 0.12
 50841 	  85890 	 0.09 	 0.11
 50841 	  95336 	 0.07 	 0.12
 50841 	  65192 	 0.05 	 0.11
 50841 	  62649 	 0.07 	 0.11
 50841 	  61753 	 0.06 	 0.11
 50841 	  60615 	 0.08 	 0.12
 50841 	  90406 	 0.04 	 0.11
 91849 	  90154 	 0.04 	 0.17
 91849 	  85402 	 0.06 	 0.12
 91849 	  75641 	 0.06 	 0.14
 91849 	  85890 	 0.08 	 0.13
 91849 	  95336 	 0.05 	 0.12
 91849 	  65192 	 0.05 	 0.13
 91849 	  62649 	 0.05 	 0.17
 91849 	  61753 	 0.05 	 0.18
 91849 	  60615 	 0.05 	 0.14
 91849 	  90406 	 0.03 	 0.12
107802 	   9595 	 0.05 	 0.10
107802 	   4793 	 0.09 	 0.18
107802 	  85402 	 0.03 	 0.18
107802 	  69026 	 0.06 	 0.13
107802 	  75641 	 0.04 	 0.20
107802 	  31770 	 0.02 	 0.11
107802 	  81306 	 0.07 	 0.16
107802 	  72992 	 0.06 	 0.13
107802 	  16479 	 0.06 	 0.19
107802 	  65887 	 0.07 	 0.19
107802 	  77153 	 0.02 	 0.14
107802 	  95336 	 0.02 	 0.19
107802 	  69633 	 0.06 	 0.11
107802 	  16404 	 0.09 	 0.12
107802 	  74885 	 0.01 	 0.18
107802 	  77148 	 0.03 	 0.14
107802 	  87759 	 0.01 	 0.20
107802 	  82463 	 0.07 	 0.12
107802 	  67993 	 0.03 	 0.12
107802 	  67672 	 0.06 	 0.14
107802 	  59944 	 0.03 	 0.11
107802 	  66886 	 0.01 	 0.11
107802 	  60615 	 0.02 	 0.20
107802 	  90406 	 0.01 	 0.18
107802 	  69636 	 0.06 	 0.11
107802 	  52076 	 0.06 	 0.18
107802 	  34899 	 0.06 	 0.14
103602 	  90154 	 0.03 	 0.16
103602 	  85402 	 0.05 	 0.15
103602 	  75641 	 0.05 	 0.13
103602 	  85890 	 0.06 	 0.16
103602 	  68681 	 0.08 	 0.16
103602 	  16479 	 0.08 	 0.14
103602 	  95336 	 0.05 	 0.14
103602 	  65192 	 0.03 	 0.17
103602 	  62649 	 0.04 	 0.15
103602 	  74885 	 0.02 	 0.14
103602 	  86335 	 0.07 	 0.17
103602 	  61797 	 0.07 	 0.15
103602 	  79171 	 0.09 	 0.14
103602 	  61753 	 0.04 	 0.16
103602 	  67672 	 0.09 	 0.12
103602 	  60615 	 0.04 	 0.15
103602 	  90406 	 0.03 	 0.16
103602 	  34899 	 0.08 	 0.16
 93364 	  90154 	 0.06 	 0.16
 93364 	  75641 	 0.08 	 0.15
 93364 	  77153 	 0.07 	 0.10
 93364 	  95336 	 0.08 	 0.13
 93364 	  65192 	 0.07 	 0.16
 93364 	  62649 	 0.08 	 0.16
 93364 	  77148 	 0.08 	 0.10
 93364 	  61753 	 0.08 	 0.17
 93364 	  60615 	 0.08 	 0.17
119808 	   4793 	 0.09 	 0.13
119808 	  90154 	 0.02 	 0.11
119808 	  85402 	 0.03 	 0.10
119808 	  75641 	 0.03 	 0.11
119808 	  85890 	 0.03 	 0.12
119808 	  68681 	 0.07 	 0.13
119808 	  16479 	 0.05 	 0.12
119808 	  65192 	 0.02 	 0.13
119808 	  62649 	 0.02 	 0.11
119808 	  87759 	 0.01 	 0.12
119808 	  86335 	 0.05 	 0.10
119808 	  61797 	 0.05 	 0.11
119808 	  61753 	 0.02 	 0.12
119808 	  90406 	 0.02 	 0.11
119808 	  52076 	 0.07 	 0.11
125120 	  90154 	 0.07 	 0.11
125120 	  65192 	 0.08 	 0.12
125120 	  62649 	 0.09 	 0.11
121983 	  85402 	 0.08 	 0.10
121983 	  75641 	 0.07 	 0.11
121983 	  95336 	 0.06 	 0.12
121983 	  65192 	 0.04 	 0.11
121983 	  62649 	 0.06 	 0.11
121983 	  61753 	 0.06 	 0.10
121983 	  60615 	 0.07 	 0.12
125231 	 105523 	 0.09 	 0.18
 92153 	  75641 	 0.09 	 0.12
 92153 	  95336 	 0.09 	 0.13
 92153 	  61753 	 0.09 	 0.14
 92153 	  60615 	 0.09 	 0.14
 95496 	  50275 	 0.09 	 0.14
 95496 	  52768 	 0.08 	 0.11
 95496 	 105200 	 0.09 	 0.11
 95496 	 108273 	 0.09 	 0.18
 95496 	  82242 	 0.07 	 0.13
 95496 	 107802 	 0.09 	 0.19
 66612 	  39079 	 0.09 	 0.11
 66612 	  70752 	 0.09 	 0.12
 66612 	  31770 	 0.09 	 0.13
 66612 	  94602 	 0.09 	 0.12
 66612 	  82242 	 0.09 	 0.11
111453 	  65192 	 0.06 	 0.13
 82662 	  90154 	 0.04 	 0.13
 82662 	  85402 	 0.07 	 0.10
 82662 	  85890 	 0.07 	 0.12
 82662 	  95336 	 0.06 	 0.10
 82662 	  65192 	 0.05 	 0.11
 82662 	  62649 	 0.06 	 0.13
 82662 	  61753 	 0.05 	 0.12
 82662 	  60615 	 0.05 	 0.10
 82662 	  90406 	 0.03 	 0.11
 64212 	  88141 	 0.08 	 0.11
 64212 	  81305 	 0.08 	 0.10
 64212 	  90154 	 0.03 	 0.12
 64212 	  51213 	 0.08 	 0.12
 64212 	  75641 	 0.04 	 0.16
 64212 	  85890 	 0.05 	 0.10
 64212 	  81306 	 0.09 	 0.15
 64212 	  68681 	 0.05 	 0.13
 64212 	  65887 	 0.08 	 0.15
 64212 	 107568 	 0.09 	 0.10
 64212 	  69633 	 0.09 	 0.11
 64212 	  65192 	 0.03 	 0.10
 64212 	 101673 	 0.09 	 0.13
 64212 	  62649 	 0.05 	 0.12
 64212 	  81262 	 0.08 	 0.12
 64212 	  86335 	 0.07 	 0.11
 64212 	  61797 	 0.07 	 0.12
 64212 	  79171 	 0.09 	 0.12
 64212 	  61753 	 0.03 	 0.13
 64212 	  69636 	 0.06 	 0.11
 64212 	  52076 	 0.07 	 0.14
 64212 	  34899 	 0.06 	 0.11
 64212 	  95496 	 0.08 	 0.10
 42495 	  90154 	 0.03 	 0.17
 42495 	  80076 	 0.08 	 0.16
 42495 	  66388 	 0.08 	 0.19
 42495 	  85402 	 0.05 	 0.15
 42495 	  75641 	 0.08 	 0.17
 42495 	  72459 	 0.07 	 0.19
 42495 	  85890 	 0.06 	 0.16
 42495 	  31770 	 0.03 	 0.12
 42495 	  77153 	 0.03 	 0.14
 42495 	  95336 	 0.07 	 0.14
 42495 	  65192 	 0.04 	 0.16
 42495 	  62649 	 0.05 	 0.17
 42495 	  74885 	 0.02 	 0.17
 42495 	  77148 	 0.04 	 0.13
 42495 	  67993 	 0.07 	 0.12
 42495 	  61753 	 0.05 	 0.17
 42495 	  67672 	 0.09 	 0.14
 42495 	  66886 	 0.02 	 0.12
 42495 	  60615 	 0.05 	 0.17
 42495 	  90406 	 0.03 	 0.15
116362 	  90154 	 0.04 	 0.14
116362 	  85402 	 0.08 	 0.13
116362 	  75641 	 0.07 	 0.12
116362 	  85890 	 0.08 	 0.15
116362 	  95336 	 0.07 	 0.11
116362 	  65192 	 0.05 	 0.15
116362 	  62649 	 0.07 	 0.13
116362 	  61753 	 0.05 	 0.14
116362 	  60615 	 0.07 	 0.17
116362 	  90406 	 0.04 	 0.14
105591 	  85402 	 0.06 	 0.10
105591 	  85890 	 0.07 	 0.12
105591 	  65192 	 0.04 	 0.12
105591 	  62649 	 0.06 	 0.12
105591 	  61753 	 0.05 	 0.13
105591 	  60615 	 0.05 	 0.11
128928 	  75641 	 0.09 	 0.15
128928 	  95336 	 0.08 	 0.15
128928 	  65192 	 0.07 	 0.18
128928 	  62649 	 0.08 	 0.19
128928 	  61753 	 0.08 	 0.19
128928 	  60615 	 0.08 	 0.20
128928 	  90406 	 0.05 	 0.18
128079 	  90154 	 0.02 	 0.18
128079 	  85402 	 0.04 	 0.19
128079 	  75641 	 0.09 	 0.12
128079 	  85890 	 0.05 	 0.17
128079 	  31770 	 0.03 	 0.11
128079 	  68681 	 0.06 	 0.16
128079 	  72992 	 0.07 	 0.15
128079 	  16479 	 0.07 	 0.16
128079 	  77153 	 0.05 	 0.10
128079 	  95336 	 0.03 	 0.17
128079 	  65192 	 0.03 	 0.17
128079 	  15972 	 0.09 	 0.14
128079 	  62649 	 0.03 	 0.18
128079 	  77148 	 0.06 	 0.10
128079 	  86335 	 0.07 	 0.18
128079 	  61797 	 0.07 	 0.18
128079 	  67993 	 0.08 	 0.10
128079 	  61753 	 0.03 	 0.16
128079 	  59944 	 0.06 	 0.11
128079 	  90406 	 0.02 	 0.18
105144 	  90154 	 0.02 	 0.14
105144 	  85402 	 0.04 	 0.12
105144 	  75641 	 0.04 	 0.15
105144 	  85890 	 0.04 	 0.13
105144 	  16479 	 0.09 	 0.14
105144 	  95336 	 0.03 	 0.10
105144 	  65192 	 0.02 	 0.13
105144 	  62649 	 0.03 	 0.14
105144 	  86335 	 0.09 	 0.13
105144 	  61797 	 0.09 	 0.14
105144 	  61753 	 0.03 	 0.14
105144 	  60615 	 0.03 	 0.13
105144 	  90406 	 0.02 	 0.12
105144 	  52076 	 0.08 	 0.14
130531 	  77153 	 0.06 	 0.10
130531 	  62649 	 0.08 	 0.20
130531 	  61753 	 0.08 	 0.20
 69502 	 105523 	 0.09 	 0.10
 92655 	  90154 	 0.02 	 0.11
 92655 	  85402 	 0.03 	 0.11
 92655 	  85890 	 0.04 	 0.12
 92655 	  65192 	 0.02 	 0.12
 92655 	  62649 	 0.03 	 0.11
 92655 	  74885 	 0.01 	 0.12
 92655 	  61753 	 0.03 	 0.11
 92655 	  60615 	 0.03 	 0.12
 92655 	  90406 	 0.02 	 0.12
 66646 	   2332 	 0.08 	 0.16
113084 	  90154 	 0.03 	 0.11
113084 	  85402 	 0.05 	 0.10
113084 	  68681 	 0.08 	 0.12
113084 	  62649 	 0.04 	 0.11
113084 	  86335 	 0.09 	 0.10
113084 	  61797 	 0.09 	 0.11
113084 	  61753 	 0.04 	 0.11
113084 	  60615 	 0.04 	 0.11
113084 	  90406 	 0.03 	 0.10
122256 	  52768 	 0.07 	 0.13
122256 	 114535 	 0.07 	 0.11
122256 	  94785 	 0.06 	 0.14
122256 	  85142 	 0.08 	 0.11
122256 	 108273 	 0.08 	 0.14
122256 	   3715 	 0.07 	 0.12
122256 	  94005 	 0.08 	 0.10
122256 	  82242 	 0.05 	 0.13
122256 	 107802 	 0.08 	 0.18
122256 	 103602 	 0.06 	 0.17
122256 	  64212 	 0.06 	 0.10
 87194 	  92753 	 0.09 	 0.12
 87194 	  90154 	 0.04 	 0.15
 87194 	 130665 	 0.09 	 0.15
 87194 	  80076 	 0.07 	 0.16
 87194 	 106205 	 0.09 	 0.17
 87194 	  66388 	 0.07 	 0.19
 87194 	 126626 	 0.08 	 0.16
 87194 	  85402 	 0.06 	 0.15
 87194 	  66308 	 0.09 	 0.13
 87194 	   5646 	 0.09 	 0.16
 87194 	 102503 	 0.09 	 0.16
 87194 	  75641 	 0.09 	 0.16
 87194 	  72459 	 0.08 	 0.18
 87194 	 101510 	 0.09 	 0.15
 87194 	  85890 	 0.06 	 0.16
 87194 	  31770 	 0.04 	 0.13
 87194 	  72992 	 0.09 	 0.14
 87194 	  36327 	 0.08 	 0.12
 87194 	  77153 	 0.04 	 0.14
 87194 	  95336 	 0.08 	 0.15
 87194 	  65192 	 0.04 	 0.16
 87194 	  62649 	 0.04 	 0.15
 87194 	  74885 	 0.02 	 0.18
 87194 	  77148 	 0.05 	 0.14
 87194 	  86335 	 0.09 	 0.17
 87194 	  61797 	 0.09 	 0.15
 87194 	  67993 	 0.08 	 0.15
 87194 	  61753 	 0.04 	 0.15
 87194 	  67672 	 0.09 	 0.14
 87194 	  66886 	 0.02 	 0.13
 87194 	  94837 	 0.07 	 0.15
 87194 	  60615 	 0.04 	 0.18
 87194 	  76123 	 0.07 	 0.14
 87194 	 102704 	 0.09 	 0.16
 87194 	  90406 	 0.03 	 0.15
 87194 	  66646 	 0.08 	 0.18
