117976 	 130387 	 -1.00 	 0.44
110641 	 100617 	 -1.00 	 0.41
100225 	 110641 	 -1.00 	 0.43
130665 	 100617 	 -1.00 	 0.45
130665 	 110641 	 -1.00 	 0.47
 80076 	 130387 	 -1.00 	 0.42
 80076 	 128397 	 -1.00 	 0.45
126869 	  80076 	 -1.00 	 0.41
 97838 	 100617 	 -1.00 	 0.46
 97838 	  94927 	 -1.00 	 0.43
 97838 	 117891 	 -1.00 	 0.44
 95182 	  81305 	 -1.00 	 0.41
126040 	 130387 	 -1.00 	 0.50
 75030 	  76155 	 -1.00 	 0.42
106302 	 106567 	 -1.00 	 0.45
106302 	  94908 	 -1.00 	 0.46
106302 	  94927 	 -1.00 	 0.40
106302 	 110641 	 -1.00 	 0.42
106205 	 130665 	 -1.00 	 0.42
127533 	 100617 	 -1.00 	 0.50
127533 	 130665 	 -1.00 	 0.49
127533 	  97838 	 -1.00 	 0.44
127533 	 106302 	 -1.00 	 0.41
110571 	  94908 	 -1.00 	 0.48
110571 	  94927 	 -1.00 	 0.46
110571 	 117891 	 -1.00 	 0.47
110571 	 106302 	 -1.00 	 0.41
110571 	 106205 	 -1.00 	 0.46
110571 	 127533 	 -1.00 	 0.41
 99902 	 110641 	 -1.00 	 0.48
 99902 	 106302 	 -1.00 	 0.41
 99902 	 110571 	 -1.00 	 0.44
130780 	  80076 	 -1.00 	 0.41
125052 	 130387 	 -1.00 	 0.45
125052 	 126869 	 -1.00 	 0.47
125052 	 130780 	 -1.00 	 0.43
126200 	  80076 	 -1.00 	 0.42
126626 	 100617 	 -1.00 	 0.44
126626 	 106302 	 -1.00 	 0.41
126626 	 106205 	 -1.00 	 0.43
124999 	 130387 	 -1.00 	 0.42
124999 	 126869 	 -1.00 	 0.44
124999 	 130780 	 -1.00 	 0.45
 65408 	   4793 	 -1.00 	 0.46
 65408 	  95182 	 -1.00 	 0.41
101280 	  97838 	 -1.00 	 0.43
101280 	 106302 	 -1.00 	 0.42
101280 	 110571 	 -1.00 	 0.44
127649 	 127242 	 -1.00 	 0.41
127649 	 126200 	 -1.00 	 0.42
 63310 	  90154 	 -1.00 	 0.50
 63310 	  95182 	 -1.00 	 0.41
 63310 	   9967 	 -1.00 	 0.44
 63310 	  85402 	 -1.00 	 0.43
 95442 	 100617 	 -1.00 	 0.49
 95442 	  94927 	 -1.00 	 0.44
 95442 	 117891 	 -1.00 	 0.45
 95442 	 101280 	 -1.00 	 0.50
 95442 	 103813 	 -1.00 	 0.43
  7012 	  80076 	 -1.00 	 0.45
  5646 	  76155 	 -1.00 	 0.40
 31490 	  80076 	 -1.00 	 0.50
 69026 	  95182 	 -1.00 	 0.43
129859 	 130387 	 -1.00 	 0.42
129859 	 126869 	 -1.00 	 0.44
129859 	 126200 	 -1.00 	 0.48
102503 	 106567 	 -1.00 	 0.45
102503 	  94908 	 -1.00 	 0.50
102503 	  97838 	 -1.00 	 0.45
102503 	 110268 	 -1.00 	 0.41
102503 	  95442 	 -1.00 	 0.50
 65863 	  66308 	 -1.00 	 0.43
 99477 	 110641 	 -1.00 	 0.43
 99477 	 130665 	 -1.00 	 0.46
 99477 	  97838 	 -1.00 	 0.47
 99477 	 126626 	 -1.00 	 0.46
 99477 	  95442 	 -1.00 	 0.48
 75641 	  90154 	 -1.00 	 0.43
 75641 	  63310 	 -1.00 	 0.41
129134 	 130387 	 -1.00 	 0.46
129134 	 130780 	 -1.00 	 0.46
131017 	 125052 	 -1.00 	 0.42
131017 	 124999 	 -1.00 	 0.49
101510 	 100617 	 -1.00 	 0.47
101510 	  94908 	 -1.00 	 0.41
101510 	  94927 	 -1.00 	 0.44
101510 	 117891 	 -1.00 	 0.45
101510 	 117976 	 -1.00 	 0.43
101510 	 130665 	 -1.00 	 0.42
101510 	  97838 	 -1.00 	 0.49
101510 	 106205 	 -1.00 	 0.42
101510 	 127533 	 -1.00 	 0.46
101510 	 129131 	 -1.00 	 0.40
101510 	 101280 	 -1.00 	 0.50
101510 	 103813 	 -1.00 	 0.45
101510 	  95442 	 -1.00 	 0.47
101510 	  99477 	 -1.00 	 0.48
127855 	 131017 	 -1.00 	 0.43
127451 	 126040 	 -1.00 	 0.45
127451 	 127649 	 -1.00 	 0.47
 85890 	  63310 	 -1.00 	 0.41
 85890 	  75641 	 -1.00 	 0.42
 31770 	   9595 	 -1.00 	 0.43
 31770 	  90154 	 -1.00 	 0.44
 31770 	  85890 	 -1.00 	 0.40
119325 	  96511 	 -1.00 	 0.42
119325 	 127855 	 -1.00 	 0.42
129644 	 130665 	 -1.00 	 0.49
129644 	 101280 	 -1.00 	 0.49
129644 	  95442 	 -1.00 	 0.40
129644 	 102503 	 -1.00 	 0.47
101544 	 131018 	 -1.00 	 0.40
101544 	 102503 	 -1.00 	 0.49
118363 	  97838 	 -1.00 	 0.42
118363 	  99902 	 -1.00 	 0.43
118363 	   4363 	 -1.00 	 0.44
100782 	 106567 	 -1.00 	 0.40
100782 	 100617 	 -1.00 	 0.49
100782 	  94908 	 -1.00 	 0.43
100782 	  94927 	 -1.00 	 0.48
100782 	 117891 	 -1.00 	 0.46
100782 	 127533 	 -1.00 	 0.48
100782 	 101280 	 -1.00 	 0.47
100782 	 103813 	 -1.00 	 0.40
100782 	 102503 	 -1.00 	 0.48
100782 	  99477 	 -1.00 	 0.49
100782 	 101510 	 -1.00 	 0.41
100782 	 129644 	 -1.00 	 0.41
129960 	  66388 	 -1.00 	 0.41
 81306 	  81305 	 -1.00 	 0.40
 81306 	 205919 	 -1.00 	 0.42
 81306 	  95182 	 -1.00 	 0.47
 81306 	   9967 	 -1.00 	 0.45
 81306 	  65408 	 -1.00 	 0.47
101892 	 119325 	 -1.00 	 0.47
129434 	  97838 	 -1.00 	 0.46
129434 	 106302 	 -1.00 	 0.42
129434 	 110571 	 -1.00 	 0.49
129434 	  95442 	 -1.00 	 0.48
129434 	 101510 	 -1.00 	 0.48
129434 	 100782 	 -1.00 	 0.47
104295 	 106302 	 -1.00 	 0.45
124419 	 100617 	 -1.00 	 0.44
124419 	 130665 	 -1.00 	 0.45
124419 	  99902 	 -1.00 	 0.48
124419 	 101280 	 -1.00 	 0.42
124419 	 103813 	 -1.00 	 0.49
124419 	 102503 	 -1.00 	 0.41
128492 	  97838 	 -1.00 	 0.41
128492 	 106302 	 -1.00 	 0.44
128492 	 110571 	 -1.00 	 0.48
128492 	  95442 	 -1.00 	 0.41
128492 	 102078 	 -1.00 	 0.47
128492 	 101510 	 -1.00 	 0.42
128492 	 100782 	 -1.00 	 0.42
102383 	 130665 	 -1.00 	 0.46
102383 	 127533 	 -1.00 	 0.43
102383 	  99902 	 -1.00 	 0.41
102383 	 126626 	 -1.00 	 0.47
102383 	 101280 	 -1.00 	 0.42
102383 	 103813 	 -1.00 	 0.44
102383 	  99477 	 -1.00 	 0.40
122251 	 101510 	 -1.00 	 0.40
125161 	  90154 	 -1.00 	 0.44
125161 	 118363 	 -1.00 	 0.40
 72992 	   9595 	 -1.00 	 0.41
 72992 	  90154 	 -1.00 	 0.44
 72992 	  85890 	 -1.00 	 0.41
 16479 	  90154 	 -1.00 	 0.43
 16479 	  85402 	 -1.00 	 0.48
 16479 	  85890 	 -1.00 	 0.43
 65887 	  65408 	 -1.00 	 0.40
 65887 	  63310 	 -1.00 	 0.44
 65887 	  69026 	 -1.00 	 0.49
 36327 	   4363 	 -1.00 	 0.48
 36327 	  85972 	 -1.00 	 0.45
130217 	 100617 	 -1.00 	 0.50
130217 	  94927 	 -1.00 	 0.49
130217 	 110641 	 -1.00 	 0.41
130217 	 110571 	 -1.00 	 0.41
130217 	 101510 	 -1.00 	 0.45
130217 	 100782 	 -1.00 	 0.48
130217 	 102383 	 -1.00 	 0.43
119311 	  96511 	 -1.00 	 0.42
119311 	 127855 	 -1.00 	 0.41
119311 	 101892 	 -1.00 	 0.48
125839 	 106302 	 -1.00 	 0.44
125839 	 127533 	 -1.00 	 0.42
125839 	 126626 	 -1.00 	 0.49
125839 	 101280 	 -1.00 	 0.44
125839 	 102503 	 -1.00 	 0.45
125839 	 130217 	 -1.00 	 0.41
 77153 	   4793 	 -1.00 	 0.42
 77153 	  90154 	 -1.00 	 0.49
 77153 	   9967 	 -1.00 	 0.41
 77153 	  85402 	 -1.00 	 0.41
 77153 	  63310 	 -1.00 	 0.42
 77153 	  85890 	 -1.00 	 0.41
 77153 	  72992 	 -1.00 	 0.45
124080 	 106205 	 -1.00 	 0.42
124080 	 110571 	 -1.00 	 0.49
124080 	  95442 	 -1.00 	 0.40
124080 	 100782 	 -1.00 	 0.42
109370 	 128397 	 -1.00 	 0.44
109370 	 125052 	 -1.00 	 0.46
109370 	 126200 	 -1.00 	 0.47
109370 	 124999 	 -1.00 	 0.48
 97207 	 128397 	 -1.00 	 0.41
 97207 	 129134 	 -1.00 	 0.42
103133 	 117891 	 -1.00 	 0.46
 95336 	  90154 	 -1.00 	 0.48
 95336 	  85890 	 -1.00 	 0.47
 95336 	  31770 	 -1.00 	 0.49
 96012 	 101544 	 -1.00 	 0.44
111666 	 127533 	 -1.00 	 0.49
111666 	  95442 	 -1.00 	 0.40
111666 	 102503 	 -1.00 	 0.47
111666 	 100782 	 -1.00 	 0.41
125990 	 110641 	 -1.00 	 0.45
125990 	  97838 	 -1.00 	 0.40
125990 	 110571 	 -1.00 	 0.42
125990 	  95442 	 -1.00 	 0.46
125990 	 129644 	 -1.00 	 0.49
125990 	 100782 	 -1.00 	 0.43
125990 	 125839 	 -1.00 	 0.44
125990 	 103133 	 -1.00 	 0.45
129208 	 126040 	 -1.00 	 0.46
129208 	 124999 	 -1.00 	 0.46
129208 	 127649 	 -1.00 	 0.46
129208 	 129859 	 -1.00 	 0.44
129208 	 109370 	 -1.00 	 0.40
 98252 	 110641 	 -1.00 	 0.44
 98252 	 110571 	 -1.00 	 0.40
 98252 	 126626 	 -1.00 	 0.49
 69633 	   9595 	 -1.00 	 0.47
 69633 	  81306 	 -1.00 	 0.49
101365 	 106205 	 -1.00 	 0.41
  3208 	  63310 	 -1.00 	 0.45
  3208 	  75641 	 -1.00 	 0.45
 10274 	 205919 	 -1.00 	 0.48
 10274 	  65408 	 -1.00 	 0.41
 79768 	  81305 	 -1.00 	 0.43
 79768 	   9967 	 -1.00 	 0.43
 79768 	  77153 	 -1.00 	 0.40
 99159 	 101160 	 -1.00 	 0.42
 65192 	  63310 	 -1.00 	 0.42
 65192 	  75641 	 -1.00 	 0.41
 65192 	  31770 	 -1.00 	 0.42
 65192 	  72992 	 -1.00 	 0.43
 65192 	  16479 	 -1.00 	 0.45
122945 	 103813 	 -1.00 	 0.41
122945 	 101510 	 -1.00 	 0.43
122945 	 129644 	 -1.00 	 0.45
122945 	 125839 	 -1.00 	 0.43
122945 	 125990 	 -1.00 	 0.45
122945 	  99159 	 -1.00 	 0.46
119617 	 101544 	 -1.00 	 0.44
107458 	 110641 	 -1.00 	 0.41
 99455 	 110641 	 -1.00 	 0.46
 99455 	 130665 	 -1.00 	 0.50
 99455 	 110571 	 -1.00 	 0.41
 99455 	 126626 	 -1.00 	 0.50
 99455 	 101544 	 -1.00 	 0.42
 99455 	 124419 	 -1.00 	 0.49
 99455 	 102383 	 -1.00 	 0.44
102481 	 110571 	 -1.00 	 0.41
102481 	 129131 	 -1.00 	 0.40
102481 	 101160 	 -1.00 	 0.48
119112 	 118363 	 -1.00 	 0.42
119112 	 122251 	 -1.00 	 0.44
  2524 	 127855 	 -1.00 	 0.43
  2524 	 129960 	 -1.00 	 0.45
110588 	 100617 	 -1.00 	 0.43
110588 	  99902 	 -1.00 	 0.44
110588 	 126626 	 -1.00 	 0.48
110588 	 102503 	 -1.00 	 0.41
110588 	  99455 	 -1.00 	 0.47
101749 	 100617 	 -1.00 	 0.50
101749 	 106302 	 -1.00 	 0.46
101749 	 106205 	 -1.00 	 0.40
101749 	 130217 	 -1.00 	 0.44
 75566 	  67846 	 -1.00 	 0.41
103677 	 110571 	 -1.00 	 0.48
103677 	  95442 	 -1.00 	 0.41
103677 	 102503 	 -1.00 	 0.49
103677 	 101510 	 -1.00 	 0.40
103677 	 100782 	 -1.00 	 0.42
103677 	 130217 	 -1.00 	 0.50
122600 	 100617 	 -1.00 	 0.46
122600 	 130665 	 -1.00 	 0.44
122600 	 110571 	 -1.00 	 0.47
122600 	  99902 	 -1.00 	 0.45
122600 	 126626 	 -1.00 	 0.43
122600 	 103813 	 -1.00 	 0.49
122600 	 102503 	 -1.00 	 0.40
122600 	  99477 	 -1.00 	 0.46
122600 	  98252 	 -1.00 	 0.46
122600 	  99455 	 -1.00 	 0.49
 62649 	  63310 	 -1.00 	 0.47
 62649 	  75641 	 -1.00 	 0.43
 62649 	  31770 	 -1.00 	 0.46
 62649 	 125161 	 -1.00 	 0.42
 62649 	  72992 	 -1.00 	 0.46
 62649 	  16479 	 -1.00 	 0.44
 62649 	  95336 	 -1.00 	 0.49
115220 	 100617 	 -1.00 	 0.41
115220 	  98252 	 -1.00 	 0.44
115220 	  99455 	 -1.00 	 0.46
 16404 	 205919 	 -1.00 	 0.49
 16404 	  69026 	 -1.00 	 0.40
 16404 	  65887 	 -1.00 	 0.43
117884 	 100617 	 -1.00 	 0.47
117884 	 127533 	 -1.00 	 0.48
117884 	 131018 	 -1.00 	 0.47
117884 	 101280 	 -1.00 	 0.49
117884 	  99477 	 -1.00 	 0.48
117884 	 119325 	 -1.00 	 0.47
117884 	 130217 	 -1.00 	 0.47
117884 	 119311 	 -1.00 	 0.45
117884 	 125990 	 -1.00 	 0.49
117884 	 102481 	 -1.00 	 0.49
124477 	 100617 	 -1.00 	 0.49
124477 	 130665 	 -1.00 	 0.41
124477 	  97838 	 -1.00 	 0.41
124477 	 110571 	 -1.00 	 0.45
124477 	  99902 	 -1.00 	 0.43
124477 	 126626 	 -1.00 	 0.42
124477 	 101280 	 -1.00 	 0.40
124477 	 103813 	 -1.00 	 0.45
124477 	  95442 	 -1.00 	 0.40
124477 	  99477 	 -1.00 	 0.43
124477 	 100782 	 -1.00 	 0.41
124477 	  98252 	 -1.00 	 0.42
124477 	 122945 	 -1.00 	 0.44
124477 	 102481 	 -1.00 	 0.45
124477 	 122600 	 -1.00 	 0.49
124477 	 117884 	 -1.00 	 0.44
 81262 	  81305 	 -1.00 	 0.40
 81262 	  69026 	 -1.00 	 0.41
 81262 	  16404 	 -1.00 	 0.43
101648 	 100617 	 -1.00 	 0.48
101648 	  94927 	 -1.00 	 0.49
101648 	 117891 	 -1.00 	 0.44
101648 	 127533 	 -1.00 	 0.47
101648 	 102503 	 -1.00 	 0.48
101648 	  99477 	 -1.00 	 0.47
101648 	 101510 	 -1.00 	 0.41
101648 	 129434 	 -1.00 	 0.45
101648 	 128492 	 -1.00 	 0.41
101648 	 130217 	 -1.00 	 0.47
127221 	 100617 	 -1.00 	 0.46
127221 	 110571 	 -1.00 	 0.42
127221 	  99902 	 -1.00 	 0.43
127221 	 100782 	 -1.00 	 0.41
127221 	 124419 	 -1.00 	 0.48
127221 	  99455 	 -1.00 	 0.50
106697 	 100617 	 -1.00 	 0.45
106697 	 127533 	 -1.00 	 0.42
106697 	  99902 	 -1.00 	 0.48
106697 	 101280 	 -1.00 	 0.45
106697 	 102503 	 -1.00 	 0.43
106697 	 125990 	 -1.00 	 0.44
 95781 	 127533 	 -1.00 	 0.41
 95781 	 110571 	 -1.00 	 0.42
 95781 	 101280 	 -1.00 	 0.43
 95781 	 129644 	 -1.00 	 0.47
 95781 	 115173 	 -1.00 	 0.47
 95781 	 124419 	 -1.00 	 0.43
 95781 	 128492 	 -1.00 	 0.45
 95781 	 125839 	 -1.00 	 0.47
 95781 	 111666 	 -1.00 	 0.48
 95781 	 110588 	 -1.00 	 0.45
124177 	 129434 	 -1.00 	 0.41
124177 	 115173 	 -1.00 	 0.48
124177 	 111666 	 -1.00 	 0.49
 74885 	  31770 	 -1.00 	 0.43
 74885 	  72992 	 -1.00 	 0.44
 74885 	  16479 	 -1.00 	 0.43
 74885 	  95336 	 -1.00 	 0.49
 95409 	 100617 	 -1.00 	 0.45
 95409 	  94927 	 -1.00 	 0.49
 95409 	 130665 	 -1.00 	 0.42
 95409 	  97838 	 -1.00 	 0.41
 95409 	 110571 	 -1.00 	 0.46
 95409 	  99902 	 -1.00 	 0.44
 95409 	 126626 	 -1.00 	 0.43
 95409 	 101280 	 -1.00 	 0.41
 95409 	 103813 	 -1.00 	 0.45
 95409 	  95442 	 -1.00 	 0.41
 95409 	  99477 	 -1.00 	 0.42
 95409 	 100782 	 -1.00 	 0.40
 95409 	 125990 	 -1.00 	 0.40
 95409 	  98252 	 -1.00 	 0.42
 95409 	 122945 	 -1.00 	 0.43
 95409 	  99455 	 -1.00 	 0.49
 95409 	 102481 	 -1.00 	 0.46
 95409 	 122600 	 -1.00 	 0.48
 95409 	 117884 	 -1.00 	 0.44
 95409 	  95781 	 -1.00 	 0.41
124225 	 130665 	 -1.00 	 0.50
124225 	 102503 	 -1.00 	 0.46
124225 	 100782 	 -1.00 	 0.40
124225 	  99159 	 -1.00 	 0.48
124225 	 122945 	 -1.00 	 0.44
 99213 	 119325 	 -1.00 	 0.50
 99213 	 124419 	 -1.00 	 0.40
 98469 	 106567 	 -1.00 	 0.40
 98469 	 113401 	 -1.00 	 0.42
 98469 	 103813 	 -1.00 	 0.40
 98469 	 101510 	 -1.00 	 0.43
 98469 	 119325 	 -1.00 	 0.47
 98469 	 115173 	 -1.00 	 0.42
 98469 	 128492 	 -1.00 	 0.40
 98469 	 119311 	 -1.00 	 0.48
119685 	 128492 	 -1.00 	 0.43
128471 	 106567 	 -1.00 	 0.48
128471 	 100617 	 -1.00 	 0.43
128471 	  99902 	 -1.00 	 0.46
128471 	  99477 	 -1.00 	 0.44
128471 	 124419 	 -1.00 	 0.44
128471 	 125839 	 -1.00 	 0.46
128471 	 111666 	 -1.00 	 0.49
128471 	  98252 	 -1.00 	 0.45
128471 	  99455 	 -1.00 	 0.45
128471 	  95409 	 -1.00 	 0.40
 77148 	   4793 	 -1.00 	 0.44
 77148 	  90154 	 -1.00 	 0.48
 77148 	  63310 	 -1.00 	 0.42
 77148 	  85890 	 -1.00 	 0.40
 77148 	  72992 	 -1.00 	 0.44
 77148 	  79768 	 -1.00 	 0.42
 77148 	  62649 	 -1.00 	 0.49
 96223 	 110641 	 -1.00 	 0.42
 70314 	   4793 	 -1.00 	 0.42
 70314 	 205919 	 -1.00 	 0.47
 70314 	  95182 	 -1.00 	 0.45
 70314 	  65408 	 -1.00 	 0.48
 70314 	  69026 	 -1.00 	 0.48
115258 	 100617 	 -1.00 	 0.41
115258 	  94908 	 -1.00 	 0.48
115258 	  94927 	 -1.00 	 0.47
115258 	  96511 	 -1.00 	 0.40
115258 	 117891 	 -1.00 	 0.48
115258 	 106302 	 -1.00 	 0.42
115258 	 106205 	 -1.00 	 0.45
115258 	 127533 	 -1.00 	 0.41
115258 	  99902 	 -1.00 	 0.41
115258 	 101280 	 -1.00 	 0.45
115258 	 129434 	 -1.00 	 0.50
115258 	 128492 	 -1.00 	 0.49
115258 	 102383 	 -1.00 	 0.40
115258 	  96012 	 -1.00 	 0.45
115258 	 125990 	 -1.00 	 0.43
115258 	  98252 	 -1.00 	 0.41
115258 	  99455 	 -1.00 	 0.41
115258 	 102481 	 -1.00 	 0.42
115258 	 103677 	 -1.00 	 0.49
115258 	 122600 	 -1.00 	 0.47
115258 	 124477 	 -1.00 	 0.45
115258 	 127221 	 -1.00 	 0.41
115258 	  95781 	 -1.00 	 0.46
115258 	  95409 	 -1.00 	 0.46
115258 	  98469 	 -1.00 	 0.40
115258 	 119685 	 -1.00 	 0.41
 87759 	  63310 	 -1.00 	 0.42
 87759 	  75641 	 -1.00 	 0.41
 87759 	  31770 	 -1.00 	 0.42
 87759 	  72992 	 -1.00 	 0.43
 87759 	  16479 	 -1.00 	 0.45
 87759 	  77153 	 -1.00 	 0.40
 87759 	  95336 	 -1.00 	 0.50
126248 	 100617 	 -1.00 	 0.49
126248 	 110641 	 -1.00 	 0.47
126248 	 106205 	 -1.00 	 0.47
126248 	 127533 	 -1.00 	 0.41
126248 	  99902 	 -1.00 	 0.49
126248 	 131018 	 -1.00 	 0.46
126248 	 101280 	 -1.00 	 0.43
126248 	 103813 	 -1.00 	 0.48
126248 	  99477 	 -1.00 	 0.48
126248 	 119325 	 -1.00 	 0.42
126248 	 130217 	 -1.00 	 0.41
126248 	 119311 	 -1.00 	 0.42
126248 	 125990 	 -1.00 	 0.41
126248 	  98252 	 -1.00 	 0.48
126248 	 102481 	 -1.00 	 0.50
126248 	 122600 	 -1.00 	 0.49
126248 	 124477 	 -1.00 	 0.47
126248 	  95409 	 -1.00 	 0.46
126248 	 128471 	 -1.00 	 0.46
102995 	 100617 	 -1.00 	 0.40
102995 	 127533 	 -1.00 	 0.42
102995 	  99902 	 -1.00 	 0.44
102995 	 130217 	 -1.00 	 0.41
102995 	 124177 	 -1.00 	 0.49
120346 	  94927 	 -1.00 	 0.46
120346 	  99902 	 -1.00 	 0.42
120346 	  85402 	 -1.00 	 0.41
120346 	  65192 	 -1.00 	 0.42
120346 	  99455 	 -1.00 	 0.42
120346 	 102481 	 -1.00 	 0.42
120346 	  87759 	 -1.00 	 0.42
 82463 	  81262 	 -1.00 	 0.40
101486 	 130665 	 -1.00 	 0.40
101486 	 101280 	 -1.00 	 0.41
101486 	 101510 	 -1.00 	 0.46
101486 	 124080 	 -1.00 	 0.41
101486 	 125990 	 -1.00 	 0.42
101486 	  98252 	 -1.00 	 0.42
101486 	  99159 	 -1.00 	 0.46
101486 	  99455 	 -1.00 	 0.42
101486 	 102481 	 -1.00 	 0.41
101486 	 118432 	 -1.00 	 0.49
101809 	 102078 	 -1.00 	 0.43
101809 	 119325 	 -1.00 	 0.46
101809 	 115173 	 -1.00 	 0.41
101809 	 124419 	 -1.00 	 0.46
101809 	 119311 	 -1.00 	 0.46
 86335 	  31770 	 -1.00 	 0.41
 86335 	  95336 	 -1.00 	 0.49
 61797 	  31770 	 -1.00 	 0.45
 61797 	  77153 	 -1.00 	 0.50
 61797 	  95336 	 -1.00 	 0.49
 95513 	  98469 	 -1.00 	 0.40
117213 	 127102 	 -1.00 	 0.43
117213 	 128844 	 -1.00 	 0.42
117213 	 130983 	 -1.00 	 0.43
 65978 	  90154 	 -1.00 	 0.41
 65978 	  63310 	 -1.00 	 0.49
 65978 	  75641 	 -1.00 	 0.47
 65978 	  65887 	 -1.00 	 0.49
 65978 	  77153 	 -1.00 	 0.47
 65978 	  62649 	 -1.00 	 0.41
 65978 	  77148 	 -1.00 	 0.47
 65978 	  61797 	 -1.00 	 0.40
129747 	 100617 	 -1.00 	 0.50
129747 	 110641 	 -1.00 	 0.48
129747 	 106302 	 -1.00 	 0.44
129747 	 110571 	 -1.00 	 0.44
129747 	  95442 	 -1.00 	 0.45
129747 	 101510 	 -1.00 	 0.50
129747 	 100782 	 -1.00 	 0.43
129747 	 104295 	 -1.00 	 0.49
129747 	 125839 	 -1.00 	 0.47
129747 	 103133 	 -1.00 	 0.48
129747 	 101749 	 -1.00 	 0.50
129747 	 101648 	 -1.00 	 0.41
129747 	 106697 	 -1.00 	 0.47
129747 	  95781 	 -1.00 	 0.44
129747 	  95409 	 -1.00 	 0.42
129747 	 115258 	 -1.00 	 0.45
129747 	 126248 	 -1.00 	 0.43
129747 	 102995 	 -1.00 	 0.46
129747 	 101486 	 -1.00 	 0.41
117950 	 102503 	 -1.00 	 0.42
122891 	 106567 	 -1.00 	 0.40
122891 	  94908 	 -1.00 	 0.43
122891 	  94927 	 -1.00 	 0.46
122891 	 117891 	 -1.00 	 0.45
122891 	 127533 	 -1.00 	 0.47
122891 	  99902 	 -1.00 	 0.50
122891 	 101280 	 -1.00 	 0.46
122891 	 103813 	 -1.00 	 0.41
122891 	 102503 	 -1.00 	 0.47
122891 	  99477 	 -1.00 	 0.48
122891 	 129644 	 -1.00 	 0.41
122891 	 129434 	 -1.00 	 0.45
122891 	 128492 	 -1.00 	 0.41
122891 	 130217 	 -1.00 	 0.46
122891 	 124080 	 -1.00 	 0.41
122891 	 111666 	 -1.00 	 0.41
122891 	 125990 	 -1.00 	 0.42
122891 	 103677 	 -1.00 	 0.41
122891 	 124477 	 -1.00 	 0.43
122891 	  95409 	 -1.00 	 0.42
122891 	 124225 	 -1.00 	 0.40
122891 	 129747 	 -1.00 	 0.41
124881 	 100617 	 -1.00 	 0.48
124881 	 106302 	 -1.00 	 0.43
124881 	  99902 	 -1.00 	 0.49
124881 	 100782 	 -1.00 	 0.42
124881 	 130217 	 -1.00 	 0.43
124881 	 125990 	 -1.00 	 0.44
124881 	  98469 	 -1.00 	 0.41
124881 	 101809 	 -1.00 	 0.44
124881 	 129747 	 -1.00 	 0.47
124881 	 122891 	 -1.00 	 0.41
126974 	  80076 	 -1.00 	 0.40
126974 	 106205 	 -1.00 	 0.41
126974 	 124999 	 -1.00 	 0.44
126974 	 101510 	 -1.00 	 0.46
126974 	 127451 	 -1.00 	 0.43
113610 	 100617 	 -1.00 	 0.41
113610 	  96511 	 -1.00 	 0.42
113610 	 117891 	 -1.00 	 0.49
113610 	 110641 	 -1.00 	 0.50
113610 	 106302 	 -1.00 	 0.43
113610 	 106205 	 -1.00 	 0.46
113610 	 127533 	 -1.00 	 0.43
113610 	  99902 	 -1.00 	 0.48
113610 	 131018 	 -1.00 	 0.43
113610 	 101280 	 -1.00 	 0.45
113610 	  99477 	 -1.00 	 0.41
113610 	 128492 	 -1.00 	 0.49
113610 	 130217 	 -1.00 	 0.43
113610 	 125990 	 -1.00 	 0.44
113610 	  98252 	 -1.00 	 0.45
113610 	  99455 	 -1.00 	 0.45
113610 	 110588 	 -1.00 	 0.49
113610 	 115220 	 -1.00 	 0.50
113610 	 124477 	 -1.00 	 0.44
113610 	  95781 	 -1.00 	 0.44
113610 	  95409 	 -1.00 	 0.46
113610 	 129747 	 -1.00 	 0.46
103091 	 102503 	 -1.00 	 0.47
103091 	 101510 	 -1.00 	 0.42
103091 	 102383 	 -1.00 	 0.49
103091 	 119617 	 -1.00 	 0.42
103091 	 117884 	 -1.00 	 0.47
103091 	 126248 	 -1.00 	 0.42
 67993 	  85402 	 -1.00 	 0.41
 67993 	  75641 	 -1.00 	 0.47
 67993 	  85890 	 -1.00 	 0.46
 67993 	  72992 	 -1.00 	 0.48
 67993 	  65887 	 -1.00 	 0.45
 67993 	  95336 	 -1.00 	 0.40
 67993 	  65192 	 -1.00 	 0.45
 67993 	  87759 	 -1.00 	 0.46
 67993 	  65978 	 -1.00 	 0.40
110898 	 100617 	 -1.00 	 0.48
110898 	  95442 	 -1.00 	 0.42
110898 	 101510 	 -1.00 	 0.45
110898 	 102383 	 -1.00 	 0.40
110898 	 124477 	 -1.00 	 0.44
110898 	  95409 	 -1.00 	 0.45
 61753 	   4793 	 -1.00 	 0.42
 61753 	   9967 	 -1.00 	 0.40
 61753 	  63310 	 -1.00 	 0.44
 61753 	  75641 	 -1.00 	 0.49
 61753 	 125161 	 -1.00 	 0.44
 61753 	  16479 	 -1.00 	 0.42
 61753 	  65887 	 -1.00 	 0.45
 61753 	  77153 	 -1.00 	 0.46
 61753 	  95336 	 -1.00 	 0.45
 61753 	  77148 	 -1.00 	 0.45
 61753 	  65978 	 -1.00 	 0.41
 61753 	  67993 	 -1.00 	 0.40
110974 	  95442 	 -1.00 	 0.43
110974 	 101510 	 -1.00 	 0.44
110974 	 100782 	 -1.00 	 0.41
110974 	 124477 	 -1.00 	 0.49
110974 	  95409 	 -1.00 	 0.49
123022 	 100617 	 -1.00 	 0.49
123022 	  94927 	 -1.00 	 0.46
123022 	 127533 	 -1.00 	 0.42
123022 	 101280 	 -1.00 	 0.45
123022 	 102503 	 -1.00 	 0.46
123022 	 129644 	 -1.00 	 0.42
123022 	 129434 	 -1.00 	 0.48
123022 	 128492 	 -1.00 	 0.49
123022 	 111666 	 -1.00 	 0.41
123022 	 125990 	 -1.00 	 0.44
123022 	  98252 	 -1.00 	 0.49
123022 	 122600 	 -1.00 	 0.45
123022 	 124477 	 -1.00 	 0.42
123022 	  95409 	 -1.00 	 0.42
123022 	 124225 	 -1.00 	 0.41
123022 	 129747 	 -1.00 	 0.43
118234 	  99159 	 -1.00 	 0.43
115883 	 100617 	 -1.00 	 0.47
115883 	 130665 	 -1.00 	 0.41
115883 	  99902 	 -1.00 	 0.44
115883 	 126626 	 -1.00 	 0.41
115883 	 103813 	 -1.00 	 0.44
115883 	  99477 	 -1.00 	 0.48
115883 	  98252 	 -1.00 	 0.43
115883 	  99455 	 -1.00 	 0.46
115883 	 102481 	 -1.00 	 0.45
115883 	 124477 	 -1.00 	 0.45
115883 	  95781 	 -1.00 	 0.40
115883 	  95409 	 -1.00 	 0.45
115883 	 128471 	 -1.00 	 0.40
115883 	 126248 	 -1.00 	 0.48
115883 	 113610 	 -1.00 	 0.44
115883 	 110898 	 -1.00 	 0.44
103973 	 127102 	 -1.00 	 0.41
103973 	 128844 	 -1.00 	 0.40
103973 	 130983 	 -1.00 	 0.42
 67672 	   4793 	 -1.00 	 0.47
 67672 	  63310 	 -1.00 	 0.43
 67672 	  75641 	 -1.00 	 0.47
 67672 	  81306 	 -1.00 	 0.41
 67672 	  79768 	 -1.00 	 0.43
 67672 	  65978 	 -1.00 	 0.42
 31394 	   4793 	 -1.00 	 0.43
 31394 	  69026 	 -1.00 	 0.42
 31394 	  65887 	 -1.00 	 0.47
 31394 	  10274 	 -1.00 	 0.43
 31394 	  16404 	 -1.00 	 0.49
123045 	 106567 	 -1.00 	 0.43
123045 	 100617 	 -1.00 	 0.49
123045 	  94927 	 -1.00 	 0.45
123045 	 117891 	 -1.00 	 0.46
123045 	 127533 	 -1.00 	 0.46
123045 	  99902 	 -1.00 	 0.49
123045 	 101280 	 -1.00 	 0.45
123045 	 102503 	 -1.00 	 0.44
123045 	  99477 	 -1.00 	 0.49
123045 	 129644 	 -1.00 	 0.43
123045 	 129434 	 -1.00 	 0.48
123045 	 128492 	 -1.00 	 0.41
123045 	 130217 	 -1.00 	 0.46
123045 	 111666 	 -1.00 	 0.43
123045 	 124477 	 -1.00 	 0.43
123045 	  95409 	 -1.00 	 0.40
123045 	 124225 	 -1.00 	 0.42
123045 	 129747 	 -1.00 	 0.41
123045 	 103091 	 -1.00 	 0.42
  7303 	 129859 	 -1.00 	 0.45
126651 	  80076 	 -1.00 	 0.49
126651 	 126040 	 -1.00 	 0.50
126651 	 129859 	 -1.00 	 0.46
126651 	 109370 	 -1.00 	 0.45
113681 	 100617 	 -1.00 	 0.45
113681 	  94927 	 -1.00 	 0.50
113681 	 117891 	 -1.00 	 0.48
113681 	 130665 	 -1.00 	 0.41
113681 	  97838 	 -1.00 	 0.50
113681 	 110571 	 -1.00 	 0.43
113681 	 129131 	 -1.00 	 0.41
113681 	 126626 	 -1.00 	 0.41
113681 	 103813 	 -1.00 	 0.42
113681 	  95442 	 -1.00 	 0.42
113681 	  99477 	 -1.00 	 0.41
113681 	 101510 	 -1.00 	 0.43
113681 	 118363 	 -1.00 	 0.42
113681 	 100782 	 -1.00 	 0.42
113681 	 128492 	 -1.00 	 0.48
113681 	  98252 	 -1.00 	 0.40
113681 	 122945 	 -1.00 	 0.47
113681 	  99455 	 -1.00 	 0.49
113681 	 122600 	 -1.00 	 0.47
113681 	 117884 	 -1.00 	 0.41
113681 	 101648 	 -1.00 	 0.41
113681 	 115258 	 -1.00 	 0.43
113681 	 126248 	 -1.00 	 0.46
113681 	 122891 	 -1.00 	 0.44
113681 	 113610 	 -1.00 	 0.44
113681 	 110898 	 -1.00 	 0.44
113681 	 123022 	 -1.00 	 0.41
113681 	 115883 	 -1.00 	 0.44
113681 	 123045 	 -1.00 	 0.44
 75661 	  80370 	 -1.00 	 0.45
 75661 	  67846 	 -1.00 	 0.41
 75661 	  43129 	 -1.00 	 0.45
 75661 	  75566 	 -1.00 	 0.41
 66563 	  66308 	 -1.00 	 0.43
100172 	 100617 	 -1.00 	 0.40
100172 	  99902 	 -1.00 	 0.41
100172 	 102503 	 -1.00 	 0.40
100172 	 101510 	 -1.00 	 0.48
100172 	  99455 	 -1.00 	 0.42
100172 	 120346 	 -1.00 	 0.45
128300 	 100617 	 -1.00 	 0.46
128300 	 106302 	 -1.00 	 0.41
128300 	 101510 	 -1.00 	 0.42
128300 	 125839 	 -1.00 	 0.48
128300 	 122600 	 -1.00 	 0.45
128300 	 115220 	 -1.00 	 0.47
128300 	 124477 	 -1.00 	 0.42
128300 	  95409 	 -1.00 	 0.43
128300 	 124881 	 -1.00 	 0.50
101850 	  65192 	 -1.00 	 0.41
101850 	  99455 	 -1.00 	 0.49
101850 	  87759 	 -1.00 	 0.40
101850 	 101809 	 -1.00 	 0.46
 91740 	  98252 	 -1.00 	 0.41
 59944 	   9595 	 -1.00 	 0.41
 59944 	  90154 	 -1.00 	 0.41
 59944 	  95336 	 -1.00 	 0.47
 59944 	  62649 	 -1.00 	 0.43
 59944 	  74885 	 -1.00 	 0.40
 59944 	  61797 	 -1.00 	 0.42
 80885 	   4793 	 -1.00 	 0.43
 80885 	  81305 	 -1.00 	 0.44
 80885 	 205919 	 -1.00 	 0.42
 80885 	  65408 	 -1.00 	 0.43
 80885 	  65887 	 -1.00 	 0.49
 70788 	  75641 	 -1.00 	 0.43
 66886 	   9595 	 -1.00 	 0.43
 66886 	  90154 	 -1.00 	 0.44
 66886 	  90147 	 -1.00 	 0.43
 66886 	  85890 	 -1.00 	 0.40
 66886 	  95336 	 -1.00 	 0.49
 66886 	  65192 	 -1.00 	 0.42
 66886 	  62649 	 -1.00 	 0.46
 66886 	  90137 	 -1.00 	 0.43
 66886 	  74885 	 -1.00 	 0.43
 66886 	  87759 	 -1.00 	 0.42
 66886 	  86335 	 -1.00 	 0.41
 66886 	  61797 	 -1.00 	 0.45
103733 	  94908 	 -1.00 	 0.43
103733 	 117891 	 -1.00 	 0.43
103733 	 110641 	 -1.00 	 0.44
103733 	 129434 	 -1.00 	 0.43
103733 	 115173 	 -1.00 	 0.48
103733 	 128492 	 -1.00 	 0.42
103733 	  99455 	 -1.00 	 0.41
103733 	 110588 	 -1.00 	 0.41
103733 	 103677 	 -1.00 	 0.41
103733 	 122600 	 -1.00 	 0.41
103733 	 115220 	 -1.00 	 0.44
103733 	 101648 	 -1.00 	 0.40
103733 	 106697 	 -1.00 	 0.45
103733 	 102995 	 -1.00 	 0.41
103733 	 122891 	 -1.00 	 0.41
103733 	 123045 	 -1.00 	 0.42
106244 	  94908 	 -1.00 	 0.45
106244 	 110571 	 -1.00 	 0.44
106244 	 129434 	 -1.00 	 0.41
106244 	 115173 	 -1.00 	 0.47
106244 	 124419 	 -1.00 	 0.44
106244 	 125839 	 -1.00 	 0.47
106244 	 103677 	 -1.00 	 0.44
106244 	  95409 	 -1.00 	 0.41
106244 	 124225 	 -1.00 	 0.48
106244 	 115258 	 -1.00 	 0.46
106244 	 129747 	 -1.00 	 0.41
106244 	 124881 	 -1.00 	 0.46
106244 	 115883 	 -1.00 	 0.41
100737 	 102078 	 -1.00 	 0.43
100737 	 119325 	 -1.00 	 0.46
100737 	 115173 	 -1.00 	 0.41
100737 	 124419 	 -1.00 	 0.46
100737 	 119311 	 -1.00 	 0.46
100737 	 124881 	 -1.00 	 0.44
108765 	 124477 	 -1.00 	 0.45
126646 	  97838 	 -1.00 	 0.45
126646 	  95442 	 -1.00 	 0.47
126646 	 101510 	 -1.00 	 0.47
126646 	 100782 	 -1.00 	 0.47
126646 	 101648 	 -1.00 	 0.46
126646 	 115258 	 -1.00 	 0.49
126646 	 122891 	 -1.00 	 0.47
126646 	 123022 	 -1.00 	 0.49
126646 	 123045 	 -1.00 	 0.50
108254 	 101510 	 -1.00 	 0.42
103038 	 130665 	 -1.00 	 0.43
103038 	 126626 	 -1.00 	 0.43
103038 	  95409 	 -1.00 	 0.48
103038 	 113610 	 -1.00 	 0.48
103038 	 106244 	 -1.00 	 0.46
126048 	 127533 	 -1.00 	 0.44
126048 	 101280 	 -1.00 	 0.47
126048 	 102503 	 -1.00 	 0.47
126048 	 130217 	 -1.00 	 0.43
126048 	  95781 	 -1.00 	 0.47
126048 	  98469 	 -1.00 	 0.42
126048 	 128471 	 -1.00 	 0.47
126048 	 101809 	 -1.00 	 0.40
126048 	 129747 	 -1.00 	 0.49
126048 	 123022 	 -1.00 	 0.41
126048 	 103733 	 -1.00 	 0.47
126048 	 106244 	 -1.00 	 0.47
126048 	 100737 	 -1.00 	 0.40
 86131 	  81306 	 -1.00 	 0.45
 86131 	  79768 	 -1.00 	 0.46
 86131 	  31394 	 -1.00 	 0.43
126574 	 101544 	 -1.00 	 0.42
126574 	 117884 	 -1.00 	 0.41
126574 	 101486 	 -1.00 	 0.41
126574 	 103091 	 -1.00 	 0.45
 66058 	  75661 	 -1.00 	 0.43
127707 	 100617 	 -1.00 	 0.44
127707 	  99902 	 -1.00 	 0.48
127707 	  99477 	 -1.00 	 0.46
127707 	 129644 	 -1.00 	 0.50
127707 	 102383 	 -1.00 	 0.40
127707 	 125839 	 -1.00 	 0.46
127707 	  98252 	 -1.00 	 0.47
127707 	  99455 	 -1.00 	 0.47
127707 	 122600 	 -1.00 	 0.45
127707 	  95409 	 -1.00 	 0.40
127707 	 126248 	 -1.00 	 0.46
127707 	 126048 	 -1.00 	 0.46
126274 	  97838 	 -1.00 	 0.42
126274 	 127533 	 -1.00 	 0.49
126274 	 110571 	 -1.00 	 0.48
126274 	  95442 	 -1.00 	 0.41
126274 	 101510 	 -1.00 	 0.47
126274 	 100782 	 -1.00 	 0.47
126274 	 130217 	 -1.00 	 0.48
126274 	 122945 	 -1.00 	 0.42
126274 	 124477 	 -1.00 	 0.47
126274 	 101648 	 -1.00 	 0.45
126274 	 124177 	 -1.00 	 0.45
126274 	  95409 	 -1.00 	 0.47
126274 	 115258 	 -1.00 	 0.49
126274 	 126248 	 -1.00 	 0.48
126274 	 101809 	 -1.00 	 0.42
126274 	 122891 	 -1.00 	 0.46
126274 	 113610 	 -1.00 	 0.48
126274 	 123022 	 -1.00 	 0.42
126274 	 115883 	 -1.00 	 0.50
126274 	 113681 	 -1.00 	 0.49
126274 	 101850 	 -1.00 	 0.41
126274 	 103733 	 -1.00 	 0.41
126274 	 100737 	 -1.00 	 0.42
124069 	 100617 	 -1.00 	 0.48
124069 	 130665 	 -1.00 	 0.49
124069 	 106302 	 -1.00 	 0.44
124069 	 127533 	 -1.00 	 0.43
124069 	 101280 	 -1.00 	 0.45
124069 	 102503 	 -1.00 	 0.45
124069 	  99477 	 -1.00 	 0.48
124069 	 100782 	 -1.00 	 0.40
124069 	 130217 	 -1.00 	 0.43
124069 	 101648 	 -1.00 	 0.45
124069 	 128471 	 -1.00 	 0.46
124069 	 129747 	 -1.00 	 0.47
124069 	 122891 	 -1.00 	 0.40
124069 	 127707 	 -1.00 	 0.47
127382 	  80076 	 -1.00 	 0.41
127382 	 126200 	 -1.00 	 0.50
127382 	 129134 	 -1.00 	 0.43
 60615 	  72992 	 -1.00 	 0.41
 60615 	  16479 	 -1.00 	 0.44
 60615 	  95336 	 -1.00 	 0.47
103084 	 130665 	 -1.00 	 0.48
103084 	 126626 	 -1.00 	 0.49
103084 	 101280 	 -1.00 	 0.45
103084 	 102503 	 -1.00 	 0.43
103084 	 130217 	 -1.00 	 0.42
103084 	  98469 	 -1.00 	 0.40
103084 	 129747 	 -1.00 	 0.48
103084 	 123022 	 -1.00 	 0.40
130419 	 119325 	 -1.00 	 0.41
130419 	 119311 	 -1.00 	 0.41
130419 	 117213 	 -1.00 	 0.41
117924 	 101850 	 -1.00 	 0.40
128707 	 130387 	 -1.00 	 0.47
126992 	  80076 	 -1.00 	 0.45
 95929 	  98469 	 -1.00 	 0.41
 66016 	 128397 	 -1.00 	 0.42
 66016 	 129208 	 -1.00 	 0.40
 66016 	 126651 	 -1.00 	 0.47
 66016 	 126992 	 -1.00 	 0.43
102704 	 106567 	 -1.00 	 0.44
102704 	  94908 	 -1.00 	 0.50
102704 	 110641 	 -1.00 	 0.42
102704 	  97838 	 -1.00 	 0.46
102704 	 106205 	 -1.00 	 0.41
102704 	  95442 	 -1.00 	 0.47
102704 	 129644 	 -1.00 	 0.47
102704 	 100782 	 -1.00 	 0.46
102704 	 115173 	 -1.00 	 0.43
102704 	 104295 	 -1.00 	 0.44
102704 	 124419 	 -1.00 	 0.42
102704 	 128492 	 -1.00 	 0.50
102704 	 125839 	 -1.00 	 0.43
102704 	 111666 	 -1.00 	 0.46
102704 	 101749 	 -1.00 	 0.44
102704 	 103677 	 -1.00 	 0.48
102704 	 115220 	 -1.00 	 0.42
102704 	 101648 	 -1.00 	 0.48
102704 	 106697 	 -1.00 	 0.41
102704 	 124225 	 -1.00 	 0.46
102704 	 126248 	 -1.00 	 0.49
102704 	 102995 	 -1.00 	 0.41
102704 	 120346 	 -1.00 	 0.40
102704 	 122891 	 -1.00 	 0.45
102704 	 124881 	 -1.00 	 0.43
102704 	 103091 	 -1.00 	 0.44
102704 	 123022 	 -1.00 	 0.44
102704 	 123045 	 -1.00 	 0.41
102704 	 100172 	 -1.00 	 0.41
102704 	 126048 	 -1.00 	 0.45
102704 	 126274 	 -1.00 	 0.50
102704 	 124069 	 -1.00 	 0.47
102704 	 103084 	 -1.00 	 0.41
124365 	 100617 	 -1.00 	 0.42
124365 	 130665 	 -1.00 	 0.42
124365 	 126626 	 -1.00 	 0.41
124365 	 101280 	 -1.00 	 0.43
124365 	 103813 	 -1.00 	 0.45
124365 	 102503 	 -1.00 	 0.47
124365 	 101544 	 -1.00 	 0.48
124365 	 101486 	 -1.00 	 0.47
124365 	 129747 	 -1.00 	 0.44
124365 	 126646 	 -1.00 	 0.41
124365 	 127707 	 -1.00 	 0.41
124365 	 126274 	 -1.00 	 0.42
124365 	 102704 	 -1.00 	 0.50
 97422 	 113401 	 -1.00 	 0.43
 97422 	 119325 	 -1.00 	 0.49
 97422 	 115173 	 -1.00 	 0.40
 97422 	 119311 	 -1.00 	 0.49
 97422 	 126048 	 -1.00 	 0.40
113690 	 100617 	 -1.00 	 0.49
113690 	 130665 	 -1.00 	 0.41
113690 	  97838 	 -1.00 	 0.41
113690 	 110571 	 -1.00 	 0.45
113690 	  99902 	 -1.00 	 0.43
113690 	 126626 	 -1.00 	 0.42
113690 	 101280 	 -1.00 	 0.40
113690 	 103813 	 -1.00 	 0.45
113690 	  95442 	 -1.00 	 0.40
113690 	  99477 	 -1.00 	 0.43
113690 	 100782 	 -1.00 	 0.41
113690 	  98252 	 -1.00 	 0.42
113690 	 122945 	 -1.00 	 0.44
113690 	 102481 	 -1.00 	 0.45
113690 	 122600 	 -1.00 	 0.49
113690 	 117884 	 -1.00 	 0.44
113690 	 115258 	 -1.00 	 0.45
113690 	 126248 	 -1.00 	 0.47
113690 	 102995 	 -1.00 	 0.49
113690 	 129747 	 -1.00 	 0.41
113690 	 122891 	 -1.00 	 0.43
113690 	 113610 	 -1.00 	 0.44
113690 	 110898 	 -1.00 	 0.44
113690 	 110974 	 -1.00 	 0.49
113690 	 123022 	 -1.00 	 0.42
113690 	 115883 	 -1.00 	 0.45
113690 	 123045 	 -1.00 	 0.43
113690 	 128300 	 -1.00 	 0.42
113690 	 126274 	 -1.00 	 0.47
108883 	 129644 	 -1.00 	 0.41
108883 	 124419 	 -1.00 	 0.44
108883 	 124881 	 -1.00 	 0.43
128822 	 130780 	 -1.00 	 0.41
128822 	  97207 	 -1.00 	 0.42
128822 	 129421 	 -1.00 	 0.41
128975 	 126869 	 -1.00 	 0.40
128975 	 126040 	 -1.00 	 0.45
128975 	 130780 	 -1.00 	 0.45
128975 	 126200 	 -1.00 	 0.43
128975 	 127451 	 -1.00 	 0.41
128975 	 129208 	 -1.00 	 0.42
128975 	 126974 	 -1.00 	 0.42
123702 	 100617 	 -1.00 	 0.46
123702 	  97838 	 -1.00 	 0.43
123702 	  99477 	 -1.00 	 0.47
123702 	 118363 	 -1.00 	 0.44
123702 	 124419 	 -1.00 	 0.49
123702 	 130217 	 -1.00 	 0.48
123702 	 128974 	 -1.00 	 0.41
123702 	 124477 	 -1.00 	 0.42
123702 	  95409 	 -1.00 	 0.42
123702 	 115883 	 -1.00 	 0.43
123702 	 113690 	 -1.00 	 0.42
102759 	 124080 	 -1.00 	 0.42
102759 	  96012 	 -1.00 	 0.41
126225 	 110571 	 -1.00 	 0.42
126225 	 124477 	 -1.00 	 0.40
126225 	  95409 	 -1.00 	 0.41
126225 	 115258 	 -1.00 	 0.46
126225 	 113690 	 -1.00 	 0.40
 95748 	  94908 	 -1.00 	 0.45
 95748 	  94927 	 -1.00 	 0.47
 95748 	 117891 	 -1.00 	 0.44
 95748 	 110571 	 -1.00 	 0.41
 95748 	 129644 	 -1.00 	 0.47
 95748 	 129434 	 -1.00 	 0.41
 95748 	 115173 	 -1.00 	 0.46
 95748 	 128492 	 -1.00 	 0.44
 95748 	 125839 	 -1.00 	 0.46
 95748 	 124080 	 -1.00 	 0.40
 95748 	 111666 	 -1.00 	 0.48
 95748 	 110588 	 -1.00 	 0.46
 95748 	 103677 	 -1.00 	 0.44
 95748 	 124477 	 -1.00 	 0.41
 95748 	  95409 	 -1.00 	 0.41
 95748 	 124225 	 -1.00 	 0.48
 95748 	 115258 	 -1.00 	 0.44
 95748 	 126248 	 -1.00 	 0.42
 95748 	 124881 	 -1.00 	 0.49
 95748 	 110974 	 -1.00 	 0.43
 95748 	 115883 	 -1.00 	 0.41
 95748 	 103038 	 -1.00 	 0.50
 95748 	 126048 	 -1.00 	 0.46
 95748 	 126274 	 -1.00 	 0.41
 95748 	 103084 	 -1.00 	 0.44
 95748 	 113690 	 -1.00 	 0.41
 90406 	  63310 	 -1.00 	 0.43
 90406 	  16479 	 -1.00 	 0.48
 90406 	  77153 	 -1.00 	 0.41
 90406 	 120346 	 -1.00 	 0.41
 90406 	  67993 	 -1.00 	 0.41
117793 	 106567 	 -1.00 	 0.50
117793 	 100617 	 -1.00 	 0.44
117793 	 127533 	 -1.00 	 0.49
117793 	 130217 	 -1.00 	 0.49
117793 	 125839 	 -1.00 	 0.49
117793 	  99455 	 -1.00 	 0.49
117793 	 122600 	 -1.00 	 0.43
117793 	 115220 	 -1.00 	 0.46
117793 	 124477 	 -1.00 	 0.41
117793 	  95409 	 -1.00 	 0.42
117793 	 113690 	 -1.00 	 0.41
125108 	 130387 	 -1.00 	 0.41
125108 	 128397 	 -1.00 	 0.49
125108 	 130780 	 -1.00 	 0.42
125108 	 127451 	 -1.00 	 0.45
125108 	 109370 	 -1.00 	 0.45
125108 	 129208 	 -1.00 	 0.41
125108 	 101365 	 -1.00 	 0.42
117490 	  98252 	 -1.00 	 0.49
117490 	 126274 	 -1.00 	 0.41
117344 	 106567 	 -1.00 	 0.43
117344 	  94927 	 -1.00 	 0.48
117344 	 127533 	 -1.00 	 0.47
117344 	 102503 	 -1.00 	 0.46
117344 	 129644 	 -1.00 	 0.44
117344 	 129434 	 -1.00 	 0.50
117344 	 125839 	 -1.00 	 0.40
117344 	 111666 	 -1.00 	 0.43
117344 	 124477 	 -1.00 	 0.43
117344 	 124225 	 -1.00 	 0.43
117344 	 126048 	 -1.00 	 0.41
117344 	 126274 	 -1.00 	 0.41
117344 	 102704 	 -1.00 	 0.44
117344 	 113690 	 -1.00 	 0.43
 97464 	 100617 	 -1.00 	 0.47
 97464 	  94908 	 -1.00 	 0.41
 97464 	  94927 	 -1.00 	 0.44
 97464 	 117891 	 -1.00 	 0.42
 97464 	 127533 	 -1.00 	 0.45
 97464 	 101280 	 -1.00 	 0.44
 97464 	 102503 	 -1.00 	 0.45
 97464 	  99477 	 -1.00 	 0.46
 97464 	 129434 	 -1.00 	 0.43
 97464 	 130217 	 -1.00 	 0.45
 97464 	 125990 	 -1.00 	 0.40
 97464 	 102481 	 -1.00 	 0.48
 97464 	 126646 	 -1.00 	 0.43
 97464 	 126274 	 -1.00 	 0.43
 97464 	 124069 	 -1.00 	 0.40
 97464 	 102704 	 -1.00 	 0.45
 69636 	   9595 	 -1.00 	 0.45
113639 	 100617 	 -1.00 	 0.47
 52076 	  90154 	 -1.00 	 0.41
 52076 	  63310 	 -1.00 	 0.47
 52076 	  69026 	 -1.00 	 0.41
 52076 	  81306 	 -1.00 	 0.42
 52076 	  77153 	 -1.00 	 0.48
 52076 	  79768 	 -1.00 	 0.42
 52076 	  62649 	 -1.00 	 0.40
 52076 	  77148 	 -1.00 	 0.47
 52076 	  61753 	 -1.00 	 0.43
 52076 	  80885 	 -1.00 	 0.45
 98993 	 101160 	 -1.00 	 0.42
 98993 	 122945 	 -1.00 	 0.46
 98993 	 124225 	 -1.00 	 0.48
 98993 	 118234 	 -1.00 	 0.43
129520 	 106567 	 -1.00 	 0.40
129520 	 110641 	 -1.00 	 0.41
129520 	 128397 	 -1.00 	 0.44
129520 	 127242 	 -1.00 	 0.41
129520 	  99902 	 -1.00 	 0.43
129520 	 101510 	 -1.00 	 0.43
129520 	 118363 	 -1.00 	 0.42
129520 	 129434 	 -1.00 	 0.41
129520 	 125839 	 -1.00 	 0.41
129520 	 129208 	 -1.00 	 0.44
129520 	 102481 	 -1.00 	 0.46
129520 	  95409 	 -1.00 	 0.41
129520 	 129421 	 -1.00 	 0.40
129520 	 126646 	 -1.00 	 0.40
129520 	 126992 	 -1.00 	 0.41
129520 	 125108 	 -1.00 	 0.43
117925 	 102704 	 -1.00 	 0.41
125120 	 130387 	 -1.00 	 0.42
125120 	 126040 	 -1.00 	 0.43
125120 	 109370 	 -1.00 	 0.43
125120 	 103973 	 -1.00 	 0.41
125120 	 126992 	 -1.00 	 0.46
101626 	  95781 	 -1.00 	 0.46
101626 	  99213 	 -1.00 	 0.41
101626 	 101809 	 -1.00 	 0.45
101626 	 103733 	 -1.00 	 0.47
101626 	 106244 	 -1.00 	 0.46
101626 	 100737 	 -1.00 	 0.45
101626 	  95748 	 -1.00 	 0.45
129161 	  80076 	 -1.00 	 0.42
129161 	 125052 	 -1.00 	 0.46
129161 	 124999 	 -1.00 	 0.43
129161 	  31490 	 -1.00 	 0.40
129161 	 129859 	 -1.00 	 0.43
129161 	 129134 	 -1.00 	 0.47
129161 	  91849 	 -1.00 	 0.43
129161 	 125120 	 -1.00 	 0.42
 61674 	  43129 	 -1.00 	 0.40
125231 	 100617 	 -1.00 	 0.43
125231 	  94908 	 -1.00 	 0.50
125231 	  94927 	 -1.00 	 0.49
125231 	 117891 	 -1.00 	 0.49
125231 	 110571 	 -1.00 	 0.43
125231 	  99902 	 -1.00 	 0.43
125231 	 126626 	 -1.00 	 0.40
125231 	 103813 	 -1.00 	 0.41
125231 	 100909 	 -1.00 	 0.48
125231 	  99477 	 -1.00 	 0.41
125231 	 100782 	 -1.00 	 0.44
125231 	 129434 	 -1.00 	 0.48
125231 	 128492 	 -1.00 	 0.49
125231 	 124080 	 -1.00 	 0.49
125231 	 103133 	 -1.00 	 0.41
125231 	  98252 	 -1.00 	 0.45
125231 	 122945 	 -1.00 	 0.41
125231 	  99455 	 -1.00 	 0.47
125231 	 102481 	 -1.00 	 0.44
125231 	 110588 	 -1.00 	 0.50
125231 	 103677 	 -1.00 	 0.49
125231 	 122600 	 -1.00 	 0.47
125231 	 117884 	 -1.00 	 0.43
125231 	 101648 	 -1.00 	 0.43
125231 	 115258 	 -1.00 	 0.42
125231 	 126248 	 -1.00 	 0.44
125231 	 122891 	 -1.00 	 0.46
125231 	 113610 	 -1.00 	 0.44
125231 	 110898 	 -1.00 	 0.41
125231 	 110974 	 -1.00 	 0.45
125231 	 123022 	 -1.00 	 0.42
125231 	 115883 	 -1.00 	 0.43
125231 	 126646 	 -1.00 	 0.49
125231 	 103038 	 -1.00 	 0.50
125231 	 126274 	 -1.00 	 0.49
125231 	  95748 	 -1.00 	 0.46
125231 	  97464 	 -1.00 	 0.46
 97373 	 119325 	 -1.00 	 0.48
 97373 	 119311 	 -1.00 	 0.48
 97373 	 125839 	 -1.00 	 0.41
 97373 	 124477 	 -1.00 	 0.44
 97373 	  95409 	 -1.00 	 0.41
 97373 	 103084 	 -1.00 	 0.43
 97373 	 113690 	 -1.00 	 0.44
 97373 	 101626 	 -1.00 	 0.42
124281 	 102704 	 -1.00 	 0.44
 96106 	 106567 	 -1.00 	 0.47
 96106 	  94908 	 -1.00 	 0.45
 96106 	  94927 	 -1.00 	 0.47
 96106 	 117891 	 -1.00 	 0.44
 96106 	 110641 	 -1.00 	 0.45
 96106 	 119680 	 -1.00 	 0.48
 96106 	 110571 	 -1.00 	 0.43
 96106 	 102078 	 -1.00 	 0.44
 96106 	 100909 	 -1.00 	 0.46
 96106 	 129644 	 -1.00 	 0.48
 96106 	 129434 	 -1.00 	 0.41
 96106 	 115173 	 -1.00 	 0.47
 96106 	 104295 	 -1.00 	 0.48
 96106 	 128492 	 -1.00 	 0.45
 96106 	 125839 	 -1.00 	 0.47
 96106 	 124080 	 -1.00 	 0.40
 96106 	 111666 	 -1.00 	 0.48
 96106 	 110588 	 -1.00 	 0.46
 96106 	 101749 	 -1.00 	 0.49
 96106 	 103677 	 -1.00 	 0.45
 96106 	 115220 	 -1.00 	 0.45
 96106 	 124477 	 -1.00 	 0.40
 96106 	 127221 	 -1.00 	 0.43
 96106 	 106697 	 -1.00 	 0.47
 96106 	 124177 	 -1.00 	 0.44
 96106 	  95409 	 -1.00 	 0.41
 96106 	 124225 	 -1.00 	 0.48
 96106 	 115258 	 -1.00 	 0.44
 96106 	 126248 	 -1.00 	 0.41
 96106 	 102995 	 -1.00 	 0.48
 96106 	 101809 	 -1.00 	 0.42
 96106 	 113610 	 -1.00 	 0.48
 96106 	 110974 	 -1.00 	 0.44
 96106 	 115883 	 -1.00 	 0.41
 96106 	 100737 	 -1.00 	 0.42
 96106 	 126646 	 -1.00 	 0.42
 96106 	 103038 	 -1.00 	 0.50
 96106 	 126048 	 -1.00 	 0.47
 96106 	 126274 	 -1.00 	 0.42
 96106 	 103084 	 -1.00 	 0.45
 96106 	 113690 	 -1.00 	 0.40
 96106 	 101626 	 -1.00 	 0.46
 96106 	 125231 	 -1.00 	 0.42
 89982 	  65408 	 -1.00 	 0.41
 89982 	  81306 	 -1.00 	 0.48
116362 	 101342 	 -1.00 	 0.41
105591 	 127102 	 -1.00 	 0.41
105591 	 128844 	 -1.00 	 0.45
105591 	 130983 	 -1.00 	 0.42
105591 	 103973 	 -1.00 	 0.41
118243 	 102503 	 -1.00 	 0.41
118243 	  99159 	 -1.00 	 0.42
118243 	  98993 	 -1.00 	 0.42
112063 	 100617 	 -1.00 	 0.50
112063 	 130665 	 -1.00 	 0.49
112063 	 106302 	 -1.00 	 0.45
112063 	 130217 	 -1.00 	 0.42
112063 	 125990 	 -1.00 	 0.45
112063 	 103733 	 -1.00 	 0.45
112063 	 102704 	 -1.00 	 0.43
112063 	  95748 	 -1.00 	 0.46
112063 	  96106 	 -1.00 	 0.48
100687 	 100617 	 -1.00 	 0.47
100687 	  94927 	 -1.00 	 0.48
100687 	 110641 	 -1.00 	 0.41
100687 	 110571 	 -1.00 	 0.40
100687 	  95442 	 -1.00 	 0.42
100687 	 129644 	 -1.00 	 0.45
100687 	 100782 	 -1.00 	 0.40
100687 	 115173 	 -1.00 	 0.43
100687 	 104295 	 -1.00 	 0.43
100687 	 103133 	 -1.00 	 0.42
100687 	 101749 	 -1.00 	 0.44
100687 	 115220 	 -1.00 	 0.41
100687 	 106697 	 -1.00 	 0.41
100687 	 115258 	 -1.00 	 0.41
100687 	 102995 	 -1.00 	 0.41
100687 	 113610 	 -1.00 	 0.41
100687 	 126048 	 -1.00 	 0.43
100687 	 126274 	 -1.00 	 0.46
100687 	 124069 	 -1.00 	 0.40
100687 	 103084 	 -1.00 	 0.41
100687 	 124365 	 -1.00 	 0.42
100687 	 101626 	 -1.00 	 0.41
100687 	 112063 	 -1.00 	 0.48
130833 	  80076 	 -1.00 	 0.42
130833 	 126040 	 -1.00 	 0.45
130833 	 124999 	 -1.00 	 0.45
130833 	 127649 	 -1.00 	 0.46
130833 	  66016 	 -1.00 	 0.41
130833 	 129520 	 -1.00 	 0.41
130833 	 129161 	 -1.00 	 0.48
 58385 	  76155 	 -1.00 	 0.48
130531 	 125052 	 -1.00 	 0.42
130531 	 129134 	 -1.00 	 0.48
 69502 	  65408 	 -1.00 	 0.45
 69502 	  79768 	 -1.00 	 0.46
 69502 	  80885 	 -1.00 	 0.48
 66646 	  97838 	 -1.00 	 0.41
 66646 	  67846 	 -1.00 	 0.43
 66646 	  53106 	 -1.00 	 0.41
 66646 	   2622 	 -1.00 	 0.44
 66646 	  83275 	 -1.00 	 0.42
 66646 	  69513 	 -1.00 	 0.44
 66646 	  61674 	 -1.00 	 0.41
  3476 	 130387 	 -1.00 	 0.41
  3476 	 128397 	 -1.00 	 0.41
  3476 	 126651 	 -1.00 	 0.43
  3476 	  91740 	 -1.00 	 0.46
  3476 	 126992 	 -1.00 	 0.42
  3476 	  66016 	 -1.00 	 0.43
 98306 	 100617 	 -1.00 	 0.45
 98306 	  99902 	 -1.00 	 0.42
 98306 	 101280 	 -1.00 	 0.42
 98306 	 125990 	 -1.00 	 0.42
 98306 	  98252 	 -1.00 	 0.42
 98306 	  99455 	 -1.00 	 0.45
 98306 	  95781 	 -1.00 	 0.46
 98306 	 126248 	 -1.00 	 0.46
 98306 	 103733 	 -1.00 	 0.49
 98306 	  95748 	 -1.00 	 0.46
 98306 	  96106 	 -1.00 	 0.46
122256 	  90154 	 -1.00 	 0.42
122256 	  80076 	 -1.00 	 0.40
122256 	  85402 	 -1.00 	 0.48
122256 	  85890 	 -1.00 	 0.45
122256 	  98252 	 -1.00 	 0.43
122256 	  65192 	 -1.00 	 0.46
122256 	  74885 	 -1.00 	 0.49
122256 	  87759 	 -1.00 	 0.46
122256 	 101486 	 -1.00 	 0.43
122256 	 103091 	 -1.00 	 0.43
122256 	 126651 	 -1.00 	 0.40
122256 	  91740 	 -1.00 	 0.41
122256 	  60615 	 -1.00 	 0.48
122256 	  90406 	 -1.00 	 0.47
122256 	  34899 	 -1.00 	 0.41
103607 	 100617 	 -1.00 	 0.43
103607 	 125839 	 -1.00 	 0.47
103607 	  99455 	 -1.00 	 0.45
103607 	 126248 	 -1.00 	 0.46
