 59539 	   9595 	 0.04 	 0.08
 81305 	  59539 	 0.09 	 0.09
 50275 	   9595 	 0.05 	 0.10
 50275 	  81305 	 0.07 	 0.07
 50275 	  90154 	 0.02 	 0.10
 93163 	   9595 	 0.04 	 0.07
 39079 	   9595 	 0.04 	 0.07
 91563 	   9595 	 0.05 	 0.07
 91563 	  81305 	 0.08 	 0.06
 82555 	   9595 	 0.03 	 0.04
 82555 	  88141 	 0.08 	 0.06
 82555 	  81305 	 0.04 	 0.04
 82555 	  90154 	 0.01 	 0.04
 52768 	   9595 	 0.05 	 0.07
 52768 	  81305 	 0.07 	 0.06
  2986 	   9595 	 0.09 	 0.09
 62372 	  82555 	 0.09 	 0.05
105200 	   9595 	 0.07 	 0.06
105200 	  90154 	 0.04 	 0.08
 70752 	   9595 	 0.09 	 0.05
  8980 	   9595 	 0.09 	 0.08
113027 	   9595 	 0.06 	 0.07
 28241 	  90154 	 0.03 	 0.07
 82246 	   9595 	 0.09 	 0.07
 82246 	  90154 	 0.03 	 0.06
114379 	   9595 	 0.05 	 0.08
 51213 	  82246 	 0.08 	 0.06
 85402 	  50275 	 0.03 	 0.09
 85402 	  82555 	 0.03 	 0.04
 85402 	 105200 	 0.06 	 0.08
 85402 	  28241 	 0.07 	 0.06
 10217 	  50275 	 0.09 	 0.04
 91926 	   9595 	 0.07 	 0.07
 82503 	   9595 	 0.04 	 0.02
 82503 	  88141 	 0.09 	 0.04
 82503 	  90154 	 0.02 	 0.03
 82503 	  85402 	 0.03 	 0.03
 69026 	  50275 	 0.07 	 0.07
 69026 	  82555 	 0.05 	 0.06
 69026 	  52768 	 0.05 	 0.08
114535 	   9595 	 0.06 	 0.10
 96113 	   9595 	 0.09 	 0.09
 51289 	   9595 	 0.09 	 0.05
 51289 	  85402 	 0.06 	 0.06
111407 	   9595 	 0.05 	 0.06
 65863 	   9595 	 0.08 	 0.07
 65863 	  90154 	 0.04 	 0.09
 65863 	  51213 	 0.08 	 0.10
 65863 	  85402 	 0.06 	 0.07
 53672 	   9595 	 0.02 	 0.07
 53672 	  88141 	 0.08 	 0.09
 53672 	  81305 	 0.04 	 0.07
 53672 	  51213 	 0.08 	 0.08
 53672 	  85402 	 0.02 	 0.08
 53672 	  69026 	 0.04 	 0.09
 75641 	  82555 	 0.04 	 0.05
 75641 	 105200 	 0.06 	 0.08
 75641 	  28241 	 0.05 	 0.07
 75641 	  82246 	 0.06 	 0.08
 75641 	  92250 	 0.08 	 0.09
 75641 	  82503 	 0.06 	 0.03
 75641 	  51289 	 0.06 	 0.10
 85890 	  82555 	 0.03 	 0.04
 85890 	 105200 	 0.06 	 0.07
 85890 	  28241 	 0.06 	 0.07
 85890 	  82246 	 0.08 	 0.07
 85890 	  82503 	 0.05 	 0.02
 85890 	  51289 	 0.07 	 0.06
 85890 	  65863 	 0.07 	 0.09
 85890 	  53672 	 0.04 	 0.08
 67362 	   9595 	 0.08 	 0.09
 67362 	  81305 	 0.09 	 0.08
 67362 	  51213 	 0.06 	 0.10
 31770 	  92753 	 0.08 	 0.10
 31770 	 127102 	 0.04 	 0.06
 31770 	  59539 	 0.03 	 0.08
 31770 	  50275 	 0.03 	 0.09
 31770 	  93163 	 0.02 	 0.06
 31770 	  92014 	 0.04 	 0.04
 31770 	  39079 	 0.03 	 0.07
 31770 	  91563 	 0.03 	 0.06
 31770 	  82555 	 0.02 	 0.03
 31770 	  52768 	 0.02 	 0.06
 31770 	   5543 	 0.05 	 0.06
 31770 	 128844 	 0.04 	 0.05
 31770 	 105200 	 0.04 	 0.06
 31770 	 114621 	 0.05 	 0.09
 31770 	  70752 	 0.04 	 0.05
 31770 	   8980 	 0.05 	 0.07
 31770 	 105455 	 0.08 	 0.09
 31770 	 113027 	 0.04 	 0.06
 31770 	  28241 	 0.03 	 0.08
 31770 	 130983 	 0.04 	 0.05
 31770 	  82246 	 0.03 	 0.08
 31770 	  93171 	 0.08 	 0.08
 31770 	 114379 	 0.03 	 0.09
 31770 	 131151 	 0.04 	 0.10
 31770 	 127649 	 0.07 	 0.09
 31770 	  66308 	 0.07 	 0.07
 31770 	  91926 	 0.03 	 0.07
 31770 	   7012 	 0.09 	 0.07
 31770 	 117081 	 0.07 	 0.09
 31770 	  92250 	 0.06 	 0.06
 31770 	  82503 	 0.03 	 0.02
 31770 	  96113 	 0.04 	 0.10
 31770 	  51289 	 0.05 	 0.06
 31770 	  94264 	 0.05 	 0.08
 31770 	 111407 	 0.03 	 0.07
 31770 	  65863 	 0.03 	 0.05
 31770 	  53672 	 0.01 	 0.06
 31770 	  44074 	 0.05 	 0.08
 31770 	  67362 	 0.07 	 0.08
 58481 	   9595 	 0.09 	 0.05
 58481 	  75641 	 0.08 	 0.07
 58481 	  31770 	 0.06 	 0.07
 70646 	   9595 	 0.09 	 0.05
 70646 	  85402 	 0.06 	 0.10
 70646 	  31770 	 0.04 	 0.06
 81306 	  50275 	 0.08 	 0.07
 81306 	  82555 	 0.08 	 0.06
 81306 	   2986 	 0.09 	 0.09
126216 	  31770 	 0.03 	 0.06
 94785 	  81305 	 0.09 	 0.10
115173 	  31770 	 0.09 	 0.08
124419 	  31770 	 0.06 	 0.08
 68681 	  82555 	 0.07 	 0.05
 68681 	 105200 	 0.09 	 0.08
 68681 	  28241 	 0.08 	 0.10
 68681 	  82503 	 0.06 	 0.04
 68681 	  51289 	 0.08 	 0.08
 52894 	   9595 	 0.07 	 0.08
 52894 	  85402 	 0.06 	 0.08
 52894 	  31770 	 0.04 	 0.06
105733 	   9595 	 0.05 	 0.07
105733 	  81305 	 0.07 	 0.03
105733 	  85402 	 0.04 	 0.09
105733 	  69026 	 0.05 	 0.08
105733 	  31770 	 0.02 	 0.05
103296 	  31770 	 0.03 	 0.09
 72992 	  59539 	 0.08 	 0.10
 72992 	  82555 	 0.05 	 0.04
 72992 	  52768 	 0.08 	 0.09
 72992 	 105200 	 0.08 	 0.09
 72992 	  28241 	 0.08 	 0.07
 72992 	  91926 	 0.07 	 0.09
 72992 	  53672 	 0.05 	 0.07
 72992 	 126216 	 0.07 	 0.09
 72992 	 105733 	 0.08 	 0.07
 16479 	  82555 	 0.05 	 0.04
 16479 	  53672 	 0.04 	 0.09
 65887 	  82555 	 0.08 	 0.06
  5103 	   9595 	 0.03 	 0.07
  5103 	  81305 	 0.09 	 0.08
  5103 	  85402 	 0.03 	 0.10
  5103 	  69026 	 0.07 	 0.08
  5103 	  31770 	 0.02 	 0.06
  5103 	  81306 	 0.07 	 0.10
  5103 	  72992 	 0.05 	 0.07
 77153 	  50275 	 0.03 	 0.10
 77153 	  93163 	 0.05 	 0.09
 77153 	  92014 	 0.05 	 0.06
 77153 	  39079 	 0.03 	 0.10
 77153 	  91563 	 0.03 	 0.07
 77153 	  82555 	 0.03 	 0.04
 77153 	  52768 	 0.03 	 0.07
 77153 	   2986 	 0.04 	 0.09
 77153 	   5543 	 0.05 	 0.08
 77153 	 105200 	 0.04 	 0.05
 77153 	 122022 	 0.06 	 0.10
 77153 	  70752 	 0.05 	 0.06
 77153 	   8980 	 0.06 	 0.08
 77153 	 113027 	 0.05 	 0.07
 77153 	  28241 	 0.04 	 0.07
 77153 	  82246 	 0.05 	 0.06
 77153 	  91926 	 0.04 	 0.07
 77153 	   7012 	 0.09 	 0.09
 77153 	 117081 	 0.07 	 0.08
 77153 	  92250 	 0.06 	 0.05
 77153 	  82503 	 0.03 	 0.01
 77153 	  51289 	 0.06 	 0.08
 77153 	 111407 	 0.04 	 0.09
 77153 	  65863 	 0.04 	 0.08
 77153 	  53672 	 0.03 	 0.09
 77153 	  58481 	 0.06 	 0.06
 77153 	  70646 	 0.06 	 0.08
 77153 	 105815 	 0.09 	 0.09
 77153 	 126216 	 0.06 	 0.08
 77153 	 115173 	 0.09 	 0.09
 77153 	 105733 	 0.03 	 0.09
 77153 	   5103 	 0.03 	 0.08
 97207 	  31770 	 0.05 	 0.08
116522 	  31770 	 0.08 	 0.10
  5133 	  31770 	 0.05 	 0.09
 51513 	  78533 	 0.05 	 0.07
 51513 	  44074 	 0.06 	 0.06
 51513 	   2332 	 0.05 	 0.09
 51513 	  76449 	 0.05 	 0.07
103133 	  31770 	 0.08 	 0.07
108127 	   9595 	 0.07 	 0.08
108127 	  31770 	 0.05 	 0.07
108127 	  77153 	 0.05 	 0.09
120065 	   9595 	 0.08 	 0.08
120065 	  31770 	 0.03 	 0.10
 95336 	  82555 	 0.03 	 0.04
 95336 	  28241 	 0.03 	 0.08
 95336 	  82246 	 0.08 	 0.07
 95336 	  92250 	 0.07 	 0.08
 95336 	  82503 	 0.04 	 0.02
 95336 	  51289 	 0.07 	 0.07
 95336 	  65863 	 0.06 	 0.09
 95336 	  53672 	 0.04 	 0.09
 95336 	  67362 	 0.09 	 0.09
 95336 	  58481 	 0.07 	 0.10
 95336 	  70646 	 0.05 	 0.10
 95336 	  52894 	 0.07 	 0.10
 95336 	  51513 	 0.08 	 0.05
114673 	  31770 	 0.07 	 0.06
114673 	  77153 	 0.09 	 0.06
 69633 	  59539 	 0.07 	 0.08
 69633 	  50275 	 0.05 	 0.07
 69633 	  91563 	 0.06 	 0.05
 69633 	  78533 	 0.09 	 0.10
 69633 	  82555 	 0.05 	 0.07
 69633 	  52768 	 0.06 	 0.08
 69633 	   2986 	 0.06 	 0.07
 69633 	 105200 	 0.09 	 0.06
 69633 	  91926 	 0.07 	 0.06
 69633 	  82503 	 0.07 	 0.03
 69633 	  51289 	 0.09 	 0.08
 69633 	 111407 	 0.07 	 0.07
 69633 	  65863 	 0.06 	 0.08
 69633 	  53672 	 0.05 	 0.07
 69633 	  44074 	 0.07 	 0.07
 69633 	  67362 	 0.04 	 0.08
 69633 	  94785 	 0.06 	 0.10
 69633 	   2332 	 0.09 	 0.10
 69633 	  52894 	 0.09 	 0.09
 69633 	 105733 	 0.07 	 0.05
 69633 	   5103 	 0.07 	 0.08
 69633 	 116522 	 0.08 	 0.08
 69633 	   5133 	 0.09 	 0.09
 69633 	 120065 	 0.07 	 0.08
 79310 	   9595 	 0.04 	 0.06
 79310 	  81305 	 0.06 	 0.05
 79310 	  90154 	 0.02 	 0.07
 79310 	  85402 	 0.03 	 0.06
 79310 	  10217 	 0.09 	 0.06
 79310 	  69026 	 0.07 	 0.06
 79310 	  75641 	 0.04 	 0.08
 79310 	  85890 	 0.04 	 0.07
 79310 	  31770 	 0.02 	 0.05
 79310 	  72992 	 0.05 	 0.06
 79310 	  16479 	 0.07 	 0.08
 79310 	  77153 	 0.03 	 0.07
 79310 	  95336 	 0.03 	 0.07
 79310 	  69633 	 0.06 	 0.07
 10274 	  52768 	 0.09 	 0.09
 65192 	  82555 	 0.02 	 0.04
 65192 	 105200 	 0.05 	 0.08
 65192 	  28241 	 0.03 	 0.07
 65192 	  82246 	 0.06 	 0.07
 65192 	  92250 	 0.05 	 0.09
 65192 	  82503 	 0.03 	 0.03
 65192 	  51289 	 0.06 	 0.07
 65192 	  65863 	 0.03 	 0.10
 65192 	  53672 	 0.02 	 0.09
 65192 	  58481 	 0.05 	 0.09
 65192 	  79310 	 0.03 	 0.07
107458 	  31770 	 0.06 	 0.09
 37464 	   9595 	 0.07 	 0.06
 37464 	  85402 	 0.06 	 0.05
 37464 	  85890 	 0.06 	 0.05
 37464 	  31770 	 0.04 	 0.07
 37464 	  68681 	 0.08 	 0.08
 37464 	  95336 	 0.05 	 0.06
 37464 	  69633 	 0.09 	 0.07
 37464 	  65192 	 0.04 	 0.05
108273 	   9595 	 0.04 	 0.09
108273 	  81305 	 0.04 	 0.09
108273 	  69633 	 0.06 	 0.08
108273 	  10274 	 0.08 	 0.09
  2996 	   9595 	 0.05 	 0.04
  2996 	  88141 	 0.06 	 0.03
  2996 	  81305 	 0.07 	 0.05
  2996 	  90154 	 0.02 	 0.03
  2996 	  62372 	 0.07 	 0.02
  2996 	  18307 	 0.07 	 0.03
  2996 	  51213 	 0.08 	 0.02
  2996 	  65408 	 0.09 	 0.05
  2996 	  85402 	 0.04 	 0.04
  2996 	  69026 	 0.07 	 0.04
  2996 	  75641 	 0.03 	 0.03
  2996 	  85890 	 0.03 	 0.03
  2996 	  31770 	 0.03 	 0.05
  2996 	  81306 	 0.08 	 0.04
  2996 	  68681 	 0.06 	 0.03
  2996 	  72992 	 0.06 	 0.04
  2996 	  16479 	 0.07 	 0.03
  2996 	  77153 	 0.02 	 0.04
  2996 	  95336 	 0.03 	 0.04
  2996 	 107568 	 0.08 	 0.04
  2996 	  69633 	 0.06 	 0.05
  2996 	  65192 	 0.02 	 0.03
  2996 	 101673 	 0.09 	 0.04
 15972 	   2996 	 0.08 	 0.02
 92527 	  31770 	 0.06 	 0.08
 92527 	  77153 	 0.06 	 0.09
 92527 	  69633 	 0.09 	 0.06
108174 	   9595 	 0.04 	 0.05
108174 	  81305 	 0.06 	 0.05
108174 	  90154 	 0.02 	 0.10
108174 	  85402 	 0.03 	 0.10
108174 	  69026 	 0.06 	 0.05
108174 	  75641 	 0.04 	 0.09
108174 	  85890 	 0.04 	 0.10
108174 	  31770 	 0.02 	 0.04
108174 	  81306 	 0.08 	 0.07
108174 	  72992 	 0.08 	 0.07
108174 	  77153 	 0.02 	 0.06
108174 	  95336 	 0.03 	 0.08
108174 	  69633 	 0.05 	 0.05
 62649 	  50275 	 0.03 	 0.10
 62649 	  82555 	 0.02 	 0.04
 62649 	 105200 	 0.04 	 0.08
 62649 	  28241 	 0.05 	 0.07
 62649 	  82246 	 0.07 	 0.07
 62649 	  82503 	 0.03 	 0.02
 62649 	  65863 	 0.05 	 0.09
 62649 	  51513 	 0.07 	 0.05
 62649 	  79310 	 0.03 	 0.08
 62649 	   2996 	 0.04 	 0.03
 62649 	 108174 	 0.03 	 0.09
 94602 	  31770 	 0.08 	 0.10
 82318 	  90154 	 0.06 	 0.10
 82318 	  72459 	 0.09 	 0.07
 82318 	  65192 	 0.08 	 0.09
 64266 	 100617 	 0.06 	 0.03
 64266 	 113401 	 0.08 	 0.02
 64266 	  94908 	 0.09 	 0.03
 64266 	  92753 	 0.09 	 0.02
 64266 	  94927 	 0.07 	 0.03
 64266 	  88141 	 0.07 	 0.02
 64266 	  59539 	 0.05 	 0.02
 64266 	 118052 	 0.08 	 0.02
 64266 	 130387 	 0.08 	 0.03
 64266 	 102380 	 0.08 	 0.03
 64266 	 117891 	 0.05 	 0.03
 64266 	  39337 	 0.04 	 0.04
 64266 	 117976 	 0.07 	 0.05
 64266 	 110641 	 0.07 	 0.02
 64266 	  50275 	 0.04 	 0.02
 64266 	  93163 	 0.08 	 0.01
 64266 	 119680 	 0.07 	 0.02
 64266 	  92014 	 0.06 	 0.01
 64266 	  39079 	 0.08 	 0.02
 64266 	  91563 	 0.04 	 0.01
 64266 	 100225 	 0.08 	 0.02
 64266 	 130665 	 0.07 	 0.03
 64266 	  95573 	 0.09 	 0.02
 64266 	  80076 	 0.04 	 0.02
 64266 	 127242 	 0.09 	 0.02
 64266 	  97838 	 0.07 	 0.03
 64266 	 126040 	 0.08 	 0.03
 64266 	  75030 	 0.08 	 0.02
 64266 	 106302 	 0.07 	 0.02
 64266 	 106205 	 0.06 	 0.02
 64266 	  15511 	 0.05 	 0.02
 64266 	 127533 	 0.08 	 0.04
 64266 	 110571 	 0.06 	 0.02
 64266 	  99902 	 0.06 	 0.03
 64266 	 122022 	 0.09 	 0.02
 64266 	  88333 	 0.09 	 0.03
 64266 	  96738 	 0.08 	 0.02
 64266 	  70752 	 0.03 	 0.01
 64266 	   8980 	 0.08 	 0.01
 64266 	 130780 	 0.09 	 0.03
 64266 	 125052 	 0.09 	 0.04
 64266 	 107934 	 0.08 	 0.04
 64266 	 129131 	 0.06 	 0.02
 64266 	 131018 	 0.07 	 0.02
 64266 	 126200 	 0.07 	 0.03
 64266 	 105455 	 0.07 	 0.01
 64266 	 126626 	 0.06 	 0.03
 64266 	 113027 	 0.08 	 0.01
 64266 	 124999 	 0.09 	 0.04
 64266 	  93171 	 0.07 	 0.02
 64266 	 114379 	 0.08 	 0.03
 64266 	 131151 	 0.09 	 0.02
 64266 	 126721 	 0.06 	 0.01
 64266 	 101280 	 0.08 	 0.04
 64266 	 103813 	 0.07 	 0.04
 64266 	  85402 	 0.06 	 0.05
 64266 	 127649 	 0.09 	 0.02
 64266 	  95603 	 0.09 	 0.02
 64266 	  63310 	 0.08 	 0.05
 64266 	  66308 	 0.06 	 0.02
 64266 	  95442 	 0.06 	 0.04
 64266 	   5646 	 0.08 	 0.03
 64266 	  82503 	 0.09 	 0.03
 64266 	  31490 	 0.06 	 0.02
 64266 	 129859 	 0.09 	 0.07
 64266 	 102503 	 0.06 	 0.03
 64266 	  94264 	 0.06 	 0.01
 64266 	 111407 	 0.04 	 0.02
 64266 	 113290 	 0.08 	 0.02
 64266 	 100909 	 0.08 	 0.02
 64266 	 108185 	 0.09 	 0.03
 64266 	  99477 	 0.08 	 0.03
 64266 	 117951 	 0.08 	 0.02
 64266 	  75641 	 0.09 	 0.04
 64266 	 129134 	 0.09 	 0.04
 64266 	 101510 	 0.07 	 0.05
 64266 	  44074 	 0.05 	 0.01
 64266 	 127855 	 0.09 	 0.02
 64266 	 127451 	 0.08 	 0.03
 64266 	 130218 	 0.09 	 0.03
 64266 	   4363 	 0.07 	 0.03
 64266 	  85890 	 0.08 	 0.05
 64266 	  31770 	 0.05 	 0.08
 64266 	 119325 	 0.06 	 0.01
 64266 	 129644 	 0.05 	 0.04
 64266 	  93950 	 0.09 	 0.02
 64266 	 100782 	 0.07 	 0.03
 64266 	 129960 	 0.08 	 0.02
 64266 	 130986 	 0.07 	 0.02
 64266 	 129434 	 0.07 	 0.04
 64266 	 115173 	 0.08 	 0.02
 64266 	 104295 	 0.08 	 0.02
 64266 	 124419 	 0.08 	 0.02
 64266 	 128492 	 0.05 	 0.03
 64266 	  91637 	 0.08 	 0.02
 64266 	 102383 	 0.08 	 0.03
 64266 	 122251 	 0.08 	 0.03
 64266 	  68681 	 0.06 	 0.02
 64266 	 125161 	 0.09 	 0.03
 64266 	 105733 	 0.04 	 0.01
 64266 	   2911 	 0.04 	 0.02
 64266 	  36327 	 0.05 	 0.02
 64266 	 130217 	 0.08 	 0.04
 64266 	 119311 	 0.06 	 0.01
 64266 	 128762 	 0.07 	 0.03
 64266 	 125839 	 0.06 	 0.02
 64266 	   5103 	 0.05 	 0.02
 64266 	  77153 	 0.09 	 0.07
 64266 	 124080 	 0.07 	 0.03
 64266 	   2622 	 0.08 	 0.02
 64266 	 116522 	 0.04 	 0.02
 64266 	  51513 	 0.02 	 0.01
 64266 	 103133 	 0.08 	 0.02
 64266 	 101463 	 0.08 	 0.02
 64266 	 108127 	 0.03 	 0.01
 64266 	 120065 	 0.03 	 0.02
 64266 	  95336 	 0.05 	 0.04
 64266 	 107568 	 0.07 	 0.04
 64266 	  96012 	 0.07 	 0.02
 64266 	 111666 	 0.07 	 0.04
 64266 	 125990 	 0.09 	 0.04
 64266 	  98252 	 0.07 	 0.03
 64266 	  73957 	 0.08 	 0.02
 64266 	 128974 	 0.07 	 0.02
 64266 	  66221 	 0.07 	 0.03
 64266 	  65192 	 0.04 	 0.05
 64266 	 122945 	 0.08 	 0.03
 64266 	  99455 	 0.07 	 0.03
 64266 	  96900 	 0.07 	 0.02
 64266 	 102481 	 0.07 	 0.03
 64266 	 119112 	 0.07 	 0.02
 64266 	 115606 	 0.08 	 0.02
 64266 	 120998 	 0.04 	 0.02
 64266 	 110588 	 0.08 	 0.02
 64266 	  92527 	 0.07 	 0.02
 64266 	 101749 	 0.08 	 0.02
 64266 	 108174 	 0.04 	 0.02
 64266 	   2251 	 0.08 	 0.02
 64266 	  75566 	 0.07 	 0.03
 64266 	  52224 	 0.06 	 0.02
 64266 	 103677 	 0.09 	 0.03
 64266 	 122600 	 0.08 	 0.03
 64266 	   1531 	 0.09 	 0.02
 64266 	  94602 	 0.08 	 0.02
 64266 	  82318 	 0.05 	 0.05
 58632 	  31770 	 0.04 	 0.09
 58632 	  64266 	 0.06 	 0.02
 62268 	  64266 	 0.06 	 0.02
115220 	  64266 	 0.08 	 0.02
107489 	   9595 	 0.07 	 0.09
107489 	  10217 	 0.09 	 0.06
107489 	  75641 	 0.06 	 0.09
107489 	  31770 	 0.04 	 0.08
107489 	  72992 	 0.09 	 0.09
107489 	  77153 	 0.04 	 0.08
107489 	  69633 	 0.06 	 0.09
107489 	  64266 	 0.04 	 0.03
 58416 	  31770 	 0.05 	 0.10
 58416 	  64266 	 0.06 	 0.02
 52786 	   9595 	 0.04 	 0.06
 52786 	  85402 	 0.03 	 0.08
 52786 	  85890 	 0.04 	 0.08
 52786 	  31770 	 0.03 	 0.04
 52786 	  81306 	 0.08 	 0.10
 52786 	  77153 	 0.02 	 0.08
 52786 	  69633 	 0.09 	 0.05
 52786 	  65192 	 0.02 	 0.08
 52786 	  64266 	 0.08 	 0.01
 16404 	  82555 	 0.08 	 0.06
 16404 	  52768 	 0.08 	 0.10
 16404 	   2986 	 0.09 	 0.07
 16404 	  82246 	 0.09 	 0.09
 16404 	  91926 	 0.09 	 0.10
 16404 	  94785 	 0.09 	 0.09
 16404 	  79310 	 0.08 	 0.09
 16404 	 108174 	 0.08 	 0.07
117884 	  64266 	 0.09 	 0.03
105413 	   9595 	 0.04 	 0.04
105413 	  81305 	 0.07 	 0.02
105413 	  90154 	 0.02 	 0.08
105413 	  85402 	 0.03 	 0.06
105413 	  69026 	 0.06 	 0.07
105413 	  75641 	 0.04 	 0.09
105413 	  85890 	 0.04 	 0.07
105413 	  31770 	 0.02 	 0.02
105413 	  81306 	 0.07 	 0.09
105413 	  72992 	 0.06 	 0.03
105413 	  16479 	 0.07 	 0.09
105413 	  77153 	 0.02 	 0.05
105413 	  95336 	 0.03 	 0.06
105413 	  69633 	 0.05 	 0.03
105413 	  65192 	 0.02 	 0.07
105413 	  62649 	 0.03 	 0.08
105413 	  64266 	 0.04 	 0.01
105413 	  16404 	 0.08 	 0.09
124477 	  64266 	 0.06 	 0.02
 81262 	  59539 	 0.09 	 0.08
 81262 	  50275 	 0.08 	 0.05
 81262 	  82555 	 0.07 	 0.06
 81262 	  52768 	 0.09 	 0.07
 81262 	  91926 	 0.07 	 0.05
 81262 	  53672 	 0.08 	 0.08
 81262 	  44074 	 0.09 	 0.06
 81262 	  67362 	 0.06 	 0.08
 81262 	  94785 	 0.08 	 0.09
 81262 	 105733 	 0.09 	 0.05
 81262 	   5103 	 0.06 	 0.05
 81262 	  79310 	 0.06 	 0.06
 81262 	 108273 	 0.08 	 0.06
 81262 	   2996 	 0.09 	 0.05
 81262 	 108174 	 0.08 	 0.05
 81262 	 105413 	 0.09 	 0.02
 48486 	   9595 	 0.07 	 0.04
 48486 	  90154 	 0.03 	 0.05
 48486 	  51213 	 0.09 	 0.06
 48486 	  85402 	 0.07 	 0.06
 48486 	  75641 	 0.05 	 0.04
 48486 	  85890 	 0.05 	 0.06
 48486 	  31770 	 0.05 	 0.05
 48486 	  81306 	 0.08 	 0.03
 48486 	  68681 	 0.06 	 0.08
 48486 	  77153 	 0.03 	 0.04
 48486 	  95336 	 0.04 	 0.06
 48486 	  69633 	 0.09 	 0.03
 48486 	  79768 	 0.09 	 0.03
 48486 	  65192 	 0.03 	 0.06
 48486 	  62649 	 0.05 	 0.05
 48486 	  16404 	 0.08 	 0.03
 48486 	  81262 	 0.09 	 0.03
 37931 	   9595 	 0.03 	 0.04
 37931 	  88141 	 0.07 	 0.06
 37931 	   4793 	 0.08 	 0.04
 37931 	  81305 	 0.04 	 0.03
 37931 	  90154 	 0.01 	 0.04
 37931 	   9967 	 0.07 	 0.04
 37931 	  51213 	 0.09 	 0.07
 37931 	  65408 	 0.08 	 0.05
 37931 	  85402 	 0.02 	 0.04
 37931 	  10217 	 0.09 	 0.05
 37931 	  69026 	 0.03 	 0.04
 37931 	  75641 	 0.03 	 0.04
 37931 	  85890 	 0.03 	 0.04
 37931 	  31770 	 0.01 	 0.02
 37931 	  81306 	 0.06 	 0.05
 37931 	  68681 	 0.07 	 0.05
 37931 	  72992 	 0.03 	 0.03
 37931 	  16479 	 0.03 	 0.04
 37931 	  65887 	 0.06 	 0.05
 37931 	  77153 	 0.01 	 0.04
 37931 	  95336 	 0.02 	 0.05
 37931 	 107568 	 0.09 	 0.04
 37931 	  69633 	 0.04 	 0.05
 37931 	  10274 	 0.09 	 0.06
 37931 	  79768 	 0.09 	 0.04
 37931 	  65192 	 0.02 	 0.04
 37931 	 101673 	 0.09 	 0.05
 37931 	  62649 	 0.02 	 0.04
 37931 	  64266 	 0.05 	 0.03
 37931 	  16404 	 0.07 	 0.06
 37931 	  81262 	 0.04 	 0.06
101648 	  64266 	 0.06 	 0.03
127221 	  77153 	 0.09 	 0.08
127221 	  64266 	 0.09 	 0.02
106697 	  64266 	 0.08 	 0.02
 74286 	  51513 	 0.05 	 0.07
 74286 	  69633 	 0.09 	 0.09
 27623 	   9595 	 0.06 	 0.06
 27623 	  31770 	 0.03 	 0.07
 27623 	  72992 	 0.09 	 0.07
 27623 	  77153 	 0.04 	 0.08
 27623 	  95336 	 0.04 	 0.09
 27623 	  69633 	 0.08 	 0.06
 27623 	  64266 	 0.04 	 0.01
 95781 	  64266 	 0.07 	 0.02
124177 	  64266 	 0.08 	 0.02
116898 	   9595 	 0.07 	 0.06
116898 	  31770 	 0.03 	 0.05
116898 	  77153 	 0.03 	 0.08
116898 	  64266 	 0.03 	 0.02
 51767 	  64266 	 0.05 	 0.01
 74885 	  50275 	 0.01 	 0.10
 74885 	  82246 	 0.04 	 0.07
 74885 	  53672 	 0.01 	 0.08
 74885 	  67362 	 0.04 	 0.09
 74885 	  79310 	 0.02 	 0.08
 74885 	   2996 	 0.02 	 0.03
 74885 	 105413 	 0.02 	 0.07
 74885 	  48486 	 0.02 	 0.06
 74885 	  37931 	 0.01 	 0.04
105156 	  85402 	 0.06 	 0.10
105156 	  31770 	 0.04 	 0.05
105156 	  77153 	 0.04 	 0.09
105156 	  95336 	 0.06 	 0.09
105156 	  64266 	 0.03 	 0.02
 95409 	  64266 	 0.06 	 0.02
124225 	  64266 	 0.09 	 0.04
 99213 	  64266 	 0.08 	 0.02
 98469 	  64266 	 0.07 	 0.02
119685 	  64266 	 0.08 	 0.02
121308 	   9595 	 0.07 	 0.10
121308 	  31770 	 0.04 	 0.08
121308 	  69633 	 0.06 	 0.06
121308 	  81262 	 0.09 	 0.06
128471 	  64266 	 0.08 	 0.02
 77148 	  50275 	 0.03 	 0.10
 77148 	  93163 	 0.03 	 0.09
 77148 	  92014 	 0.05 	 0.06
 77148 	  39079 	 0.04 	 0.10
 77148 	  91563 	 0.05 	 0.08
 77148 	  82555 	 0.02 	 0.04
 77148 	  52768 	 0.02 	 0.07
 77148 	   2986 	 0.05 	 0.09
 77148 	   5543 	 0.07 	 0.07
 77148 	 105200 	 0.05 	 0.05
 77148 	 122022 	 0.09 	 0.10
 77148 	  70752 	 0.06 	 0.06
 77148 	   8980 	 0.07 	 0.08
 77148 	 113027 	 0.05 	 0.07
 77148 	  28241 	 0.05 	 0.07
 77148 	  82246 	 0.04 	 0.06
 77148 	  91926 	 0.04 	 0.07
 77148 	 117081 	 0.07 	 0.07
 77148 	  92250 	 0.07 	 0.05
 77148 	  82503 	 0.03 	 0.01
 77148 	  51289 	 0.06 	 0.08
 77148 	 111407 	 0.06 	 0.09
 77148 	  65863 	 0.06 	 0.08
 77148 	  53672 	 0.02 	 0.09
 77148 	 105970 	 0.08 	 0.06
 77148 	  58481 	 0.06 	 0.06
 77148 	  70646 	 0.06 	 0.08
 77148 	 126216 	 0.06 	 0.07
 77148 	 105733 	 0.03 	 0.08
 77148 	   5103 	 0.04 	 0.08
 77148 	   5133 	 0.05 	 0.10
 77148 	  51513 	 0.08 	 0.05
 77148 	 108127 	 0.06 	 0.08
 77148 	 114673 	 0.09 	 0.06
 77148 	  79310 	 0.04 	 0.07
 77148 	 107458 	 0.08 	 0.09
 77148 	   2996 	 0.02 	 0.04
 77148 	 108174 	 0.03 	 0.06
 77148 	 107489 	 0.05 	 0.07
 77148 	  52786 	 0.03 	 0.08
 77148 	 105413 	 0.03 	 0.06
 77148 	  48486 	 0.04 	 0.04
 77148 	  37931 	 0.02 	 0.04
 77148 	  27623 	 0.05 	 0.08
 77148 	 116898 	 0.05 	 0.07
 77148 	 105156 	 0.05 	 0.09
 96223 	  64266 	 0.09 	 0.02
  3715 	   9595 	 0.07 	 0.08
  3715 	  31770 	 0.04 	 0.08
  3715 	  69633 	 0.07 	 0.07
  3715 	  64266 	 0.05 	 0.02
  3715 	  81262 	 0.09 	 0.06
115258 	  64266 	 0.06 	 0.02
126248 	  64266 	 0.07 	 0.02
102995 	  64266 	 0.08 	 0.03
118432 	  64266 	 0.07 	 0.04
  2267 	  85890 	 0.09 	 0.09
  2267 	  77153 	 0.07 	 0.09
  2267 	  65192 	 0.06 	 0.10
  2267 	  77148 	 0.08 	 0.09
   514 	   9595 	 0.09 	 0.07
   514 	  90154 	 0.03 	 0.09
   514 	  51213 	 0.08 	 0.07
   514 	  85402 	 0.07 	 0.07
   514 	  69026 	 0.09 	 0.08
   514 	  75641 	 0.07 	 0.09
   514 	  85890 	 0.05 	 0.09
   514 	  31770 	 0.04 	 0.06
   514 	  68681 	 0.09 	 0.08
   514 	  77153 	 0.03 	 0.07
   514 	  95336 	 0.05 	 0.08
   514 	 107568 	 0.08 	 0.09
   514 	  69633 	 0.06 	 0.08
   514 	  65192 	 0.03 	 0.09
   514 	  62649 	 0.05 	 0.09
   514 	  81262 	 0.07 	 0.06
   514 	  77148 	 0.04 	 0.07
 82463 	  59539 	 0.09 	 0.10
 82463 	  50275 	 0.08 	 0.06
 82463 	  82555 	 0.07 	 0.06
 82463 	  52768 	 0.07 	 0.07
 82463 	  53672 	 0.08 	 0.06
 82463 	 105733 	 0.09 	 0.05
 82463 	   5103 	 0.06 	 0.09
 82463 	  79310 	 0.09 	 0.06
 82463 	  37464 	 0.09 	 0.06
 82463 	 108273 	 0.08 	 0.09
 82463 	   2996 	 0.09 	 0.05
 82463 	 108174 	 0.08 	 0.06
 82463 	 105413 	 0.08 	 0.02
 82463 	  37931 	 0.06 	 0.04
115465 	  64266 	 0.08 	 0.03
107890 	  31770 	 0.08 	 0.07
107890 	  77153 	 0.09 	 0.07
107890 	  69633 	 0.09 	 0.07
107890 	  64266 	 0.03 	 0.01
107890 	  77148 	 0.08 	 0.07
 95790 	  69633 	 0.08 	 0.07
 95790 	  64266 	 0.09 	 0.02
101486 	  64266 	 0.08 	 0.04
101809 	  64266 	 0.08 	 0.02
 48728 	  59539 	 0.09 	 0.05
 48728 	  50275 	 0.08 	 0.05
 48728 	  82555 	 0.07 	 0.07
 48728 	  52768 	 0.09 	 0.07
 48728 	  91926 	 0.06 	 0.04
 48728 	  53672 	 0.08 	 0.07
 48728 	  44074 	 0.09 	 0.05
 48728 	  67362 	 0.06 	 0.06
 48728 	 105733 	 0.09 	 0.04
 48728 	   5103 	 0.04 	 0.04
 48728 	 108273 	 0.08 	 0.04
 48728 	   2996 	 0.09 	 0.05
 48728 	 108174 	 0.08 	 0.04
 48728 	 105413 	 0.09 	 0.02
 48728 	  48486 	 0.09 	 0.03
 48728 	  37931 	 0.06 	 0.06
 48728 	 121308 	 0.07 	 0.05
 48728 	   3715 	 0.09 	 0.04
 48728 	    514 	 0.09 	 0.05
109399 	   9595 	 0.04 	 0.06
109399 	  81305 	 0.06 	 0.06
109399 	  69026 	 0.06 	 0.08
109399 	  31770 	 0.02 	 0.06
109399 	  81306 	 0.07 	 0.09
109399 	  72992 	 0.05 	 0.06
109399 	  77153 	 0.02 	 0.07
109399 	  69633 	 0.05 	 0.05
109399 	  64266 	 0.06 	 0.01
109399 	  16404 	 0.07 	 0.10
109399 	  81262 	 0.06 	 0.06
109399 	  77148 	 0.03 	 0.07
109399 	  48728 	 0.06 	 0.04
 86335 	  82555 	 0.05 	 0.03
 86335 	  53672 	 0.05 	 0.09
 86335 	  79310 	 0.07 	 0.06
 86335 	   2996 	 0.08 	 0.04
 86335 	 105413 	 0.07 	 0.07
 86335 	  37931 	 0.05 	 0.04
 61797 	  50275 	 0.08 	 0.10
 61797 	  82555 	 0.05 	 0.04
 61797 	  79310 	 0.07 	 0.08
 61797 	   2996 	 0.08 	 0.03
 61797 	 108174 	 0.05 	 0.09
 61797 	 105413 	 0.07 	 0.08
 61797 	  37931 	 0.05 	 0.04
 95513 	  64266 	 0.06 	 0.02
 94015 	  31770 	 0.06 	 0.07
117213 	  31770 	 0.04 	 0.06
117213 	  77153 	 0.05 	 0.08
117213 	  77148 	 0.06 	 0.08
 94005 	   9595 	 0.06 	 0.08
 94005 	  85402 	 0.05 	 0.09
 94005 	  31770 	 0.04 	 0.08
 94005 	  77153 	 0.04 	 0.09
 94005 	  95336 	 0.05 	 0.09
 94005 	  69633 	 0.06 	 0.09
 94005 	  77148 	 0.04 	 0.09
123976 	  31770 	 0.06 	 0.09
123976 	  64266 	 0.09 	 0.02
 18023 	  31770 	 0.07 	 0.08
 65978 	  64266 	 0.08 	 0.04
129747 	  64266 	 0.08 	 0.04
109086 	   9595 	 0.06 	 0.08
109086 	  31770 	 0.03 	 0.08
109086 	  72992 	 0.08 	 0.07
109086 	  69633 	 0.05 	 0.07
109086 	  64266 	 0.04 	 0.02
109086 	  81262 	 0.08 	 0.05
109086 	  48728 	 0.08 	 0.04
 76438 	  51513 	 0.05 	 0.07
 76438 	  69633 	 0.09 	 0.09
122891 	  64266 	 0.05 	 0.03
124881 	  31770 	 0.06 	 0.08
124881 	  64266 	 0.08 	 0.02
124881 	  77148 	 0.08 	 0.10
105523 	  51513 	 0.05 	 0.07
105523 	  81262 	 0.07 	 0.10
105523 	  48728 	 0.07 	 0.07
129421 	  31770 	 0.05 	 0.10
113610 	  64266 	 0.06 	 0.03
103091 	  64266 	 0.08 	 0.04
 67993 	 127102 	 0.08 	 0.07
 67993 	  59539 	 0.04 	 0.09
 67993 	  93163 	 0.04 	 0.08
 67993 	  92014 	 0.05 	 0.05
 67993 	  39079 	 0.04 	 0.08
 67993 	  91563 	 0.05 	 0.07
 67993 	  82555 	 0.03 	 0.03
 67993 	  52768 	 0.03 	 0.07
 67993 	   2986 	 0.06 	 0.10
 67993 	   5543 	 0.07 	 0.06
 67993 	 128844 	 0.08 	 0.06
 67993 	 105200 	 0.05 	 0.05
 67993 	 122022 	 0.07 	 0.07
 67993 	  70752 	 0.05 	 0.06
 67993 	   8980 	 0.07 	 0.08
 67993 	 113027 	 0.05 	 0.08
 67993 	  28241 	 0.08 	 0.07
 67993 	 130983 	 0.08 	 0.06
 67993 	  82246 	 0.05 	 0.07
 67993 	  91926 	 0.05 	 0.08
 67993 	 117081 	 0.08 	 0.07
 67993 	  92250 	 0.09 	 0.06
 67993 	  82503 	 0.04 	 0.02
 67993 	  51289 	 0.06 	 0.05
 67993 	  94264 	 0.09 	 0.09
 67993 	 111407 	 0.05 	 0.08
 67993 	  65863 	 0.05 	 0.07
 67993 	  53672 	 0.03 	 0.07
 67993 	 105970 	 0.08 	 0.07
 67993 	  67362 	 0.09 	 0.09
 67993 	  58481 	 0.08 	 0.06
 67993 	  70646 	 0.08 	 0.07
 67993 	 126216 	 0.06 	 0.07
 67993 	 124419 	 0.09 	 0.10
 67993 	  52894 	 0.08 	 0.08
 67993 	 105733 	 0.04 	 0.08
 67993 	   5103 	 0.03 	 0.08
 67993 	 108127 	 0.06 	 0.08
 67993 	 120065 	 0.05 	 0.10
 67993 	  79310 	 0.04 	 0.06
 67993 	 107458 	 0.08 	 0.09
 67993 	  37464 	 0.05 	 0.06
 67993 	   2996 	 0.03 	 0.04
 67993 	  92527 	 0.09 	 0.08
 67993 	 108174 	 0.03 	 0.05
 67993 	  58632 	 0.06 	 0.10
 67993 	 107489 	 0.06 	 0.09
 67993 	  52786 	 0.04 	 0.07
 67993 	 105413 	 0.04 	 0.04
 67993 	  48486 	 0.05 	 0.05
 67993 	  37931 	 0.02 	 0.03
 67993 	  27623 	 0.06 	 0.08
 67993 	 116898 	 0.05 	 0.07
 67993 	 105156 	 0.06 	 0.07
 67993 	   3715 	 0.05 	 0.09
 67993 	    514 	 0.04 	 0.07
 67993 	 107890 	 0.09 	 0.08
 67993 	 109399 	 0.02 	 0.07
 67993 	  94015 	 0.08 	 0.08
 67993 	 117213 	 0.08 	 0.08
 67993 	  94005 	 0.07 	 0.09
 67993 	  18023 	 0.09 	 0.08
 67993 	 109086 	 0.04 	 0.09
 67993 	 124881 	 0.09 	 0.10
 98991 	  64266 	 0.07 	 0.03
110898 	  64266 	 0.07 	 0.03
 61753 	  82555 	 0.02 	 0.04
 61753 	 105200 	 0.05 	 0.07
 61753 	  28241 	 0.04 	 0.07
 61753 	  82246 	 0.04 	 0.06
 61753 	  82503 	 0.03 	 0.02
 61753 	  51289 	 0.07 	 0.10
 61753 	  58481 	 0.05 	 0.09
 61753 	  51513 	 0.07 	 0.06
 61753 	  79310 	 0.03 	 0.08
 61753 	  37464 	 0.05 	 0.10
 61753 	   2996 	 0.04 	 0.03
 61753 	 108174 	 0.03 	 0.10
 61753 	  82318 	 0.09 	 0.08
 61753 	  64266 	 0.05 	 0.04
 61753 	 105413 	 0.03 	 0.08
 61753 	  48486 	 0.05 	 0.05
 61753 	  37931 	 0.02 	 0.04
 61753 	   2267 	 0.07 	 0.10
 61753 	    514 	 0.06 	 0.10
 93696 	  31770 	 0.08 	 0.07
 93696 	  64266 	 0.06 	 0.01
119884 	   9595 	 0.04 	 0.04
119884 	  81305 	 0.05 	 0.04
119884 	  90154 	 0.02 	 0.08
119884 	  85402 	 0.03 	 0.07
119884 	  69026 	 0.05 	 0.05
119884 	  75641 	 0.04 	 0.09
119884 	  85890 	 0.05 	 0.08
119884 	  31770 	 0.02 	 0.05
119884 	  68681 	 0.09 	 0.10
119884 	  72992 	 0.05 	 0.06
119884 	  16479 	 0.05 	 0.10
119884 	  65887 	 0.09 	 0.09
119884 	  77153 	 0.02 	 0.05
119884 	  95336 	 0.03 	 0.09
119884 	  69633 	 0.04 	 0.03
119884 	  65192 	 0.02 	 0.08
119884 	  62649 	 0.02 	 0.08
119884 	  64266 	 0.05 	 0.01
119884 	  16404 	 0.08 	 0.05
119884 	  81262 	 0.05 	 0.03
119884 	  77148 	 0.02 	 0.06
119884 	  82463 	 0.05 	 0.05
119884 	  48728 	 0.05 	 0.03
119884 	  86335 	 0.06 	 0.09
119884 	  61797 	 0.06 	 0.08
119884 	  67993 	 0.03 	 0.05
119884 	  61753 	 0.02 	 0.08
110974 	  64266 	 0.09 	 0.03
123022 	  64266 	 0.06 	 0.03
100744 	  31770 	 0.04 	 0.09
122171 	  31770 	 0.06 	 0.07
122171 	  77153 	 0.06 	 0.10
122171 	  69633 	 0.08 	 0.10
122171 	  77148 	 0.07 	 0.10
122171 	  67993 	 0.08 	 0.09
115883 	  64266 	 0.06 	 0.02
103973 	  31770 	 0.08 	 0.06
103973 	  64266 	 0.07 	 0.01
103973 	  77148 	 0.09 	 0.07
 67672 	  82555 	 0.06 	 0.04
 67672 	  52768 	 0.08 	 0.10
 67672 	  82503 	 0.09 	 0.01
 67672 	  53672 	 0.05 	 0.09
 67672 	   5103 	 0.04 	 0.09
 67672 	  79310 	 0.08 	 0.09
 67672 	   2996 	 0.08 	 0.03
 67672 	 108174 	 0.05 	 0.07
 67672 	 105413 	 0.08 	 0.07
 67672 	  48486 	 0.09 	 0.04
 67672 	  37931 	 0.05 	 0.05
 67672 	    514 	 0.09 	 0.08
 67672 	 109399 	 0.06 	 0.09
 67672 	 119884 	 0.06 	 0.07
111227 	  31770 	 0.04 	 0.09
111227 	  77153 	 0.04 	 0.10
111227 	  69633 	 0.06 	 0.07
111227 	  64266 	 0.04 	 0.01
111227 	  77148 	 0.05 	 0.09
111227 	  67993 	 0.06 	 0.09
 52250 	  64266 	 0.05 	 0.05
121157 	  31770 	 0.06 	 0.08
121157 	  77153 	 0.07 	 0.09
121157 	  64266 	 0.04 	 0.02
121157 	  77148 	 0.08 	 0.09
121157 	  67993 	 0.09 	 0.08
 81503 	   9595 	 0.06 	 0.06
 81503 	  81305 	 0.07 	 0.06
 81503 	  90154 	 0.03 	 0.06
 81503 	  51213 	 0.05 	 0.06
 81503 	  85402 	 0.07 	 0.07
 81503 	  10217 	 0.09 	 0.05
 81503 	  69026 	 0.05 	 0.04
 81503 	  75641 	 0.06 	 0.06
 81503 	  85890 	 0.06 	 0.06
 81503 	  31770 	 0.04 	 0.07
 81503 	  81306 	 0.07 	 0.05
 81503 	  68681 	 0.09 	 0.05
 81503 	  77153 	 0.05 	 0.06
 81503 	  95336 	 0.04 	 0.05
 81503 	 107568 	 0.06 	 0.07
 81503 	  69633 	 0.05 	 0.06
 81503 	  10274 	 0.07 	 0.05
 81503 	  79768 	 0.09 	 0.06
 81503 	  65192 	 0.05 	 0.06
 81503 	  62649 	 0.06 	 0.06
 81503 	  64266 	 0.05 	 0.03
 81503 	  16404 	 0.07 	 0.05
 81503 	  81262 	 0.06 	 0.04
 81503 	  74885 	 0.03 	 0.06
 81503 	  77148 	 0.06 	 0.05
 81503 	  70314 	 0.09 	 0.07
 81503 	  48728 	 0.06 	 0.05
 81503 	  67993 	 0.05 	 0.06
 81503 	  61753 	 0.05 	 0.06
 81503 	  67672 	 0.09 	 0.04
123045 	  64266 	 0.09 	 0.04
  2268 	   9595 	 0.08 	 0.09
  2268 	  51213 	 0.08 	 0.09
  2268 	  85402 	 0.07 	 0.08
  2268 	  85890 	 0.07 	 0.10
  2268 	  31770 	 0.04 	 0.07
  2268 	  95336 	 0.05 	 0.08
  2268 	  69633 	 0.06 	 0.10
  2268 	  65192 	 0.03 	 0.10
  2268 	  81262 	 0.05 	 0.08
  2268 	  48728 	 0.06 	 0.07
  2268 	  67993 	 0.05 	 0.09
126651 	  64266 	 0.07 	 0.04
 92509 	   9595 	 0.07 	 0.06
 92509 	  31770 	 0.03 	 0.06
 92509 	  72992 	 0.09 	 0.08
 92509 	  77153 	 0.03 	 0.08
 92509 	  77148 	 0.05 	 0.08
 92509 	  67993 	 0.05 	 0.07
 82242 	   9595 	 0.06 	 0.08
 82242 	  81305 	 0.08 	 0.10
 82242 	  31770 	 0.02 	 0.09
 82242 	  81306 	 0.07 	 0.08
 82242 	  72992 	 0.07 	 0.09
 82242 	  77153 	 0.03 	 0.09
 82242 	  69633 	 0.04 	 0.07
 82242 	  10274 	 0.08 	 0.07
 82242 	  79768 	 0.09 	 0.08
 82242 	  64266 	 0.05 	 0.02
 82242 	  16404 	 0.07 	 0.07
 82242 	  81262 	 0.05 	 0.07
 82242 	  77148 	 0.04 	 0.08
 82242 	  48728 	 0.05 	 0.05
 82242 	  67993 	 0.03 	 0.09
113681 	  64266 	 0.06 	 0.02
 75661 	   2332 	 0.09 	 0.09
 75661 	  64266 	 0.07 	 0.03
 66563 	  31770 	 0.05 	 0.09
 62878 	   9595 	 0.06 	 0.09
 62878 	  90154 	 0.04 	 0.09
 62878 	  85402 	 0.05 	 0.06
 62878 	  85890 	 0.06 	 0.09
 62878 	  31770 	 0.05 	 0.06
 62878 	  95336 	 0.05 	 0.08
 62878 	  65192 	 0.04 	 0.08
 62878 	  62649 	 0.04 	 0.09
 62878 	  64266 	 0.05 	 0.02
 62878 	  67993 	 0.07 	 0.09
 62878 	  61753 	 0.05 	 0.10
100172 	  64266 	 0.09 	 0.04
108160 	  64266 	 0.09 	 0.02
 77586 	  31770 	 0.05 	 0.06
 77586 	  77153 	 0.05 	 0.08
 77586 	  64266 	 0.09 	 0.01
 77586 	  77148 	 0.06 	 0.08
 77586 	  67993 	 0.09 	 0.07
128300 	  64266 	 0.07 	 0.03
 50309 	  90154 	 0.04 	 0.10
 50309 	  85402 	 0.06 	 0.09
 50309 	  31770 	 0.05 	 0.09
 50309 	  77153 	 0.05 	 0.10
 50309 	  62649 	 0.06 	 0.10
 50309 	  64266 	 0.02 	 0.02
 50309 	  77148 	 0.06 	 0.10
 59944 	  59539 	 0.04 	 0.08
 59944 	  50275 	 0.05 	 0.09
 59944 	  93163 	 0.09 	 0.06
 59944 	  39079 	 0.08 	 0.06
 59944 	  91563 	 0.06 	 0.06
 59944 	  82555 	 0.05 	 0.03
 59944 	  52768 	 0.04 	 0.06
 59944 	 105200 	 0.08 	 0.06
 59944 	  70752 	 0.09 	 0.05
 59944 	 113027 	 0.09 	 0.06
 59944 	  28241 	 0.08 	 0.08
 59944 	 114379 	 0.08 	 0.08
 59944 	  91926 	 0.07 	 0.07
 59944 	  82503 	 0.06 	 0.02
 59944 	 114535 	 0.08 	 0.10
 59944 	  96113 	 0.09 	 0.09
 59944 	  51289 	 0.07 	 0.06
 59944 	 111407 	 0.08 	 0.07
 59944 	  65863 	 0.07 	 0.05
 59944 	  53672 	 0.04 	 0.06
 59944 	 105970 	 0.08 	 0.06
 59944 	  44074 	 0.09 	 0.08
 59944 	  70646 	 0.08 	 0.06
 59944 	 126216 	 0.06 	 0.06
 59944 	 105733 	 0.05 	 0.05
 59944 	 103296 	 0.06 	 0.08
 59944 	   5103 	 0.03 	 0.06
 59944 	   5133 	 0.08 	 0.09
 59944 	  79310 	 0.07 	 0.05
 59944 	  37464 	 0.08 	 0.07
 59944 	   2996 	 0.05 	 0.05
 59944 	 108174 	 0.05 	 0.05
 59944 	  64266 	 0.08 	 0.07
 59944 	  52786 	 0.08 	 0.04
 59944 	 105413 	 0.07 	 0.02
 59944 	  48486 	 0.07 	 0.05
 59944 	  37931 	 0.04 	 0.03
 59944 	  27623 	 0.07 	 0.07
 59944 	 116898 	 0.08 	 0.05
 59944 	 121308 	 0.09 	 0.07
 59944 	   3715 	 0.09 	 0.07
 59944 	    514 	 0.08 	 0.07
 59944 	 109399 	 0.05 	 0.06
 59944 	 109086 	 0.08 	 0.07
 59944 	 129421 	 0.08 	 0.10
 59944 	 119884 	 0.04 	 0.05
 59944 	 111227 	 0.09 	 0.09
 59944 	  81503 	 0.08 	 0.07
 59944 	  92509 	 0.09 	 0.06
 59944 	  82242 	 0.08 	 0.09
 59944 	  62878 	 0.08 	 0.07
 80885 	 108174 	 0.09 	 0.06
 80885 	  37931 	 0.09 	 0.04
 80885 	  81503 	 0.09 	 0.06
 66886 	  59539 	 0.02 	 0.08
 66886 	  82246 	 0.03 	 0.08
 66886 	  96113 	 0.03 	 0.10
 66886 	  44074 	 0.03 	 0.08
 66886 	 105733 	 0.02 	 0.05
 66886 	   5103 	 0.01 	 0.06
 66886 	  37931 	 0.01 	 0.02
 66886 	   3715 	 0.03 	 0.08
 66886 	    514 	 0.03 	 0.06
 66886 	 119884 	 0.02 	 0.05
 66886 	 111227 	 0.02 	 0.09
103733 	  64266 	 0.08 	 0.03
 74664 	  51513 	 0.05 	 0.07
 74664 	  69633 	 0.09 	 0.09
106244 	  64266 	 0.07 	 0.02
100737 	  64266 	 0.08 	 0.02
108765 	  31770 	 0.05 	 0.09
108765 	  69633 	 0.09 	 0.08
108765 	  64266 	 0.05 	 0.02
108765 	  67993 	 0.09 	 0.10
119270 	  31770 	 0.07 	 0.10
126646 	  64266 	 0.05 	 0.04
103038 	  64266 	 0.08 	 0.02
126048 	  64266 	 0.06 	 0.03
 99548 	  31770 	 0.07 	 0.07
 99548 	  67993 	 0.08 	 0.09
  7854 	   9595 	 0.06 	 0.08
  7854 	  31770 	 0.04 	 0.09
  7854 	  69633 	 0.08 	 0.08
  7854 	  81262 	 0.08 	 0.06
  7854 	  48728 	 0.08 	 0.05
  7854 	  67993 	 0.05 	 0.10
127707 	  64266 	 0.06 	 0.03
126274 	  64266 	 0.05 	 0.03
124069 	  64266 	 0.08 	 0.03
119890 	  31770 	 0.06 	 0.08
119890 	  77148 	 0.07 	 0.07
119890 	  67993 	 0.09 	 0.08
 41611 	  51513 	 0.05 	 0.07
 41611 	  69633 	 0.09 	 0.08
127382 	  64266 	 0.09 	 0.03
 60615 	  50275 	 0.03 	 0.10
 60615 	  82555 	 0.02 	 0.04
 60615 	 105200 	 0.04 	 0.07
 60615 	  28241 	 0.03 	 0.07
 60615 	  82246 	 0.04 	 0.06
 60615 	  82503 	 0.03 	 0.04
 60615 	  51289 	 0.06 	 0.05
 60615 	  65863 	 0.05 	 0.09
 60615 	  53672 	 0.03 	 0.08
 60615 	 105733 	 0.04 	 0.10
 60615 	  51513 	 0.08 	 0.06
 60615 	  79310 	 0.03 	 0.08
 60615 	  37464 	 0.05 	 0.05
 60615 	   2996 	 0.04 	 0.03
 60615 	  82318 	 0.08 	 0.09
 60615 	  64266 	 0.04 	 0.03
 60615 	  52786 	 0.05 	 0.10
 60615 	 105413 	 0.03 	 0.08
 60615 	  48486 	 0.03 	 0.05
 60615 	  37931 	 0.02 	 0.03
 60615 	  65782 	 0.06 	 0.09
 60615 	   2267 	 0.06 	 0.10
 60615 	    514 	 0.05 	 0.07
 60615 	 119884 	 0.02 	 0.09
 60615 	  81503 	 0.05 	 0.05
 60615 	   2268 	 0.06 	 0.09
 60615 	  62878 	 0.05 	 0.07
 60615 	  50309 	 0.06 	 0.10
103084 	  64266 	 0.08 	 0.02
130419 	  64266 	 0.07 	 0.01
 68575 	  31770 	 0.07 	 0.07
 68575 	  64266 	 0.09 	 0.03
117924 	  64266 	 0.09 	 0.02
 62617 	  51513 	 0.05 	 0.07
 62617 	  69633 	 0.09 	 0.09
126992 	  64266 	 0.08 	 0.04
 96495 	  31770 	 0.06 	 0.09
 96495 	  64266 	 0.09 	 0.03
 51984 	  31770 	 0.04 	 0.07
 51984 	  64266 	 0.07 	 0.02
105872 	  90154 	 0.03 	 0.10
105872 	  85890 	 0.08 	 0.09
105872 	  31770 	 0.04 	 0.08
105872 	  77153 	 0.04 	 0.09
105872 	  95336 	 0.05 	 0.09
105872 	  62649 	 0.04 	 0.10
105872 	  64266 	 0.04 	 0.04
105872 	  77148 	 0.06 	 0.08
105872 	  67993 	 0.05 	 0.08
105872 	  61753 	 0.05 	 0.10
105872 	  60615 	 0.04 	 0.09
101248 	  64266 	 0.07 	 0.02
124765 	  31770 	 0.05 	 0.08
124765 	  77153 	 0.07 	 0.10
124765 	  64266 	 0.04 	 0.02
124765 	  77148 	 0.07 	 0.10
 95929 	  64266 	 0.08 	 0.02
 97187 	  64266 	 0.08 	 0.02
 90122 	   9595 	 0.08 	 0.10
 90122 	  31770 	 0.04 	 0.09
 90122 	  77148 	 0.06 	 0.10
 90122 	  59944 	 0.09 	 0.09
