113401 	   9595 	 0.21 	 0.10
205919 	  88141 	 0.26 	 0.09
 82555 	  96511 	 0.28 	 0.08
 82555 	 102380 	 0.27 	 0.08
 82555 	 119680 	 0.23 	 0.05
 82555 	 126869 	 0.26 	 0.09
 52768 	 205919 	 0.20 	 0.09
 52768 	  95182 	 0.20 	 0.08
106302 	  82555 	 0.24 	 0.08
105200 	 205919 	 0.22 	 0.05
105200 	  95182 	 0.24 	 0.06
 15511 	  82555 	 0.21 	 0.07
127533 	  82555 	 0.20 	 0.09
114621 	  81305 	 0.26 	 0.10
109693 	   9595 	 0.20 	 0.09
122022 	  81305 	 0.21 	 0.06
 28241 	   4793 	 0.20 	 0.09
 28241 	 205919 	 0.22 	 0.08
 28241 	  95182 	 0.21 	 0.09
 82246 	 118052 	 0.20 	 0.10
 82246 	  93163 	 0.24 	 0.09
 82246 	  39079 	 0.24 	 0.10
 82246 	  91563 	 0.28 	 0.08
 82246 	 205919 	 0.22 	 0.07
 82246 	 127242 	 0.27 	 0.09
 82246 	  75030 	 0.22 	 0.09
 82246 	 114621 	 0.22 	 0.08
 82246 	 122022 	 0.26 	 0.09
 82246 	  96738 	 0.23 	 0.10
 82246 	   8980 	 0.23 	 0.09
 82246 	   9967 	 0.22 	 0.08
126721 	  82246 	 0.20 	 0.09
102278 	  82555 	 0.24 	 0.07
102278 	  82246 	 0.20 	 0.07
 65408 	  95573 	 0.25 	 0.10
 65408 	   2986 	 0.29 	 0.10
 29716 	  81305 	 0.26 	 0.09
101280 	  82555 	 0.20 	 0.09
127649 	  82246 	 0.20 	 0.09
 95603 	  82246 	 0.26 	 0.08
 10217 	  80370 	 0.27 	 0.07
 10217 	  62372 	 0.20 	 0.07
 10217 	 127533 	 0.22 	 0.09
 10217 	 109693 	 0.20 	 0.05
 10217 	  18307 	 0.22 	 0.07
 10217 	 130780 	 0.21 	 0.07
 10217 	  51213 	 0.26 	 0.07
 10217 	  29716 	 0.20 	 0.06
 10217 	 101280 	 0.20 	 0.08
 10217 	 101160 	 0.25 	 0.09
 90147 	  52768 	 0.27 	 0.08
 90147 	   5543 	 0.27 	 0.08
 90147 	   8980 	 0.29 	 0.10
 91926 	  95182 	 0.20 	 0.08
117081 	  81305 	 0.24 	 0.07
117081 	   9967 	 0.26 	 0.07
117081 	  10217 	 0.22 	 0.07
 92250 	  81305 	 0.20 	 0.04
 92250 	  62372 	 0.24 	 0.08
 92250 	  18307 	 0.24 	 0.07
 92250 	  51213 	 0.21 	 0.09
 92250 	  29716 	 0.22 	 0.07
 92250 	  63310 	 0.21 	 0.08
 82503 	 113401 	 0.26 	 0.07
 82503 	  96511 	 0.26 	 0.05
 82503 	 119680 	 0.24 	 0.04
 82503 	 205919 	 0.25 	 0.03
 82503 	 126869 	 0.28 	 0.07
 82503 	  95182 	 0.22 	 0.03
 82503 	   2986 	 0.29 	 0.07
 82503 	 109693 	 0.28 	 0.09
 82503 	  96738 	 0.26 	 0.06
 82503 	  91848 	 0.20 	 0.05
 82503 	 101280 	 0.21 	 0.05
 82503 	 103813 	 0.20 	 0.08
 82503 	 101160 	 0.23 	 0.09
 31490 	  82555 	 0.27 	 0.06
 69026 	 100225 	 0.24 	 0.09
 69026 	 105455 	 0.20 	 0.07
 69026 	 117081 	 0.22 	 0.08
 96113 	 205919 	 0.21 	 0.08
 96113 	  95182 	 0.28 	 0.10
 96113 	  82503 	 0.24 	 0.05
129859 	  82246 	 0.21 	 0.10
102078 	  10217 	 0.21 	 0.09
 51289 	 117891 	 0.20 	 0.09
 51289 	  96738 	 0.23 	 0.09
 51289 	  10217 	 0.27 	 0.07
 51289 	  96113 	 0.27 	 0.09
111407 	  95182 	 0.23 	 0.08
113290 	  82503 	 0.25 	 0.06
113290 	  51289 	 0.22 	 0.08
122840 	  10217 	 0.23 	 0.09
122840 	  82503 	 0.27 	 0.08
100909 	   9595 	 0.20 	 0.09
100909 	  82503 	 0.27 	 0.08
 65863 	  63310 	 0.20 	 0.09
 65863 	  10217 	 0.21 	 0.06
 53672 	 100617 	 0.26 	 0.10
 53672 	  94908 	 0.29 	 0.08
 53672 	  92753 	 0.27 	 0.10
 53672 	  96511 	 0.27 	 0.09
 53672 	 117891 	 0.22 	 0.09
 53672 	  92014 	 0.24 	 0.08
 53672 	 130665 	 0.22 	 0.09
 53672 	  75030 	 0.25 	 0.08
 53672 	 110571 	 0.24 	 0.10
 53672 	  96738 	 0.21 	 0.10
 53672 	 126626 	 0.24 	 0.09
 53672 	 126721 	 0.24 	 0.10
 53672 	 101160 	 0.21 	 0.09
 53672 	  95442 	 0.25 	 0.10
 53672 	   5646 	 0.24 	 0.09
108185 	  82246 	 0.29 	 0.10
108185 	  10217 	 0.21 	 0.05
108185 	  82503 	 0.29 	 0.05
108185 	  53672 	 0.23 	 0.08
117951 	  81305 	 0.25 	 0.09
117951 	  82246 	 0.23 	 0.09
105970 	  95182 	 0.26 	 0.10
 44074 	  82555 	 0.20 	 0.06
 44074 	 105200 	 0.21 	 0.08
 44074 	  28241 	 0.21 	 0.10
 44074 	  82246 	 0.27 	 0.06
 44074 	  90147 	 0.21 	 0.10
 44074 	 117081 	 0.26 	 0.09
 44074 	  92250 	 0.26 	 0.09
127855 	  10217 	 0.20 	 0.04
116115 	  28241 	 0.25 	 0.10
116115 	 117081 	 0.29 	 0.10
116115 	  82503 	 0.25 	 0.08
127451 	  10217 	 0.20 	 0.08
130218 	  53672 	 0.27 	 0.08
 67362 	  82555 	 0.24 	 0.10
 67362 	  82503 	 0.29 	 0.05
119111 	  10217 	 0.21 	 0.09
 93950 	  82246 	 0.26 	 0.10
 93950 	  90147 	 0.26 	 0.09
 93950 	  53672 	 0.28 	 0.08
 58481 	   4793 	 0.22 	 0.06
 58481 	  95182 	 0.26 	 0.08
 58481 	   9967 	 0.27 	 0.07
 58481 	  65408 	 0.25 	 0.08
 58481 	  63310 	 0.21 	 0.10
 58481 	  10217 	 0.23 	 0.06
 58481 	  44074 	 0.24 	 0.10
 70646 	 205919 	 0.28 	 0.08
 70646 	  95182 	 0.24 	 0.09
 70646 	  10217 	 0.24 	 0.02
 67846 	  53672 	 0.20 	 0.08
 53106 	  82555 	 0.28 	 0.05
 53106 	  10217 	 0.25 	 0.06
105815 	  81305 	 0.26 	 0.08
 81306 	 117081 	 0.22 	 0.07
 81306 	  92250 	 0.22 	 0.07
 81306 	 113290 	 0.23 	 0.10
 81306 	 100909 	 0.23 	 0.09
101892 	  10217 	 0.23 	 0.05
126216 	 205919 	 0.20 	 0.08
126216 	  82246 	 0.29 	 0.09
130986 	  82246 	 0.28 	 0.08
 94785 	  95182 	 0.28 	 0.10
115173 	   9595 	 0.20 	 0.09
128492 	  53672 	 0.22 	 0.08
 91637 	  82246 	 0.24 	 0.09
 91637 	  53672 	 0.24 	 0.10
102383 	  53672 	 0.25 	 0.09
  2332 	  94332 	 0.22 	 0.09
  2332 	  53672 	 0.20 	 0.09
122251 	 105200 	 0.20 	 0.10
122251 	  82246 	 0.21 	 0.09
122251 	  82503 	 0.20 	 0.05
125161 	  82246 	 0.27 	 0.06
125161 	  10217 	 0.28 	 0.07
 52894 	  10217 	 0.22 	 0.03
105733 	  90147 	 0.26 	 0.08
105733 	  82503 	 0.22 	 0.07
103296 	  76155 	 0.20 	 0.09
103296 	 105200 	 0.27 	 0.07
103296 	  28241 	 0.24 	 0.06
103296 	  90147 	 0.27 	 0.09
103296 	  82503 	 0.22 	 0.04
103296 	  51289 	 0.25 	 0.10
 16479 	  10217 	 0.27 	 0.08
 65887 	 117081 	 0.25 	 0.07
130217 	  82555 	 0.20 	 0.10
130217 	  10217 	 0.22 	 0.09
130217 	  82503 	 0.21 	 0.05
125839 	  53672 	 0.23 	 0.10
  8179 	 205919 	 0.26 	 0.09
  8179 	  10217 	 0.21 	 0.06
109370 	  90147 	 0.24 	 0.07
109370 	  82503 	 0.20 	 0.09
116522 	 205919 	 0.21 	 0.07
116522 	  95182 	 0.28 	 0.09
116522 	  65887 	 0.23 	 0.09
  5133 	  65408 	 0.21 	 0.10
  5133 	  82503 	 0.29 	 0.07
  5133 	  53672 	 0.21 	 0.08
 91880 	  10217 	 0.26 	 0.10
 91880 	  53672 	 0.22 	 0.08
101463 	  82246 	 0.26 	 0.09
114673 	   4793 	 0.26 	 0.09
114673 	  81305 	 0.22 	 0.06
114673 	  95182 	 0.28 	 0.08
114673 	  10217 	 0.28 	 0.05
114673 	  81306 	 0.20 	 0.07
114673 	  65887 	 0.28 	 0.07
111666 	  82503 	 0.20 	 0.09
125990 	  82555 	 0.21 	 0.10
125990 	  10217 	 0.23 	 0.09
125990 	  82503 	 0.24 	 0.05
129208 	  82555 	 0.21 	 0.09
 98252 	  82555 	 0.27 	 0.10
118768 	  82555 	 0.24 	 0.09
118768 	  82246 	 0.22 	 0.09
118768 	  82503 	 0.25 	 0.08
 85142 	  10217 	 0.20 	 0.07
 85142 	   2332 	 0.22 	 0.10
 69633 	 114621 	 0.20 	 0.10
 69633 	 115173 	 0.22 	 0.09
128974 	  82555 	 0.28 	 0.08
128974 	  82503 	 0.22 	 0.06
128974 	  51289 	 0.27 	 0.09
 79310 	  78533 	 0.27 	 0.10
 79310 	 102278 	 0.24 	 0.09
 79310 	  44074 	 0.24 	 0.09
 79310 	 125161 	 0.23 	 0.07
 79310 	 103296 	 0.24 	 0.06
 79310 	   2622 	 0.22 	 0.10
  3208 	  50275 	 0.21 	 0.10
  3208 	 105200 	 0.27 	 0.05
  3208 	  28241 	 0.27 	 0.08
  3208 	  92250 	 0.23 	 0.08
 10274 	  88141 	 0.24 	 0.08
 10274 	 114621 	 0.24 	 0.10
 10274 	  18307 	 0.27 	 0.09
 10274 	  28241 	 0.22 	 0.05
 10274 	 105970 	 0.20 	 0.09
 10274 	  58481 	 0.24 	 0.06
 10274 	  70646 	 0.20 	 0.06
 10274 	 101892 	 0.27 	 0.08
 10274 	   8179 	 0.20 	 0.09
 10274 	 114673 	 0.26 	 0.08
 79768 	  95573 	 0.23 	 0.10
 79768 	  95603 	 0.21 	 0.09
 79768 	 105970 	 0.23 	 0.09
 79768 	 114673 	 0.24 	 0.07
 66221 	 105200 	 0.21 	 0.06
 66221 	 117081 	 0.26 	 0.09
122945 	  82246 	 0.24 	 0.09
119617 	  53672 	 0.26 	 0.08
107458 	   4793 	 0.26 	 0.09
107458 	  81305 	 0.22 	 0.07
107458 	  29716 	 0.29 	 0.10
107458 	  10217 	 0.22 	 0.07
107458 	  69026 	 0.22 	 0.07
107458 	  44074 	 0.26 	 0.09
101673 	  10217 	 0.23 	 0.08
 96900 	  79310 	 0.24 	 0.10
114259 	   9595 	 0.27 	 0.09
114259 	  28241 	 0.20 	 0.10
114259 	  82246 	 0.24 	 0.07
114259 	  82503 	 0.20 	 0.03
114259 	  51289 	 0.23 	 0.06
114259 	  79310 	 0.20 	 0.07
  2524 	  82555 	 0.25 	 0.07
  2524 	  10217 	 0.23 	 0.07
 37464 	  78533 	 0.22 	 0.09
 37464 	 106302 	 0.23 	 0.09
 37464 	  96738 	 0.24 	 0.09
 37464 	 105455 	 0.29 	 0.10
 37464 	 101280 	 0.22 	 0.10
 37464 	  10217 	 0.23 	 0.08
 37464 	 113290 	 0.23 	 0.07
 37464 	 116115 	 0.27 	 0.10
 37464 	   2332 	 0.22 	 0.08
 37464 	 125161 	 0.20 	 0.08
 37464 	   5133 	 0.25 	 0.10
 37464 	  76449 	 0.22 	 0.09
 37464 	 128974 	 0.20 	 0.09
 37464 	  96900 	 0.29 	 0.08
 37464 	 114259 	 0.25 	 0.08
 93866 	  53672 	 0.25 	 0.09
108273 	  82246 	 0.25 	 0.08
108273 	  82503 	 0.28 	 0.05
  2996 	 113401 	 0.27 	 0.08
  2996 	  94927 	 0.24 	 0.09
  2996 	 118052 	 0.28 	 0.06
  2996 	 102380 	 0.29 	 0.09
  2996 	 117891 	 0.24 	 0.09
  2996 	 119680 	 0.24 	 0.05
  2996 	 205919 	 0.20 	 0.04
  2996 	 126869 	 0.28 	 0.05
  2996 	  97838 	 0.26 	 0.09
  2996 	  15511 	 0.21 	 0.07
  2996 	 109693 	 0.20 	 0.10
  2996 	  96738 	 0.27 	 0.08
  2996 	 105455 	 0.29 	 0.08
  2996 	 126626 	 0.26 	 0.09
  2996 	 102278 	 0.26 	 0.04
  2996 	  95603 	 0.27 	 0.08
  2996 	 129859 	 0.29 	 0.07
  2996 	 113290 	 0.26 	 0.09
  2996 	 100909 	 0.28 	 0.09
  2996 	  99477 	 0.20 	 0.08
  2996 	 117951 	 0.27 	 0.05
  2996 	  44074 	 0.25 	 0.03
  2996 	 116115 	 0.27 	 0.08
  2996 	 127451 	 0.25 	 0.06
  2996 	 128492 	 0.24 	 0.09
  2996 	 105733 	 0.25 	 0.07
  2996 	 103296 	 0.29 	 0.02
  2996 	  91880 	 0.23 	 0.07
  2996 	 129208 	 0.20 	 0.07
  2996 	 118768 	 0.26 	 0.06
  2996 	 128974 	 0.23 	 0.10
  2996 	   3208 	 0.25 	 0.03
  2996 	 119617 	 0.29 	 0.09
 15972 	  10217 	 0.20 	 0.07
 15972 	  92250 	 0.24 	 0.06
110588 	  82503 	 0.20 	 0.08
 92527 	  53672 	 0.28 	 0.08
 92527 	  72992 	 0.21 	 0.07
101749 	  69633 	 0.21 	 0.08
108174 	  75030 	 0.23 	 0.09
108174 	  90147 	 0.28 	 0.07
108174 	 125161 	 0.21 	 0.09
108174 	 114259 	 0.27 	 0.10
  2251 	  82555 	 0.23 	 0.07
  2251 	  82503 	 0.20 	 0.05
  2251 	   2996 	 0.22 	 0.04
 75566 	  79310 	 0.27 	 0.10
 52224 	  82555 	 0.28 	 0.03
 52224 	  82246 	 0.22 	 0.05
 52224 	  79310 	 0.25 	 0.09
103677 	  53672 	 0.29 	 0.08
122600 	  51289 	 0.23 	 0.10
  1531 	   9595 	 0.23 	 0.09
  1531 	  82555 	 0.20 	 0.07
  1531 	  82246 	 0.20 	 0.09
  1531 	  82503 	 0.25 	 0.05
  1531 	  51289 	 0.28 	 0.09
  1531 	   2996 	 0.23 	 0.06
 90137 	  52768 	 0.27 	 0.08
 90137 	   5543 	 0.27 	 0.08
 90137 	   8980 	 0.29 	 0.10
 90137 	  44074 	 0.21 	 0.10
 90137 	 105733 	 0.26 	 0.08
 90137 	 103296 	 0.24 	 0.09
 90137 	 109370 	 0.24 	 0.07
 90137 	 108174 	 0.25 	 0.07
 94602 	  82246 	 0.23 	 0.10
 94602 	  82503 	 0.20 	 0.07
 94602 	   2996 	 0.21 	 0.04
 82318 	  92753 	 0.20 	 0.09
 82318 	  88141 	 0.24 	 0.08
 82318 	 118052 	 0.27 	 0.09
 82318 	  93163 	 0.24 	 0.07
 82318 	  92014 	 0.22 	 0.06
 82318 	  39079 	 0.24 	 0.07
 82318 	 128397 	 0.27 	 0.10
 82318 	  91563 	 0.26 	 0.07
 82318 	 205919 	 0.20 	 0.06
 82318 	 126869 	 0.22 	 0.08
 82318 	  52768 	 0.25 	 0.08
 82318 	   5543 	 0.21 	 0.07
 82318 	 126040 	 0.23 	 0.09
 82318 	  62372 	 0.22 	 0.08
 82318 	  18307 	 0.25 	 0.09
 82318 	  70752 	 0.22 	 0.08
 82318 	   8980 	 0.21 	 0.10
 82318 	 130780 	 0.24 	 0.09
 82318 	 125052 	 0.25 	 0.08
 82318 	 107934 	 0.28 	 0.08
 82318 	 126200 	 0.25 	 0.09
 82318 	 113027 	 0.22 	 0.10
 82318 	 124999 	 0.25 	 0.07
 82318 	  93171 	 0.20 	 0.07
 82318 	 114379 	 0.28 	 0.07
 82318 	 102278 	 0.27 	 0.06
 82318 	  29716 	 0.25 	 0.08
 82318 	 127649 	 0.25 	 0.07
 82318 	  92250 	 0.25 	 0.09
 82318 	  53672 	 0.27 	 0.07
 82318 	 117951 	 0.28 	 0.09
 82318 	 131017 	 0.27 	 0.09
 82318 	  44074 	 0.22 	 0.06
 82318 	 127855 	 0.26 	 0.10
 82318 	 127451 	 0.20 	 0.10
 82318 	 119325 	 0.20 	 0.07
 82318 	  93950 	 0.23 	 0.08
 82318 	 105815 	 0.27 	 0.10
 82318 	 130986 	 0.25 	 0.07
 82318 	 125161 	 0.27 	 0.07
 82318 	 105733 	 0.22 	 0.09
 82318 	  65887 	 0.28 	 0.09
 82318 	 119311 	 0.20 	 0.08
 82318 	 128762 	 0.23 	 0.09
 82318 	   5103 	 0.22 	 0.08
 82318 	 109370 	 0.28 	 0.09
 82318 	  97207 	 0.28 	 0.08
 82318 	 101463 	 0.24 	 0.08
 82318 	  79310 	 0.29 	 0.10
 82318 	  10274 	 0.20 	 0.07
 82318 	  66221 	 0.22 	 0.07
 82318 	 101673 	 0.21 	 0.09
 82318 	 114259 	 0.22 	 0.07
 82318 	 119112 	 0.21 	 0.10
 82318 	   2524 	 0.28 	 0.07
 82318 	 115606 	 0.23 	 0.07
 82318 	  15972 	 0.22 	 0.09
 82318 	 108174 	 0.29 	 0.08
 82318 	   2251 	 0.21 	 0.08
 82318 	  52224 	 0.26 	 0.08
 82318 	   1531 	 0.23 	 0.10
 82318 	  94602 	 0.21 	 0.09
 64266 	 205919 	 0.24 	 0.08
 58632 	  82246 	 0.25 	 0.10
 58632 	  53672 	 0.23 	 0.10
 83275 	  82555 	 0.29 	 0.08
 62268 	  82318 	 0.20 	 0.08
115220 	  81306 	 0.24 	 0.09
107489 	  95182 	 0.22 	 0.08
107489 	   9967 	 0.23 	 0.09
107489 	  63310 	 0.20 	 0.09
107489 	   2332 	 0.20 	 0.08
107489 	 103296 	 0.23 	 0.07
107489 	 109370 	 0.25 	 0.10
107489 	  51513 	 0.25 	 0.10
107489 	   3208 	 0.25 	 0.09
107489 	  66221 	 0.28 	 0.10
 58416 	  53672 	 0.23 	 0.09
 52786 	  82318 	 0.22 	 0.07
 16404 	  88141 	 0.24 	 0.08
 16404 	 127102 	 0.20 	 0.08
 16404 	  62372 	 0.25 	 0.10
 16404 	 128844 	 0.20 	 0.06
 16404 	  96738 	 0.22 	 0.08
 16404 	 130983 	 0.20 	 0.07
 16404 	 117081 	 0.20 	 0.08
 16404 	  92250 	 0.20 	 0.08
 16404 	 113290 	 0.23 	 0.08
 16404 	 100909 	 0.21 	 0.07
 16404 	 108185 	 0.24 	 0.09
 16404 	 131017 	 0.21 	 0.10
 16404 	 104295 	 0.26 	 0.08
 16404 	 114673 	 0.20 	 0.08
 16404 	 107458 	 0.20 	 0.09
 16404 	 101749 	 0.26 	 0.08
117884 	  53672 	 0.28 	 0.09
105413 	 101160 	 0.27 	 0.09
105413 	  90147 	 0.29 	 0.09
105413 	 103296 	 0.21 	 0.08
105413 	 128974 	 0.21 	 0.10
105413 	  93866 	 0.26 	 0.09
105413 	  52224 	 0.29 	 0.09
105413 	  90137 	 0.29 	 0.09
105413 	  82318 	 0.25 	 0.08
124477 	  53672 	 0.24 	 0.09
 81262 	  88141 	 0.24 	 0.10
 81262 	  62372 	 0.27 	 0.09
 81262 	 114621 	 0.27 	 0.09
 81262 	 122022 	 0.22 	 0.09
 81262 	  18307 	 0.27 	 0.10
 81262 	  29716 	 0.20 	 0.09
 81262 	 117081 	 0.26 	 0.06
 81262 	 105970 	 0.20 	 0.09
 81262 	 101892 	 0.20 	 0.07
 81262 	 114673 	 0.20 	 0.07
 48486 	 128397 	 0.28 	 0.08
 48486 	  95182 	 0.24 	 0.04
 48486 	 107934 	 0.29 	 0.09
 48486 	 102278 	 0.21 	 0.06
 48486 	  65408 	 0.20 	 0.06
 48486 	  44074 	 0.21 	 0.10
 48486 	  67846 	 0.27 	 0.10
 48486 	  53106 	 0.26 	 0.10
 48486 	 102383 	 0.27 	 0.10
 48486 	 105733 	 0.21 	 0.10
 48486 	 103296 	 0.24 	 0.03
 48486 	 128762 	 0.26 	 0.08
 48486 	   2622 	 0.28 	 0.08
 48486 	   5133 	 0.29 	 0.07
 48486 	  91880 	 0.24 	 0.10
 48486 	   3208 	 0.27 	 0.04
 48486 	 114259 	 0.20 	 0.09
 48486 	   2251 	 0.26 	 0.08
 48486 	  52224 	 0.29 	 0.07
 37931 	 102380 	 0.22 	 0.06
 37931 	 117891 	 0.24 	 0.10
 37931 	 119680 	 0.22 	 0.08
 37931 	 128397 	 0.28 	 0.08
 37931 	  97838 	 0.26 	 0.08
 37931 	   2986 	 0.27 	 0.07
 37931 	  75030 	 0.23 	 0.06
 37931 	 106302 	 0.21 	 0.06
 37931 	 106205 	 0.26 	 0.09
 37931 	  99902 	 0.24 	 0.08
 37931 	  88333 	 0.22 	 0.07
 37931 	  96738 	 0.24 	 0.09
 37931 	 130780 	 0.27 	 0.07
 37931 	 105455 	 0.21 	 0.07
 37931 	  93171 	 0.20 	 0.08
 37931 	 131151 	 0.24 	 0.08
 37931 	 126721 	 0.27 	 0.07
 37931 	 102278 	 0.23 	 0.06
 37931 	  90147 	 0.24 	 0.06
 37931 	  66308 	 0.28 	 0.06
 37931 	   5646 	 0.29 	 0.06
 37931 	  31490 	 0.22 	 0.05
 37931 	 129859 	 0.21 	 0.08
 37931 	 102503 	 0.24 	 0.09
 37931 	  94264 	 0.29 	 0.08
 37931 	 100909 	 0.28 	 0.10
 37931 	 108185 	 0.21 	 0.06
 37931 	  99477 	 0.20 	 0.08
 37931 	 117951 	 0.24 	 0.09
 37931 	 129134 	 0.26 	 0.09
 37931 	 101510 	 0.27 	 0.06
 37931 	  44074 	 0.25 	 0.06
 37931 	 127451 	 0.23 	 0.06
 37931 	 119111 	 0.24 	 0.06
 37931 	 119325 	 0.27 	 0.08
 37931 	 100782 	 0.26 	 0.08
 37931 	 129960 	 0.28 	 0.06
 37931 	  91637 	 0.27 	 0.08
 37931 	 102383 	 0.28 	 0.09
 37931 	  36327 	 0.25 	 0.09
 37931 	 119311 	 0.27 	 0.08
 37931 	   2622 	 0.22 	 0.06
 37931 	  51513 	 0.23 	 0.09
 37931 	  91880 	 0.26 	 0.09
 37931 	 101463 	 0.25 	 0.07
 37931 	 108127 	 0.24 	 0.08
 37931 	  98252 	 0.25 	 0.09
 37931 	 118768 	 0.26 	 0.09
 37931 	  99455 	 0.25 	 0.09
 37931 	 114259 	 0.20 	 0.04
 37931 	 119112 	 0.29 	 0.09
 37931 	   2524 	 0.29 	 0.07
 37931 	 115606 	 0.24 	 0.08
 37931 	   2251 	 0.24 	 0.09
 37931 	  90137 	 0.24 	 0.06
 37931 	  82318 	 0.25 	 0.08
 37931 	  58632 	 0.22 	 0.05
 37931 	  83275 	 0.27 	 0.06
 37931 	  62268 	 0.28 	 0.09
 37931 	  58416 	 0.22 	 0.06
101648 	   2996 	 0.27 	 0.09
101648 	  37931 	 0.29 	 0.08
111297 	  10217 	 0.21 	 0.04
111297 	  92250 	 0.25 	 0.10
127221 	  82246 	 0.25 	 0.09
127221 	  69026 	 0.25 	 0.09
 74286 	  37464 	 0.22 	 0.09
 74286 	 107489 	 0.20 	 0.09
 27623 	 205919 	 0.21 	 0.07
 27623 	  95182 	 0.20 	 0.06
 27623 	  90147 	 0.29 	 0.09
 27623 	  90137 	 0.29 	 0.09
 34379 	  51213 	 0.22 	 0.05
 34379 	 116115 	 0.22 	 0.10
 34379 	   5103 	 0.26 	 0.09
 34379 	   5133 	 0.25 	 0.07
 34379 	 101673 	 0.27 	 0.10
 34379 	  27623 	 0.27 	 0.09
 95781 	  53672 	 0.28 	 0.07
 95781 	  37931 	 0.26 	 0.06
124177 	  82246 	 0.22 	 0.10
 65782 	   2332 	 0.22 	 0.09
 65782 	 114259 	 0.25 	 0.10
 65782 	  37931 	 0.25 	 0.09
100142 	  95182 	 0.25 	 0.10
100142 	  44074 	 0.22 	 0.09
100142 	  52224 	 0.24 	 0.09
 51767 	  82318 	 0.24 	 0.09
 51767 	  37931 	 0.23 	 0.07
 28201 	  10217 	 0.23 	 0.07
 28201 	  72992 	 0.27 	 0.10
 28201 	  81262 	 0.26 	 0.10
105156 	  82318 	 0.23 	 0.09
119717 	  82555 	 0.24 	 0.08
119717 	  10217 	 0.21 	 0.06
119717 	  82503 	 0.23 	 0.05
119717 	   2996 	 0.25 	 0.10
119717 	 108174 	 0.28 	 0.10
124225 	  10217 	 0.24 	 0.06
124225 	  82503 	 0.25 	 0.08
119685 	  53672 	 0.28 	 0.09
119685 	  81306 	 0.20 	 0.07
119685 	  16404 	 0.20 	 0.06
119685 	  37931 	 0.24 	 0.05
121308 	  82246 	 0.26 	 0.09
121308 	  82318 	 0.29 	 0.08
128471 	  82555 	 0.20 	 0.10
128471 	  82503 	 0.20 	 0.07
128471 	   2996 	 0.21 	 0.08
128471 	  37931 	 0.21 	 0.10
 96223 	  10217 	 0.21 	 0.05
 96223 	  51289 	 0.23 	 0.08
 96223 	  69633 	 0.28 	 0.09
 96223 	  37464 	 0.22 	 0.09
 70314 	  70646 	 0.20 	 0.09
 70314 	 114673 	 0.26 	 0.09
 70314 	  82318 	 0.20 	 0.09
 70314 	  64266 	 0.24 	 0.08
 69513 	  10217 	 0.21 	 0.07
126248 	  53672 	 0.26 	 0.10
126248 	   2996 	 0.29 	 0.08
120346 	  82555 	 0.22 	 0.10
120346 	  28241 	 0.23 	 0.09
120346 	  82246 	 0.24 	 0.10
120346 	  82503 	 0.21 	 0.09
120346 	  51289 	 0.28 	 0.08
120346 	   2996 	 0.22 	 0.06
118432 	  82246 	 0.27 	 0.09
118432 	  82318 	 0.24 	 0.09
  2267 	 205919 	 0.29 	 0.08
  2267 	  62372 	 0.20 	 0.09
  2267 	  29716 	 0.25 	 0.08
  2267 	  10217 	 0.24 	 0.09
  2267 	  44074 	 0.22 	 0.08
  2267 	 105733 	 0.28 	 0.09
  2267 	 103296 	 0.25 	 0.06
  2267 	  66221 	 0.27 	 0.10
  2267 	 114259 	 0.24 	 0.08
   514 	 205919 	 0.20 	 0.08
   514 	  78533 	 0.22 	 0.09
   514 	  44074 	 0.25 	 0.07
   514 	   2332 	 0.22 	 0.07
   514 	 125161 	 0.20 	 0.08
   514 	 103296 	 0.29 	 0.08
   514 	  76449 	 0.22 	 0.09
   514 	  74286 	 0.22 	 0.08
 82463 	  95573 	 0.20 	 0.09
 82463 	 108185 	 0.22 	 0.09
 82463 	 131017 	 0.20 	 0.10
 82463 	 105815 	 0.20 	 0.09
 82463 	  43129 	 0.20 	 0.09
 82463 	 116522 	 0.21 	 0.08
 82463 	 114673 	 0.26 	 0.07
 82463 	   1531 	 0.23 	 0.10
115465 	  82555 	 0.25 	 0.08
115465 	  90147 	 0.29 	 0.10
115465 	  53672 	 0.29 	 0.09
115465 	   2996 	 0.24 	 0.05
115465 	  90137 	 0.29 	 0.10
115465 	  82318 	 0.21 	 0.08
115465 	  37931 	 0.27 	 0.07
107890 	  81305 	 0.20 	 0.08
107890 	 103296 	 0.21 	 0.09
107890 	  79768 	 0.20 	 0.08
 95790 	  95182 	 0.29 	 0.09
 95790 	  82246 	 0.26 	 0.08
 95350 	  10217 	 0.26 	 0.07
 95350 	  82318 	 0.25 	 0.09
101486 	   2996 	 0.29 	 0.05
101486 	  48486 	 0.24 	 0.08
101486 	  37931 	 0.29 	 0.09
101809 	  82318 	 0.21 	 0.09
 48728 	  88141 	 0.24 	 0.07
 48728 	 114621 	 0.24 	 0.06
 48728 	  18307 	 0.27 	 0.08
 48728 	  29716 	 0.20 	 0.07
 48728 	 122840 	 0.26 	 0.10
 48728 	 105970 	 0.20 	 0.06
 48728 	  53106 	 0.26 	 0.07
 48728 	 101892 	 0.20 	 0.05
 48728 	 114673 	 0.20 	 0.05
 48728 	 107458 	 0.23 	 0.09
 48728 	  15972 	 0.27 	 0.08
 48728 	  28201 	 0.21 	 0.08
109399 	  95182 	 0.21 	 0.08
 86335 	  10217 	 0.22 	 0.09
 94015 	  81305 	 0.20 	 0.07
 94015 	  82246 	 0.25 	 0.08
 94015 	  10217 	 0.20 	 0.04
 94015 	  72992 	 0.20 	 0.07
 94015 	  79768 	 0.29 	 0.09
 94015 	  16404 	 0.21 	 0.08
 94015 	  48728 	 0.23 	 0.05
117213 	  10274 	 0.25 	 0.09
117213 	  82318 	 0.20 	 0.07
123976 	  95182 	 0.29 	 0.10
123976 	  79768 	 0.21 	 0.10
 18023 	  81305 	 0.22 	 0.09
 18023 	  72992 	 0.20 	 0.09
 18023 	  82318 	 0.20 	 0.07
 18023 	  37931 	 0.23 	 0.06
 65978 	  82555 	 0.24 	 0.08
 65978 	 105200 	 0.25 	 0.09
 65978 	  53672 	 0.20 	 0.10
 65978 	   2996 	 0.28 	 0.06
 65978 	 107489 	 0.26 	 0.09
129747 	  82555 	 0.22 	 0.09
129747 	  10217 	 0.20 	 0.09
129747 	  82503 	 0.21 	 0.05
129747 	  37464 	 0.22 	 0.10
117950 	  82555 	 0.23 	 0.07
117950 	  82246 	 0.22 	 0.09
117950 	  10217 	 0.23 	 0.09
117950 	  82503 	 0.22 	 0.05
117950 	  51289 	 0.29 	 0.08
117950 	  79310 	 0.20 	 0.09
117950 	  37464 	 0.23 	 0.08
117950 	 105413 	 0.23 	 0.09
 76438 	  37464 	 0.22 	 0.09
 76438 	 107489 	 0.20 	 0.09
 76438 	    514 	 0.22 	 0.09
122891 	  37931 	 0.24 	 0.08
 79171 	  10217 	 0.20 	 0.07
 79171 	  92250 	 0.24 	 0.07
 79171 	 107458 	 0.29 	 0.10
 79171 	  82318 	 0.25 	 0.09
 79171 	   2267 	 0.20 	 0.09
 79171 	  48728 	 0.27 	 0.08
124881 	  53672 	 0.27 	 0.09
105523 	  82246 	 0.23 	 0.08
105523 	  53672 	 0.27 	 0.09
105523 	   2996 	 0.22 	 0.05
129421 	  81305 	 0.20 	 0.10
129421 	  10217 	 0.26 	 0.06
129421 	  10274 	 0.29 	 0.08
129421 	  82318 	 0.26 	 0.08
129421 	  81262 	 0.24 	 0.08
129421 	  48728 	 0.21 	 0.07
113610 	  53672 	 0.23 	 0.09
 67993 	 110588 	 0.23 	 0.10
 98991 	  82555 	 0.24 	 0.09
 98991 	  82318 	 0.25 	 0.07
 98991 	 107489 	 0.26 	 0.10
 98991 	  48486 	 0.21 	 0.07
 98991 	  37931 	 0.21 	 0.07
110898 	  53672 	 0.26 	 0.09
 93696 	  53672 	 0.22 	 0.10
 93696 	  37931 	 0.27 	 0.08
 58883 	 109370 	 0.25 	 0.09
119884 	 101544 	 0.23 	 0.10
119884 	 103296 	 0.27 	 0.08
119884 	  43129 	 0.28 	 0.08
119884 	   3208 	 0.20 	 0.10
119884 	  95790 	 0.26 	 0.09
119884 	  65978 	 0.26 	 0.10
119884 	 117950 	 0.22 	 0.08
110974 	  53672 	 0.28 	 0.08
123022 	  82555 	 0.27 	 0.10
123022 	  53672 	 0.25 	 0.10
123022 	   2996 	 0.28 	 0.08
123022 	  37931 	 0.28 	 0.08
100744 	  95182 	 0.28 	 0.09
118234 	  82555 	 0.24 	 0.07
118234 	  37464 	 0.25 	 0.09
118234 	   2996 	 0.25 	 0.06
122171 	  81305 	 0.23 	 0.09
122171 	 205919 	 0.27 	 0.09
122171 	  10274 	 0.20 	 0.08
122171 	  82318 	 0.27 	 0.08
122171 	  82463 	 0.22 	 0.09
115883 	  53672 	 0.22 	 0.10
 67672 	 117081 	 0.22 	 0.09
 67672 	  64266 	 0.21 	 0.06
111227 	 205919 	 0.21 	 0.07
111227 	 105200 	 0.29 	 0.09
111227 	  65408 	 0.21 	 0.09
111227 	  53672 	 0.27 	 0.10
111227 	 129134 	 0.25 	 0.10
111227 	  37931 	 0.25 	 0.07
 52250 	  37931 	 0.21 	 0.07
121157 	  44074 	 0.20 	 0.10
121157 	  66221 	 0.24 	 0.10
121157 	  15972 	 0.23 	 0.10
 31394 	 105200 	 0.27 	 0.07
 31394 	  82503 	 0.25 	 0.03
 31394 	 116522 	 0.21 	 0.09
 31394 	  82318 	 0.29 	 0.08
 31394 	  64266 	 0.24 	 0.06
 31394 	  27623 	 0.21 	 0.09
 31394 	    514 	 0.20 	 0.10
 31394 	 109399 	 0.22 	 0.10
 81503 	 100617 	 0.21 	 0.09
 81503 	  59539 	 0.28 	 0.08
 81503 	 118052 	 0.28 	 0.07
 81503 	 102380 	 0.25 	 0.10
 81503 	  92014 	 0.29 	 0.08
 81503 	 128397 	 0.28 	 0.08
 81503 	 126869 	 0.23 	 0.08
 81503 	   5543 	 0.26 	 0.07
 81503 	 106302 	 0.21 	 0.10
 81503 	  93171 	 0.25 	 0.06
 81503 	 102278 	 0.23 	 0.07
 81503 	  31490 	 0.23 	 0.06
 81503 	 102078 	 0.28 	 0.10
 81503 	 113290 	 0.28 	 0.10
 81503 	 117951 	 0.22 	 0.07
 81503 	  44074 	 0.25 	 0.05
 81503 	 127451 	 0.20 	 0.10
 81503 	 119325 	 0.29 	 0.08
 81503 	  93950 	 0.26 	 0.06
 81503 	  53106 	 0.29 	 0.09
 81503 	  91637 	 0.27 	 0.09
 81503 	 125161 	 0.20 	 0.04
 81503 	 105733 	 0.22 	 0.09
 81503 	 103296 	 0.22 	 0.03
 81503 	 119311 	 0.29 	 0.08
 81503 	 128762 	 0.26 	 0.07
 81503 	  91880 	 0.21 	 0.09
 81503 	 101463 	 0.25 	 0.07
 81503 	   3208 	 0.25 	 0.05
 81503 	  96900 	 0.20 	 0.10
 81503 	 114259 	 0.22 	 0.07
 81503 	 119112 	 0.24 	 0.07
 81503 	   2524 	 0.23 	 0.07
 81503 	 108273 	 0.27 	 0.10
 81503 	 115606 	 0.24 	 0.07
 81503 	  52224 	 0.28 	 0.06
 81503 	  27623 	 0.28 	 0.09
 81503 	 126248 	 0.29 	 0.10
 81503 	 118432 	 0.25 	 0.07
 81503 	 115465 	 0.22 	 0.08
 81503 	 117213 	 0.25 	 0.09
 81503 	  18023 	 0.21 	 0.08
 81503 	  93696 	 0.27 	 0.06
 81503 	 122171 	 0.24 	 0.09
116540 	  48486 	 0.29 	 0.08
116540 	  37931 	 0.26 	 0.07
116540 	  81503 	 0.26 	 0.08
123045 	  82503 	 0.20 	 0.08
123045 	  37931 	 0.21 	 0.09
  2268 	 103296 	 0.25 	 0.10
  2268 	 114259 	 0.24 	 0.10
  7303 	   5103 	 0.26 	 0.10
  7303 	   2996 	 0.29 	 0.08
  7303 	  48486 	 0.24 	 0.10
  7303 	  81503 	 0.23 	 0.08
126651 	  82503 	 0.20 	 0.09
126651 	   2996 	 0.20 	 0.08
 82242 	 103296 	 0.25 	 0.09
 82242 	  51513 	 0.22 	 0.09
 82242 	   7303 	 0.23 	 0.08
113681 	  53672 	 0.25 	 0.10
113681 	   2996 	 0.28 	 0.10
113681 	  37931 	 0.28 	 0.10
 75661 	 103296 	 0.20 	 0.09
 75661 	 108174 	 0.29 	 0.10
 75661 	  37931 	 0.28 	 0.06
 66563 	  10217 	 0.24 	 0.06
 62878 	 205919 	 0.20 	 0.08
 62878 	  95182 	 0.22 	 0.08
 62878 	 125161 	 0.25 	 0.10
100172 	  82555 	 0.20 	 0.08
100172 	  82246 	 0.20 	 0.10
100172 	  82503 	 0.21 	 0.05
100172 	   2996 	 0.23 	 0.06
100172 	  82318 	 0.23 	 0.09
100172 	  48486 	 0.21 	 0.09
108160 	   9595 	 0.21 	 0.10
108160 	  82318 	 0.26 	 0.09
108160 	  81503 	 0.22 	 0.09
 77586 	  82246 	 0.26 	 0.09
 77586 	  69026 	 0.21 	 0.09
 77586 	   2996 	 0.27 	 0.04
 77586 	  81262 	 0.22 	 0.07
 77586 	  48728 	 0.22 	 0.05
128300 	  53672 	 0.26 	 0.09
101850 	  82318 	 0.27 	 0.09
101850 	  48486 	 0.24 	 0.09
 50309 	  37931 	 0.24 	 0.07
 91740 	  82555 	 0.21 	 0.08
 91740 	  10217 	 0.21 	 0.08
 91740 	  51289 	 0.27 	 0.10
 91740 	  79310 	 0.20 	 0.09
 91740 	  62878 	 0.25 	 0.10
 59944 	 105455 	 0.24 	 0.09
 59944 	 100909 	 0.24 	 0.09
 59944 	  28201 	 0.29 	 0.10
 80885 	  95573 	 0.25 	 0.09
 80885 	 105970 	 0.20 	 0.10
 80885 	  58481 	 0.24 	 0.06
 80885 	  70646 	 0.20 	 0.07
 80885 	 114673 	 0.26 	 0.07
 80885 	  82318 	 0.20 	 0.09
 80885 	  64266 	 0.24 	 0.09
 80885 	  95790 	 0.20 	 0.09
 80885 	 100744 	 0.23 	 0.10
 80885 	  62878 	 0.20 	 0.07
 70788 	 125052 	 0.21 	 0.08
 70788 	 126200 	 0.21 	 0.09
 70788 	 124999 	 0.21 	 0.09
 70788 	  28241 	 0.27 	 0.08
 70788 	 117081 	 0.21 	 0.08
 70788 	  92250 	 0.21 	 0.06
 70788 	  82503 	 0.20 	 0.03
 70788 	 129859 	 0.22 	 0.07
 70788 	 111407 	 0.21 	 0.09
 70788 	 129134 	 0.27 	 0.08
 70788 	 116522 	 0.23 	 0.09
 70788 	 107458 	 0.21 	 0.08
 70788 	  82318 	 0.25 	 0.08
 70788 	 107489 	 0.23 	 0.09
 70788 	  48486 	 0.24 	 0.03
 70788 	    514 	 0.29 	 0.10
 70788 	 126974 	 0.24 	 0.10
 70788 	 119884 	 0.20 	 0.08
 70788 	  62878 	 0.25 	 0.10
103733 	  82503 	 0.21 	 0.10
 74664 	  37464 	 0.22 	 0.09
 74664 	 107489 	 0.20 	 0.09
 74664 	    514 	 0.22 	 0.08
106244 	  53672 	 0.28 	 0.08
100737 	  82318 	 0.21 	 0.09
119270 	  81305 	 0.24 	 0.08
119270 	  10217 	 0.20 	 0.04
119270 	  69026 	 0.24 	 0.09
108254 	  10217 	 0.22 	 0.09
108254 	   2996 	 0.28 	 0.10
103038 	  81306 	 0.25 	 0.09
103038 	  69633 	 0.22 	 0.08
103038 	  59944 	 0.22 	 0.08
126048 	  53672 	 0.22 	 0.10
126048 	   2996 	 0.27 	 0.10
 99548 	  82246 	 0.26 	 0.08
 99548 	  10217 	 0.27 	 0.07
 99548 	  48486 	 0.28 	 0.07
 99548 	  48728 	 0.20 	 0.08
 99548 	  81503 	 0.28 	 0.06
 86131 	  88141 	 0.26 	 0.07
 86131 	  59539 	 0.20 	 0.09
 86131 	  91563 	 0.24 	 0.06
 86131 	   2986 	 0.25 	 0.06
 86131 	   5543 	 0.24 	 0.09
 86131 	 105200 	 0.22 	 0.05
 86131 	  28241 	 0.27 	 0.06
 86131 	  82503 	 0.27 	 0.02
 86131 	 114535 	 0.23 	 0.10
 86131 	  96113 	 0.26 	 0.06
 86131 	  94785 	 0.23 	 0.08
 86131 	  43129 	 0.27 	 0.10
 86131 	   8179 	 0.29 	 0.08
 86131 	 116522 	 0.23 	 0.05
 86131 	   5133 	 0.26 	 0.08
 86131 	   2996 	 0.20 	 0.06
 86131 	 120998 	 0.24 	 0.10
 86131 	  82318 	 0.20 	 0.10
 86131 	  27623 	 0.21 	 0.06
 86131 	   3715 	 0.20 	 0.09
 86131 	    514 	 0.20 	 0.07
 86131 	 109399 	 0.22 	 0.06
 86131 	 109086 	 0.23 	 0.08
 86131 	 129421 	 0.26 	 0.08
 86131 	 100744 	 0.26 	 0.09
 86131 	 122171 	 0.27 	 0.08
 86131 	 111227 	 0.23 	 0.06
 86131 	  92509 	 0.26 	 0.08
 86131 	  62878 	 0.29 	 0.06
 86131 	 108765 	 0.26 	 0.05
  7854 	  86131 	 0.20 	 0.09
126574 	  82555 	 0.26 	 0.07
126574 	  82246 	 0.27 	 0.10
126574 	   2996 	 0.28 	 0.09
 66058 	  10217 	 0.27 	 0.08
 94837 	  53672 	 0.24 	 0.09
 94837 	 107489 	 0.29 	 0.10
 94837 	  37931 	 0.21 	 0.07
 94837 	  81503 	 0.22 	 0.09
126274 	  37931 	 0.23 	 0.10
124069 	  53672 	 0.22 	 0.10
124069 	   2996 	 0.27 	 0.10
119890 	  10217 	 0.28 	 0.09
119890 	  44074 	 0.22 	 0.09
119890 	  48728 	 0.21 	 0.10
 41611 	  37464 	 0.22 	 0.07
 41611 	 107489 	 0.20 	 0.10
 41611 	    514 	 0.22 	 0.08
130419 	  82555 	 0.29 	 0.07
130419 	  82246 	 0.25 	 0.08
130419 	  82503 	 0.27 	 0.06
130419 	   2996 	 0.23 	 0.07
130419 	  82318 	 0.25 	 0.09
130419 	  37931 	 0.21 	 0.06
 68575 	  81305 	 0.26 	 0.07
 68575 	  82318 	 0.25 	 0.09
117924 	  82555 	 0.28 	 0.10
117924 	  82503 	 0.26 	 0.05
117924 	   2996 	 0.29 	 0.07
117924 	  37931 	 0.23 	 0.07
117924 	  81503 	 0.21 	 0.09
 62617 	  37464 	 0.22 	 0.07
 62617 	 107489 	 0.20 	 0.09
 62617 	    514 	 0.22 	 0.08
128707 	  81305 	 0.21 	 0.09
128707 	  82246 	 0.26 	 0.09
128707 	  82318 	 0.24 	 0.08
128707 	 119884 	 0.25 	 0.10
126992 	  82318 	 0.24 	 0.09
 96495 	  82246 	 0.25 	 0.10
 51984 	  82318 	 0.23 	 0.06
 51984 	  81503 	 0.29 	 0.08
105872 	  53672 	 0.29 	 0.07
105872 	 103296 	 0.23 	 0.07
101248 	  82555 	 0.27 	 0.07
101248 	  82503 	 0.25 	 0.06
101248 	   2996 	 0.20 	 0.07
101248 	  37931 	 0.20 	 0.06
101248 	  81503 	 0.20 	 0.07
124765 	  95182 	 0.29 	 0.07
124765 	  65408 	 0.23 	 0.08
 95929 	  82503 	 0.26 	 0.06
 95929 	  69633 	 0.23 	 0.08
 95929 	  37464 	 0.24 	 0.10
 95929 	   2996 	 0.27 	 0.10
 95929 	  16404 	 0.24 	 0.08
 97187 	  82246 	 0.26 	 0.09
 97187 	  82318 	 0.24 	 0.07
 97187 	  37931 	 0.20 	 0.07
 97187 	    514 	 0.29 	 0.10
 97187 	  81503 	 0.25 	 0.07
 66016 	   2996 	 0.27 	 0.07
 66016 	  37931 	 0.29 	 0.07
 66016 	  81503 	 0.29 	 0.07
102704 	  37931 	 0.27 	 0.09
131601 	 205919 	 0.26 	 0.07
131601 	  95182 	 0.25 	 0.07
131601 	  82246 	 0.28 	 0.09
131601 	  82318 	 0.25 	 0.08
131601 	  31394 	 0.23 	 0.09
131601 	  70788 	 0.21 	 0.09
131601 	  86131 	 0.28 	 0.05
111569 	 205919 	 0.20 	 0.08
111569 	  65408 	 0.20 	 0.08
111569 	  10274 	 0.22 	 0.07
111569 	  70314 	 0.20 	 0.09
111569 	  82463 	 0.20 	 0.08
111569 	  80885 	 0.20 	 0.07
111569 	  86131 	 0.27 	 0.06
101342 	  82246 	 0.24 	 0.09
101342 	  82318 	 0.22 	 0.07
 68241 	  48486 	 0.29 	 0.09
 68241 	  81503 	 0.23 	 0.10
 86570 	  62372 	 0.27 	 0.07
 86570 	 114621 	 0.27 	 0.06
 86570 	  18307 	 0.27 	 0.08
 86570 	  29716 	 0.20 	 0.07
 86570 	 117081 	 0.26 	 0.07
 86570 	 122840 	 0.26 	 0.10
 86570 	 105970 	 0.20 	 0.06
 86570 	  53106 	 0.26 	 0.07
 86570 	 101892 	 0.20 	 0.05
 86570 	 114673 	 0.20 	 0.05
 86570 	 107458 	 0.23 	 0.09
 86570 	  15972 	 0.27 	 0.08
 86570 	  28201 	 0.24 	 0.08
 86570 	  69513 	 0.29 	 0.08
 86570 	  94015 	 0.23 	 0.05
 86570 	  79171 	 0.27 	 0.08
 86570 	 129421 	 0.21 	 0.07
 86570 	  77586 	 0.22 	 0.05
 86570 	 119270 	 0.21 	 0.05
 86570 	  99548 	 0.20 	 0.08
 86570 	 119890 	 0.23 	 0.10
113690 	  53672 	 0.24 	 0.09
 94367 	  82318 	 0.23 	 0.08
108883 	  53672 	 0.25 	 0.09
108883 	   2996 	 0.29 	 0.09
108883 	  37931 	 0.23 	 0.09
108883 	  48728 	 0.21 	 0.05
108883 	  59944 	 0.21 	 0.09
108883 	  86570 	 0.21 	 0.05
128822 	  82246 	 0.27 	 0.09
128822 	  82318 	 0.27 	 0.08
123702 	  53672 	 0.25 	 0.09
102759 	  82318 	 0.25 	 0.09
102759 	  37931 	 0.23 	 0.10
102759 	  81503 	 0.21 	 0.08
126225 	  81305 	 0.22 	 0.07
126225 	 205919 	 0.28 	 0.08
126225 	  65408 	 0.21 	 0.10
126225 	  69026 	 0.20 	 0.09
126225 	  10274 	 0.21 	 0.06
126225 	  70314 	 0.23 	 0.09
126225 	  82463 	 0.21 	 0.07
126225 	  80885 	 0.21 	 0.08
126225 	  70788 	 0.23 	 0.10
126225 	  86131 	 0.28 	 0.05
113068 	  82318 	 0.21 	 0.10
 95748 	  53672 	 0.27 	 0.08
 76053 	   9595 	 0.21 	 0.09
 76053 	  92250 	 0.20 	 0.09
 76053 	 107489 	 0.21 	 0.09
 76053 	  34379 	 0.20 	 0.05
 76053 	  59944 	 0.28 	 0.10
117793 	  53672 	 0.26 	 0.10
125108 	  88141 	 0.22 	 0.10
125108 	  70788 	 0.22 	 0.06
117490 	  10217 	 0.23 	 0.08
117490 	   2996 	 0.26 	 0.10
117490 	  37931 	 0.26 	 0.09
117490 	  48728 	 0.24 	 0.09
117490 	  86570 	 0.26 	 0.09
117344 	   2996 	 0.28 	 0.09
117344 	  37931 	 0.28 	 0.08
 97464 	  37931 	 0.26 	 0.08
 69636 	 114621 	 0.20 	 0.10
 69636 	 113290 	 0.20 	 0.08
 69636 	 108185 	 0.21 	 0.08
 69636 	 115220 	 0.21 	 0.08
 69636 	 111297 	 0.23 	 0.07
 69636 	  95929 	 0.23 	 0.08
 52076 	 114673 	 0.22 	 0.09
 52076 	  92527 	 0.21 	 0.09
 34899 	  93950 	 0.24 	 0.09
 34899 	 130419 	 0.20 	 0.10
 73555 	 205919 	 0.21 	 0.09
 73555 	  82555 	 0.23 	 0.06
 73555 	  82246 	 0.22 	 0.07
 73555 	 117081 	 0.23 	 0.09
 73555 	  92250 	 0.26 	 0.09
 73555 	  51289 	 0.20 	 0.07
 73555 	  53672 	 0.22 	 0.10
 73555 	 107489 	 0.28 	 0.08
 73555 	  48486 	 0.22 	 0.07
 73555 	  37931 	 0.20 	 0.07
 73555 	   2267 	 0.23 	 0.09
 73555 	    514 	 0.23 	 0.08
 73555 	 119890 	 0.21 	 0.09
 94032 	  82246 	 0.20 	 0.07
 94032 	  82318 	 0.25 	 0.09
129520 	  82246 	 0.20 	 0.10
 50841 	  81305 	 0.21 	 0.05
 50841 	  65887 	 0.21 	 0.09
 50841 	  79768 	 0.21 	 0.07
 91849 	  10217 	 0.27 	 0.05
 91849 	  37931 	 0.28 	 0.06
 91849 	  81503 	 0.21 	 0.09
117925 	  82246 	 0.22 	 0.09
117925 	  10217 	 0.21 	 0.08
107802 	  82318 	 0.27 	 0.09
107802 	  34379 	 0.25 	 0.08
103602 	  95182 	 0.24 	 0.08
103602 	  82246 	 0.25 	 0.08
103602 	  90147 	 0.28 	 0.10
103602 	  82503 	 0.23 	 0.05
103602 	  90137 	 0.28 	 0.10
103602 	  82318 	 0.24 	 0.08
103602 	  81503 	 0.23 	 0.07
103602 	  86131 	 0.22 	 0.10
 93364 	  82555 	 0.25 	 0.08
 93364 	   2996 	 0.20 	 0.05
 93364 	  37931 	 0.20 	 0.08
119808 	  90147 	 0.21 	 0.09
119808 	  90137 	 0.21 	 0.09
119808 	  82318 	 0.22 	 0.08
125120 	  82318 	 0.25 	 0.09
125120 	  37931 	 0.21 	 0.07
125120 	  70788 	 0.22 	 0.07
101626 	   9595 	 0.20 	 0.09
101626 	  16404 	 0.25 	 0.09
101626 	  69636 	 0.22 	 0.08
129161 	  82318 	 0.25 	 0.08
129161 	  37931 	 0.25 	 0.07
129161 	  81503 	 0.25 	 0.09
 31821 	   2986 	 0.26 	 0.09
 31821 	  82246 	 0.23 	 0.07
 31821 	  63310 	 0.21 	 0.10
 31821 	  81306 	 0.26 	 0.07
 31821 	  69633 	 0.23 	 0.06
 31821 	   2996 	 0.27 	 0.07
 31821 	  82318 	 0.24 	 0.09
 31821 	  16404 	 0.26 	 0.08
 31821 	 111227 	 0.23 	 0.09
 98813 	   2996 	 0.28 	 0.08
 98813 	  37931 	 0.22 	 0.09
 98813 	  81503 	 0.20 	 0.10
 98813 	  70788 	 0.23 	 0.10
121983 	  53672 	 0.28 	 0.08
125231 	  53672 	 0.25 	 0.09
 95496 	  10217 	 0.21 	 0.05
 95496 	  92250 	 0.22 	 0.09
 95496 	  82318 	 0.20 	 0.08
 95496 	  65782 	 0.26 	 0.10
 95496 	 105872 	 0.28 	 0.08
 92477 	   9595 	 0.20 	 0.09
 92477 	  10217 	 0.27 	 0.06
 92477 	   2996 	 0.24 	 0.10
 92477 	  16404 	 0.21 	 0.08
 92477 	  81262 	 0.27 	 0.08
 92477 	  37931 	 0.27 	 0.09
 92477 	  48728 	 0.27 	 0.07
 92477 	  59944 	 0.24 	 0.09
 92477 	  86570 	 0.27 	 0.07
 92477 	  52076 	 0.27 	 0.09
 66612 	 113401 	 0.20 	 0.09
 66612 	  96738 	 0.20 	 0.10
 66612 	  28241 	 0.24 	 0.09
 66612 	  82246 	 0.27 	 0.10
 66612 	  58481 	 0.24 	 0.09
 66612 	  70646 	 0.22 	 0.10
 66612 	 114673 	 0.29 	 0.09
 66612 	  95929 	 0.20 	 0.09
 97373 	  82318 	 0.23 	 0.10
124281 	  81262 	 0.22 	 0.07
124281 	  48728 	 0.22 	 0.05
 96106 	  37931 	 0.28 	 0.09
 96106 	  81503 	 0.28 	 0.10
111453 	  82318 	 0.26 	 0.08
 82662 	  82318 	 0.25 	 0.08
 89982 	  88141 	 0.26 	 0.06
 89982 	  91563 	 0.21 	 0.05
 89982 	 105200 	 0.22 	 0.05
 89982 	  28241 	 0.22 	 0.07
 89982 	  82246 	 0.22 	 0.09
 89982 	  95603 	 0.25 	 0.07
 89982 	  82503 	 0.25 	 0.04
 89982 	 114535 	 0.20 	 0.10
 89982 	  96113 	 0.21 	 0.07
 89982 	 111407 	 0.26 	 0.08
 89982 	 105970 	 0.27 	 0.08
 89982 	  44074 	 0.20 	 0.09
 89982 	  70646 	 0.28 	 0.07
 89982 	 126216 	 0.20 	 0.05
 89982 	 116522 	 0.21 	 0.07
 89982 	  82318 	 0.20 	 0.09
 89982 	  27623 	 0.21 	 0.06
 89982 	    514 	 0.23 	 0.08
 89982 	  94005 	 0.23 	 0.10
 89982 	 129421 	 0.26 	 0.09
 89982 	 122171 	 0.27 	 0.08
 89982 	 111227 	 0.21 	 0.06
 89982 	  92509 	 0.21 	 0.07
 89982 	 108765 	 0.26 	 0.07
 89982 	 131601 	 0.26 	 0.05
 89982 	 111569 	 0.20 	 0.07
 89982 	 126225 	 0.28 	 0.06
 89982 	  73555 	 0.21 	 0.07
 42495 	 107458 	 0.26 	 0.09
 42495 	  82318 	 0.25 	 0.08
 42495 	  37931 	 0.25 	 0.07
 42495 	    514 	 0.28 	 0.09
 42495 	 121157 	 0.20 	 0.10
 42495 	  81503 	 0.28 	 0.06
 42495 	  86131 	 0.23 	 0.09
 42495 	 119890 	 0.22 	 0.08
116362 	  53672 	 0.26 	 0.10
116362 	  82318 	 0.24 	 0.07
116362 	  37931 	 0.27 	 0.05
116362 	  81503 	 0.27 	 0.08
116362 	  34899 	 0.21 	 0.10
105591 	  53672 	 0.28 	 0.09
105591 	  82318 	 0.25 	 0.07
128928 	  79768 	 0.21 	 0.10
128079 	  95182 	 0.21 	 0.08
128079 	  65408 	 0.22 	 0.10
128079 	  10217 	 0.25 	 0.08
128079 	  82503 	 0.26 	 0.08
128079 	  53672 	 0.29 	 0.09
128079 	  10274 	 0.25 	 0.08
128079 	  79768 	 0.23 	 0.09
128079 	  37931 	 0.27 	 0.10
128079 	  80885 	 0.25 	 0.08
128079 	  70788 	 0.20 	 0.09
128079 	  89982 	 0.22 	 0.08
122396 	   2996 	 0.27 	 0.06
122396 	  37931 	 0.22 	 0.05
122396 	  81503 	 0.22 	 0.08
 88019 	  53672 	 0.26 	 0.08
 88019 	 122251 	 0.23 	 0.09
118243 	  10217 	 0.21 	 0.09
118243 	   2996 	 0.26 	 0.05
118243 	  81503 	 0.23 	 0.09
112063 	  69633 	 0.21 	 0.08
100687 	  82555 	 0.24 	 0.09
100687 	  10217 	 0.21 	 0.08
100687 	  82503 	 0.25 	 0.06
130833 	  10217 	 0.25 	 0.09
130833 	  82503 	 0.26 	 0.09
130833 	   2996 	 0.22 	 0.08
130833 	  48486 	 0.21 	 0.09
114929 	  76155 	 0.28 	 0.09
114929 	  75030 	 0.20 	 0.10
114929 	 131018 	 0.28 	 0.09
114929 	  90147 	 0.22 	 0.06
114929 	  82503 	 0.28 	 0.08
114929 	  85972 	 0.25 	 0.10
114929 	 103296 	 0.27 	 0.06
114929 	 109370 	 0.25 	 0.08
114929 	  96012 	 0.22 	 0.09
114929 	 129208 	 0.28 	 0.10
114929 	   3208 	 0.20 	 0.07
114929 	  52224 	 0.20 	 0.08
114929 	  90137 	 0.22 	 0.06
114929 	  94602 	 0.25 	 0.09
114929 	  37931 	 0.27 	 0.09
114929 	  58883 	 0.26 	 0.06
114929 	 113681 	 0.26 	 0.09
114929 	  70788 	 0.20 	 0.08
114929 	 103733 	 0.26 	 0.09
114929 	  99548 	 0.29 	 0.09
114929 	 128707 	 0.25 	 0.10
114929 	 125108 	 0.22 	 0.09
114929 	  31821 	 0.23 	 0.08
114929 	 128928 	 0.26 	 0.10
114929 	 130833 	 0.29 	 0.10
123347 	 117976 	 0.29 	 0.10
123347 	  81305 	 0.20 	 0.05
123347 	  51213 	 0.21 	 0.08
123347 	  29716 	 0.24 	 0.07
123347 	  69026 	 0.20 	 0.04
123347 	  44074 	 0.26 	 0.08
123347 	   3208 	 0.23 	 0.06
123347 	  79768 	 0.27 	 0.05
123347 	  66221 	 0.24 	 0.07
123347 	   2251 	 0.28 	 0.09
123347 	 111297 	 0.25 	 0.08
123347 	  65978 	 0.29 	 0.08
123347 	 123045 	 0.29 	 0.10
123347 	  70788 	 0.21 	 0.05
123347 	  34899 	 0.21 	 0.08
123347 	 114929 	 0.27 	 0.09
105144 	  82246 	 0.25 	 0.07
130531 	  82246 	 0.25 	 0.09
130531 	  81306 	 0.20 	 0.09
130531 	  82318 	 0.23 	 0.08
 69502 	  88141 	 0.25 	 0.07
 69502 	  93163 	 0.20 	 0.07
 69502 	  39079 	 0.20 	 0.09
 69502 	  95573 	 0.22 	 0.06
 69502 	   2986 	 0.20 	 0.07
 69502 	   5543 	 0.23 	 0.10
 69502 	  62372 	 0.26 	 0.08
 69502 	 105200 	 0.20 	 0.06
 69502 	 114621 	 0.24 	 0.09
 69502 	  18307 	 0.26 	 0.08
 69502 	 113027 	 0.20 	 0.06
 69502 	  51213 	 0.24 	 0.09
 69502 	  29716 	 0.26 	 0.10
 69502 	  95603 	 0.24 	 0.07
 69502 	 117081 	 0.25 	 0.09
 69502 	 131017 	 0.29 	 0.09
 69502 	  58481 	 0.22 	 0.07
 69502 	 101892 	 0.22 	 0.08
 69502 	 114673 	 0.26 	 0.07
 69502 	 101365 	 0.20 	 0.10
 69502 	  99159 	 0.29 	 0.10
 69502 	 107458 	 0.27 	 0.09
 69502 	  15972 	 0.26 	 0.08
 69502 	  52786 	 0.20 	 0.09
 69502 	 111297 	 0.27 	 0.09
 69502 	 107890 	 0.21 	 0.08
 69502 	  95790 	 0.20 	 0.07
 69502 	  94015 	 0.27 	 0.07
 69502 	 117213 	 0.22 	 0.07
 69502 	 123976 	 0.20 	 0.06
 69502 	  79171 	 0.26 	 0.09
 69502 	 129421 	 0.28 	 0.08
 69502 	 128707 	 0.26 	 0.09
 69502 	 124765 	 0.20 	 0.06
 69502 	 111569 	 0.20 	 0.06
 69502 	 108883 	 0.23 	 0.09
 69502 	 128822 	 0.22 	 0.09
 69502 	  98993 	 0.29 	 0.10
 69502 	  50841 	 0.21 	 0.08
 69502 	  31821 	 0.27 	 0.07
 69502 	  92477 	 0.29 	 0.08
 69502 	 124281 	 0.26 	 0.06
 69502 	 128928 	 0.22 	 0.08
 69502 	 128079 	 0.20 	 0.09
 69502 	 123347 	 0.25 	 0.06
  8991 	  82246 	 0.22 	 0.09
  8991 	  69633 	 0.20 	 0.08
  8991 	  37931 	 0.23 	 0.04
  8991 	  69636 	 0.22 	 0.08
  3476 	  79310 	 0.25 	 0.10
113084 	 117976 	 0.24 	 0.10
113084 	  95182 	 0.24 	 0.07
113084 	   9967 	 0.20 	 0.09
113084 	  82246 	 0.29 	 0.08
113084 	  65408 	 0.20 	 0.09
113084 	 122251 	 0.24 	 0.08
113084 	 125161 	 0.26 	 0.10
113084 	  10274 	 0.20 	 0.06
113084 	  70314 	 0.20 	 0.08
113084 	 119884 	 0.28 	 0.10
113084 	  80885 	 0.20 	 0.07
113084 	 114929 	 0.28 	 0.09
113084 	  69502 	 0.20 	 0.07
 98306 	   9595 	 0.23 	 0.10
 98306 	  37931 	 0.29 	 0.10
122256 	 105455 	 0.22 	 0.10
122256 	  34379 	 0.23 	 0.10
122256 	 105872 	 0.20 	 0.08
 87194 	  94332 	 0.21 	 0.09
 87194 	  37464 	 0.21 	 0.07
 87194 	    514 	 0.21 	 0.07
103607 	 205919 	 0.25 	 0.10
103607 	  82503 	 0.25 	 0.07
103607 	  53672 	 0.22 	 0.10
103607 	   2996 	 0.26 	 0.08
103607 	  16404 	 0.23 	 0.09
103607 	  37931 	 0.26 	 0.10
