 93163 	 127102 	 0.53 	 0.19
 52768 	  82555 	 0.51 	 0.14
128844 	  93163 	 0.53 	 0.19
105200 	  93163 	 0.51 	 0.11
105200 	  39079 	 0.51 	 0.16
105200 	  82555 	 0.57 	 0.18
105200 	  52768 	 0.53 	 0.15
105200 	  80370 	 0.56 	 0.15
122022 	  39337 	 0.53 	 0.17
122022 	  93163 	 0.52 	 0.18
122022 	  95573 	 0.52 	 0.17
122022 	  76155 	 0.55 	 0.12
122022 	 105200 	 0.56 	 0.18
 91848 	 106302 	 0.56 	 0.18
107934 	  93163 	 0.53 	 0.17
107934 	  76155 	 0.56 	 0.12
131018 	  39079 	 0.55 	 0.18
113027 	  93163 	 0.56 	 0.19
 28241 	  95573 	 0.53 	 0.16
130983 	  93163 	 0.53 	 0.18
 82246 	  52768 	 0.52 	 0.18
114379 	   8980 	 0.50 	 0.19
102278 	  96738 	 0.50 	 0.20
110268 	 105200 	 0.53 	 0.18
 95442 	 113027 	 0.55 	 0.17
  7012 	 118052 	 0.51 	 0.18
  7012 	  28241 	 0.55 	 0.18
117081 	  39337 	 0.54 	 0.17
117081 	 100225 	 0.51 	 0.19
117081 	  95573 	 0.55 	 0.17
117081 	  80370 	 0.51 	 0.16
117081 	 114621 	 0.56 	 0.15
117081 	 122022 	 0.54 	 0.16
117081 	  28241 	 0.56 	 0.17
117081 	  91926 	 0.55 	 0.15
117081 	   7012 	 0.56 	 0.18
 92865 	  95573 	 0.55 	 0.19
 92865 	  76155 	 0.55 	 0.15
 92250 	 127102 	 0.58 	 0.17
 92250 	  39337 	 0.54 	 0.14
 92250 	  93163 	 0.50 	 0.11
 92250 	 100225 	 0.51 	 0.12
 92250 	  95573 	 0.55 	 0.10
 92250 	  82555 	 0.53 	 0.19
 92250 	  80370 	 0.51 	 0.12
 92250 	  76155 	 0.55 	 0.11
 92250 	 128844 	 0.58 	 0.17
 92250 	  88333 	 0.50 	 0.10
 92250 	  28241 	 0.56 	 0.14
 92250 	 130983 	 0.58 	 0.18
 92250 	  92865 	 0.57 	 0.13
 94332 	  52768 	 0.54 	 0.13
114535 	  82555 	 0.56 	 0.10
114535 	  52768 	 0.56 	 0.17
114535 	 117081 	 0.55 	 0.11
114535 	  92250 	 0.55 	 0.12
102078 	  76155 	 0.51 	 0.19
111407 	  39337 	 0.54 	 0.19
111407 	 105200 	 0.56 	 0.13
111407 	 107934 	 0.52 	 0.19
111407 	 117081 	 0.51 	 0.13
113290 	 102078 	 0.51 	 0.20
 65863 	  95573 	 0.52 	 0.16
 65863 	  82555 	 0.56 	 0.10
 65863 	  52768 	 0.56 	 0.19
 65863 	  91926 	 0.51 	 0.19
 65863 	 117081 	 0.51 	 0.15
 65863 	  92250 	 0.51 	 0.14
117951 	 113290 	 0.50 	 0.19
105970 	  95573 	 0.51 	 0.19
129134 	  95573 	 0.56 	 0.19
129134 	  95603 	 0.50 	 0.17
131017 	  80370 	 0.50 	 0.19
131017 	  91926 	 0.50 	 0.19
127855 	  76155 	 0.52 	 0.13
127855 	  92250 	 0.54 	 0.16
  4363 	 114379 	 0.52 	 0.19
  4363 	  92250 	 0.54 	 0.17
 70646 	  95573 	 0.52 	 0.19
 70646 	 105200 	 0.56 	 0.17
 70646 	 114535 	 0.59 	 0.17
105815 	  95573 	 0.55 	 0.20
105815 	  80370 	 0.54 	 0.17
105815 	  76155 	 0.51 	 0.14
105815 	  95603 	 0.55 	 0.19
105815 	  92250 	 0.57 	 0.19
105815 	 105970 	 0.56 	 0.17
101892 	  80370 	 0.50 	 0.16
101892 	  76155 	 0.51 	 0.17
101892 	 122022 	 0.53 	 0.16
101892 	 114535 	 0.54 	 0.18
101892 	  65863 	 0.50 	 0.14
101892 	  53672 	 0.56 	 0.11
101892 	 105970 	 0.53 	 0.18
101892 	  70646 	 0.54 	 0.19
 94785 	  39337 	 0.54 	 0.18
 94785 	  82555 	 0.56 	 0.11
 94785 	  52768 	 0.52 	 0.19
 94785 	 117081 	 0.51 	 0.18
 94785 	  92250 	 0.51 	 0.14
 94785 	  94332 	 0.52 	 0.20
 94785 	  70646 	 0.55 	 0.18
 94785 	 101892 	 0.50 	 0.18
115173 	  76155 	 0.58 	 0.19
115173 	 117081 	 0.51 	 0.17
104295 	  76155 	 0.56 	 0.19
104295 	   7012 	 0.56 	 0.19
 91637 	  92250 	 0.53 	 0.13
102383 	 107934 	 0.58 	 0.20
 52894 	  95573 	 0.51 	 0.19
 52894 	  52768 	 0.57 	 0.19
 52894 	  92250 	 0.50 	 0.15
 52894 	 111407 	 0.50 	 0.19
128762 	 113290 	 0.50 	 0.20
 43129 	  95573 	 0.50 	 0.20
  5103 	  59539 	 0.59 	 0.19
  8179 	  82555 	 0.52 	 0.12
  8179 	 105200 	 0.55 	 0.16
  8179 	  91926 	 0.55 	 0.18
116522 	  52894 	 0.51 	 0.19
103133 	 117081 	 0.52 	 0.18
103133 	  92250 	 0.58 	 0.14
120065 	  39337 	 0.58 	 0.16
120065 	  82555 	 0.54 	 0.11
120065 	 122022 	 0.51 	 0.12
120065 	 110268 	 0.52 	 0.13
120065 	  92250 	 0.55 	 0.10
114673 	  51289 	 0.55 	 0.16
114673 	 108185 	 0.51 	 0.17
 96012 	 107934 	 0.59 	 0.19
 73957 	 128844 	 0.52 	 0.20
 73957 	 125052 	 0.55 	 0.12
 73957 	 107934 	 0.54 	 0.17
 73957 	 124999 	 0.55 	 0.17
 85142 	 105200 	 0.53 	 0.14
 85142 	  82246 	 0.52 	 0.18
 79310 	  82555 	 0.53 	 0.17
 79310 	  28241 	 0.56 	 0.17
 79310 	  70646 	 0.52 	 0.16
101365 	 105200 	 0.58 	 0.17
101365 	  92250 	 0.53 	 0.20
 99159 	 117081 	 0.51 	 0.17
122945 	 105200 	 0.51 	 0.16
119617 	 107934 	 0.50 	 0.15
107458 	  93163 	 0.53 	 0.11
107458 	  82555 	 0.53 	 0.16
107458 	  80370 	 0.51 	 0.18
107458 	 125052 	 0.50 	 0.18
107458 	  65863 	 0.51 	 0.17
107458 	 108185 	 0.54 	 0.17
107458 	 129134 	 0.52 	 0.19
107458 	 127855 	 0.51 	 0.20
107458 	 101892 	 0.54 	 0.17
107458 	  94785 	 0.51 	 0.15
107458 	  52894 	 0.50 	 0.17
107458 	  73957 	 0.52 	 0.16
  2524 	  92250 	 0.53 	 0.15
  2524 	 114673 	 0.50 	 0.19
 93866 	 114673 	 0.55 	 0.18
  2996 	  76155 	 0.51 	 0.17
  2996 	  65863 	 0.52 	 0.16
  2996 	  70646 	 0.58 	 0.13
  2996 	   8179 	 0.52 	 0.17
  2996 	  85142 	 0.59 	 0.10
120998 	  82555 	 0.53 	 0.12
120998 	 105200 	 0.52 	 0.15
120998 	  58481 	 0.52 	 0.17
120998 	 105815 	 0.51 	 0.19
120998 	  52894 	 0.51 	 0.19
120998 	 120065 	 0.53 	 0.13
120998 	 114673 	 0.51 	 0.16
120998 	  85142 	 0.53 	 0.17
101749 	  76155 	 0.56 	 0.20
101749 	   7012 	 0.56 	 0.19
101749 	  92865 	 0.51 	 0.20
101749 	  85972 	 0.54 	 0.20
108174 	  39337 	 0.51 	 0.11
108174 	  93163 	 0.51 	 0.15
108174 	 100225 	 0.52 	 0.18
108174 	  95573 	 0.57 	 0.17
108174 	 127242 	 0.52 	 0.15
108174 	  82555 	 0.53 	 0.16
108174 	  80370 	 0.52 	 0.12
108174 	  28241 	 0.52 	 0.18
108174 	 110268 	 0.53 	 0.15
108174 	  91926 	 0.56 	 0.14
108174 	 117081 	 0.56 	 0.19
108174 	 101544 	 0.50 	 0.15
108174 	 105815 	 0.51 	 0.16
108174 	 124419 	 0.57 	 0.20
108174 	 101365 	 0.58 	 0.19
108174 	 122945 	 0.51 	 0.17
 52224 	  94908 	 0.51 	 0.18
 52224 	 107934 	 0.50 	 0.13
 52224 	 124080 	 0.59 	 0.17
103677 	  52224 	 0.51 	 0.18
 62268 	  52224 	 0.59 	 0.17
115220 	 117081 	 0.52 	 0.18
115220 	  92250 	 0.58 	 0.19
107489 	 127102 	 0.51 	 0.13
107489 	  39337 	 0.52 	 0.16
107489 	  93163 	 0.52 	 0.13
107489 	  39079 	 0.52 	 0.13
107489 	  95573 	 0.54 	 0.18
107489 	  82555 	 0.58 	 0.13
107489 	  52768 	 0.51 	 0.15
107489 	  80370 	 0.53 	 0.17
107489 	  76155 	 0.57 	 0.17
107489 	 128844 	 0.51 	 0.15
107489 	 122022 	 0.56 	 0.15
107489 	 107934 	 0.51 	 0.19
107489 	 130983 	 0.51 	 0.13
107489 	 114379 	 0.50 	 0.14
107489 	 114535 	 0.56 	 0.16
107489 	  65863 	 0.52 	 0.18
107489 	 131017 	 0.51 	 0.12
107489 	 105815 	 0.55 	 0.11
107489 	  52894 	 0.59 	 0.17
107489 	 108127 	 0.50 	 0.17
107489 	  85142 	 0.51 	 0.18
107489 	  99159 	 0.50 	 0.18
 52786 	 105200 	 0.51 	 0.13
 52786 	 110268 	 0.50 	 0.16
 52786 	 108174 	 0.51 	 0.19
 52786 	 107489 	 0.52 	 0.14
117884 	  52224 	 0.57 	 0.17
105413 	 127102 	 0.52 	 0.16
105413 	  39079 	 0.53 	 0.17
105413 	 128844 	 0.52 	 0.16
105413 	 105200 	 0.52 	 0.12
105413 	  28241 	 0.56 	 0.16
105413 	 130983 	 0.52 	 0.17
105413 	 117081 	 0.51 	 0.14
105413 	 114535 	 0.51 	 0.15
105413 	 111407 	 0.54 	 0.15
105413 	  65863 	 0.51 	 0.16
105413 	  58481 	 0.56 	 0.12
105413 	  70646 	 0.51 	 0.15
105413 	  94785 	 0.51 	 0.16
105413 	 120065 	 0.55 	 0.19
 48486 	  39337 	 0.51 	 0.16
 48486 	 114535 	 0.55 	 0.13
 48486 	  94785 	 0.55 	 0.13
 48486 	  52894 	 0.54 	 0.11
 48486 	   8179 	 0.51 	 0.13
 48486 	 120065 	 0.50 	 0.13
 37931 	  82555 	 0.51 	 0.16
 37931 	  65863 	 0.56 	 0.10
 37931 	  58481 	 0.53 	 0.11
127221 	  76155 	 0.51 	 0.19
106697 	  93163 	 0.51 	 0.17
106697 	  92250 	 0.56 	 0.18
 27623 	  96113 	 0.54 	 0.18
124177 	 105200 	 0.52 	 0.17
124177 	  92865 	 0.53 	 0.19
124177 	 108174 	 0.52 	 0.15
124177 	  34379 	 0.53 	 0.15
 65782 	 114673 	 0.52 	 0.11
116898 	 107934 	 0.50 	 0.19
116898 	 130983 	 0.55 	 0.20
116898 	  92865 	 0.51 	 0.19
116898 	  92250 	 0.56 	 0.14
116898 	 129134 	 0.50 	 0.11
100142 	  82555 	 0.56 	 0.12
100142 	  52768 	 0.52 	 0.15
100142 	 114535 	 0.54 	 0.19
100142 	 114673 	 0.54 	 0.15
100142 	  85142 	 0.52 	 0.19
100142 	   2996 	 0.52 	 0.17
100142 	 108174 	 0.55 	 0.11
100142 	 107489 	 0.52 	 0.19
 28201 	  28241 	 0.54 	 0.18
 28201 	  92250 	 0.50 	 0.10
 28201 	 101892 	 0.52 	 0.16
 28201 	 120998 	 0.54 	 0.19
 28201 	 107489 	 0.55 	 0.15
105156 	 126200 	 0.53 	 0.20
105156 	   4363 	 0.55 	 0.18
119717 	 114673 	 0.52 	 0.14
 99213 	 105156 	 0.54 	 0.18
 98469 	  93163 	 0.50 	 0.16
 98469 	 105156 	 0.52 	 0.20
121308 	  82555 	 0.56 	 0.10
121308 	 105200 	 0.56 	 0.14
121308 	 110268 	 0.51 	 0.18
121308 	  91926 	 0.51 	 0.17
121308 	 114535 	 0.51 	 0.20
121308 	 108174 	 0.56 	 0.15
 69513 	  95182 	 0.56 	 0.18
 69513 	 119111 	 0.54 	 0.19
 69513 	 105815 	 0.50 	 0.14
 69513 	 101892 	 0.50 	 0.19
 69513 	 107458 	 0.58 	 0.17
 69513 	 120998 	 0.56 	 0.19
 69513 	 107489 	 0.56 	 0.17
102995 	  93163 	 0.51 	 0.17
102995 	  92250 	 0.56 	 0.18
120346 	  96738 	 0.57 	 0.20
120346 	  75566 	 0.50 	 0.17
  2267 	  52768 	 0.52 	 0.14
  2267 	 122022 	 0.51 	 0.11
  2267 	 117081 	 0.51 	 0.19
  2267 	  92250 	 0.55 	 0.14
  2267 	 131017 	 0.50 	 0.17
  2267 	  70646 	 0.59 	 0.16
  2267 	 101892 	 0.50 	 0.16
  2267 	 108174 	 0.55 	 0.12
  2267 	 107489 	 0.56 	 0.19
  2267 	 121308 	 0.51 	 0.13
  2267 	   3715 	 0.56 	 0.20
   514 	 105200 	 0.53 	 0.17
   514 	 120998 	 0.53 	 0.17
107890 	 127102 	 0.50 	 0.17
107890 	  39079 	 0.51 	 0.17
107890 	 128844 	 0.50 	 0.17
107890 	  28241 	 0.51 	 0.17
107890 	 130983 	 0.50 	 0.18
107890 	  95603 	 0.51 	 0.20
107890 	 117081 	 0.53 	 0.13
107890 	 127855 	 0.55 	 0.16
107890 	  52894 	 0.55 	 0.18
107890 	 120065 	 0.50 	 0.13
107890 	 108174 	 0.54 	 0.17
 95790 	  80370 	 0.52 	 0.18
 95790 	  52894 	 0.54 	 0.18
 95790 	 107489 	 0.54 	 0.19
 95350 	 105200 	 0.53 	 0.13
 95350 	  28241 	 0.50 	 0.14
 95350 	  92865 	 0.51 	 0.16
 95350 	  92250 	 0.59 	 0.14
 95350 	  58481 	 0.50 	 0.18
 95350 	 115173 	 0.57 	 0.18
 95350 	 104295 	 0.55 	 0.19
 95350 	 103133 	 0.55 	 0.19
 95350 	 120998 	 0.50 	 0.19
 95350 	 101749 	 0.55 	 0.19
 95350 	 115220 	 0.55 	 0.17
 95350 	 106697 	 0.53 	 0.18
 95350 	 124177 	 0.51 	 0.18
 95350 	 102995 	 0.53 	 0.19
 95350 	 107890 	 0.53 	 0.14
101486 	  76155 	 0.54 	 0.19
 94015 	 114621 	 0.50 	 0.20
 94015 	 117081 	 0.52 	 0.13
 94015 	 108174 	 0.50 	 0.15
117213 	 100142 	 0.50 	 0.16
 94005 	  52768 	 0.52 	 0.16
 94005 	 117081 	 0.55 	 0.11
 94005 	  92250 	 0.55 	 0.13
 94005 	  70646 	 0.59 	 0.18
 94005 	 101892 	 0.50 	 0.16
 94005 	 108174 	 0.51 	 0.14
 94005 	  52224 	 0.53 	 0.16
 94005 	 107489 	 0.56 	 0.15
 94005 	 105413 	 0.51 	 0.16
 94005 	 100142 	 0.54 	 0.18
123976 	  39337 	 0.51 	 0.18
123976 	  76155 	 0.56 	 0.19
123976 	  28241 	 0.53 	 0.14
123976 	  92250 	 0.55 	 0.19
123976 	 129134 	 0.56 	 0.16
123976 	 105815 	 0.55 	 0.20
123976 	 108174 	 0.57 	 0.19
123976 	  95350 	 0.50 	 0.19
117950 	 129859 	 0.50 	 0.19
117950 	 117213 	 0.55 	 0.18
109086 	  80370 	 0.50 	 0.12
109086 	  76155 	 0.51 	 0.12
109086 	 105200 	 0.51 	 0.12
109086 	   8980 	 0.50 	 0.16
109086 	  28241 	 0.51 	 0.11
109086 	 110268 	 0.57 	 0.14
109086 	  91926 	 0.54 	 0.15
109086 	  92250 	 0.53 	 0.11
109086 	 114535 	 0.54 	 0.14
109086 	  65863 	 0.54 	 0.13
109086 	 124419 	 0.51 	 0.16
109086 	  52894 	 0.59 	 0.18
109086 	  97207 	 0.50 	 0.15
109086 	 116522 	 0.51 	 0.17
109086 	 107458 	 0.53 	 0.10
109086 	 120998 	 0.51 	 0.15
109086 	 108174 	 0.58 	 0.13
109086 	 106697 	 0.52 	 0.15
109086 	 124177 	 0.56 	 0.15
109086 	 121308 	 0.53 	 0.19
109086 	  69513 	 0.50 	 0.12
109086 	 102995 	 0.52 	 0.16
109086 	 107890 	 0.58 	 0.13
109086 	  95790 	 0.51 	 0.12
109086 	  94005 	 0.54 	 0.15
124881 	 109086 	 0.51 	 0.16
129421 	  80370 	 0.53 	 0.17
129421 	  58481 	 0.57 	 0.19
129421 	 107489 	 0.50 	 0.20
129421 	  65782 	 0.55 	 0.16
129421 	   2267 	 0.52 	 0.15
 58883 	 100225 	 0.52 	 0.14
 58883 	  80370 	 0.54 	 0.15
 58883 	 122022 	 0.56 	 0.14
 58883 	 107934 	 0.50 	 0.11
 58883 	 110268 	 0.50 	 0.18
 58883 	  92865 	 0.55 	 0.11
 58883 	 114535 	 0.58 	 0.16
 58883 	 119111 	 0.53 	 0.18
 58883 	 101544 	 0.53 	 0.17
 58883 	  94785 	 0.54 	 0.13
 58883 	 102481 	 0.56 	 0.18
 58883 	  62268 	 0.51 	 0.15
 58883 	 117884 	 0.50 	 0.17
 58883 	 126248 	 0.51 	 0.18
 58883 	 103091 	 0.54 	 0.16
 58883 	 110898 	 0.50 	 0.17
119884 	   2986 	 0.54 	 0.19
119884 	 109399 	 0.54 	 0.19
110974 	  52224 	 0.54 	 0.16
100744 	  82555 	 0.56 	 0.11
100744 	  52768 	 0.52 	 0.15
100744 	  80370 	 0.55 	 0.18
100744 	 114535 	 0.54 	 0.15
100744 	   8179 	 0.54 	 0.17
100744 	 114673 	 0.50 	 0.18
100744 	  85142 	 0.52 	 0.19
100744 	 108174 	 0.55 	 0.12
100744 	 107489 	 0.52 	 0.17
100744 	  65782 	 0.52 	 0.20
100744 	    514 	 0.52 	 0.16
100744 	 117213 	 0.50 	 0.18
100744 	  94005 	 0.54 	 0.15
118234 	 113290 	 0.54 	 0.20
122171 	  79310 	 0.51 	 0.15
122171 	 109399 	 0.51 	 0.17
103973 	  92865 	 0.51 	 0.18
121157 	  95603 	 0.50 	 0.18
121157 	  94264 	 0.53 	 0.14
121157 	  94785 	 0.50 	 0.19
121157 	  96012 	 0.50 	 0.18
121157 	  34379 	 0.59 	 0.14
121157 	  95790 	 0.50 	 0.15
 81503 	  28241 	 0.53 	 0.17
 81503 	  82246 	 0.52 	 0.14
 81503 	 114535 	 0.52 	 0.12
 81503 	  65863 	 0.52 	 0.12
 81503 	  58481 	 0.53 	 0.19
 81503 	  94785 	 0.52 	 0.12
 81503 	   8179 	 0.56 	 0.17
 81503 	 120998 	 0.53 	 0.16
 81503 	   2267 	 0.52 	 0.17
 81503 	  94005 	 0.52 	 0.11
116540 	 117081 	 0.51 	 0.15
  2268 	  52768 	 0.52 	 0.17
  2268 	 110268 	 0.56 	 0.20
  2268 	 117081 	 0.55 	 0.12
  2268 	  92250 	 0.55 	 0.13
  2268 	 111407 	 0.51 	 0.20
  2268 	  70646 	 0.59 	 0.16
  2268 	 101892 	 0.50 	 0.17
  2268 	 122945 	 0.54 	 0.19
  2268 	 108174 	 0.51 	 0.15
  2268 	  52224 	 0.53 	 0.13
  2268 	 107489 	 0.56 	 0.17
  2268 	 105413 	 0.51 	 0.15
  2268 	  48486 	 0.55 	 0.13
  2268 	 100142 	 0.54 	 0.19
  2268 	 123976 	 0.52 	 0.19
  2268 	 100744 	 0.54 	 0.13
  2268 	  81503 	 0.52 	 0.14
  7303 	 205919 	 0.53 	 0.14
  7303 	 114621 	 0.55 	 0.16
  7303 	  94332 	 0.52 	 0.20
  7303 	  65887 	 0.50 	 0.11
  7303 	  79768 	 0.54 	 0.12
  7303 	  83275 	 0.57 	 0.19
 92509 	 127102 	 0.51 	 0.18
 92509 	  93163 	 0.55 	 0.16
 92509 	  82555 	 0.58 	 0.14
 92509 	 128844 	 0.51 	 0.17
 92509 	 130983 	 0.51 	 0.17
 92509 	  65863 	 0.56 	 0.17
 92509 	 131017 	 0.51 	 0.20
 92509 	 101892 	 0.55 	 0.14
 92509 	  94785 	 0.56 	 0.19
 92509 	 116522 	 0.58 	 0.18
 92509 	 120065 	 0.50 	 0.14
 92509 	  85142 	 0.51 	 0.18
 92509 	 108174 	 0.57 	 0.15
 92509 	 105413 	 0.53 	 0.12
 92509 	  28201 	 0.51 	 0.14
 82242 	  50275 	 0.51 	 0.20
 82242 	  95573 	 0.52 	 0.19
 82242 	  52768 	 0.56 	 0.12
 82242 	  80370 	 0.59 	 0.20
 82242 	  76155 	 0.52 	 0.18
 82242 	  91926 	 0.59 	 0.18
 82242 	  94332 	 0.52 	 0.15
 82242 	 111407 	 0.51 	 0.19
 82242 	  58481 	 0.51 	 0.14
 82242 	  52894 	 0.54 	 0.17
 82242 	  43129 	 0.52 	 0.18
 82242 	   8179 	 0.50 	 0.16
 82242 	  85142 	 0.56 	 0.15
 82242 	 101365 	 0.54 	 0.18
 82242 	  28201 	 0.50 	 0.18
 82242 	  69513 	 0.51 	 0.18
 82242 	   2267 	 0.54 	 0.16
 82242 	    514 	 0.52 	 0.14
 82242 	  95790 	 0.52 	 0.18
 82242 	  94005 	 0.54 	 0.20
 82242 	 109086 	 0.54 	 0.13
 82242 	  81503 	 0.52 	 0.17
 82242 	   2268 	 0.58 	 0.18
 66563 	  52768 	 0.52 	 0.20
 66563 	 122022 	 0.51 	 0.16
 66563 	 117081 	 0.55 	 0.15
 66563 	  92250 	 0.55 	 0.10
 66563 	 131017 	 0.50 	 0.18
 66563 	  70646 	 0.59 	 0.17
 66563 	 105815 	 0.54 	 0.16
 66563 	 101892 	 0.54 	 0.17
 66563 	   2996 	 0.52 	 0.13
 66563 	 108174 	 0.51 	 0.13
 66563 	 107489 	 0.56 	 0.17
 66563 	 109086 	 0.50 	 0.11
 66563 	 129421 	 0.52 	 0.18
 66563 	 100744 	 0.54 	 0.16
 66563 	  81503 	 0.52 	 0.12
 66563 	  92509 	 0.56 	 0.17
 66563 	  82242 	 0.54 	 0.19
 62878 	  91563 	 0.52 	 0.17
108160 	 105815 	 0.50 	 0.18
108160 	 107458 	 0.57 	 0.16
128300 	  52224 	 0.54 	 0.18
101850 	  58883 	 0.57 	 0.15
 70788 	  10217 	 0.52 	 0.17
108765 	  39337 	 0.57 	 0.19
108765 	  76155 	 0.55 	 0.20
108765 	 117081 	 0.54 	 0.16
108765 	  65863 	 0.51 	 0.18
108765 	  70646 	 0.51 	 0.19
108765 	 105413 	 0.51 	 0.13
108765 	   2267 	 0.51 	 0.19
108765 	 109086 	 0.53 	 0.17
108765 	  58883 	 0.50 	 0.14
119270 	  52768 	 0.52 	 0.16
119270 	 122022 	 0.55 	 0.14
119270 	 110268 	 0.52 	 0.19
119270 	   7012 	 0.53 	 0.17
119270 	  85142 	 0.52 	 0.17
119270 	 107489 	 0.54 	 0.15
119270 	    514 	 0.52 	 0.11
103038 	 117081 	 0.51 	 0.18
103038 	  92250 	 0.54 	 0.17
103038 	 129134 	 0.54 	 0.17
103038 	  95350 	 0.51 	 0.18
 99548 	 101892 	 0.54 	 0.18
 99548 	 114673 	 0.55 	 0.18
 99548 	 107458 	 0.51 	 0.15
 86131 	   7303 	 0.53 	 0.15
  7854 	  52768 	 0.52 	 0.16
  7854 	 117081 	 0.55 	 0.12
  7854 	  92250 	 0.55 	 0.12
  7854 	  70646 	 0.59 	 0.17
  7854 	 101892 	 0.50 	 0.16
  7854 	 108174 	 0.51 	 0.14
  7854 	  52224 	 0.53 	 0.16
  7854 	 107489 	 0.56 	 0.14
  7854 	 105413 	 0.51 	 0.15
  7854 	 100142 	 0.54 	 0.16
  7854 	 100744 	 0.54 	 0.13
  7854 	  81503 	 0.56 	 0.11
  7854 	  82242 	 0.54 	 0.18
 66058 	  91926 	 0.52 	 0.18
 66058 	 117081 	 0.51 	 0.18
 66058 	 101892 	 0.54 	 0.17
 66058 	 108174 	 0.52 	 0.13
 66058 	  48486 	 0.52 	 0.14
 66058 	  95790 	 0.52 	 0.20
 66058 	 109086 	 0.50 	 0.13
 66058 	  58883 	 0.54 	 0.12
 66058 	 116540 	 0.51 	 0.17
 66058 	  82242 	 0.59 	 0.18
119890 	  39337 	 0.55 	 0.18
119890 	  95573 	 0.54 	 0.18
119890 	  82555 	 0.58 	 0.13
119890 	  80370 	 0.57 	 0.18
119890 	  28241 	 0.53 	 0.16
119890 	  95603 	 0.54 	 0.17
119890 	 111407 	 0.53 	 0.15
119890 	  65863 	 0.56 	 0.16
119890 	 105970 	 0.52 	 0.20
119890 	  94785 	 0.56 	 0.18
119890 	  91637 	 0.50 	 0.15
119890 	  43129 	 0.50 	 0.12
119890 	   8179 	 0.56 	 0.17
119890 	 108174 	 0.53 	 0.19
119890 	  83275 	 0.59 	 0.18
119890 	 107489 	 0.50 	 0.14
119890 	  28201 	 0.59 	 0.13
119890 	  95790 	 0.54 	 0.14
127382 	  93163 	 0.59 	 0.16
127382 	 105200 	 0.53 	 0.19
127382 	  28241 	 0.50 	 0.16
127382 	 108174 	 0.50 	 0.12
127382 	  52786 	 0.50 	 0.18
103084 	  76155 	 0.54 	 0.19
103084 	  75566 	 0.51 	 0.19
103084 	  95350 	 0.53 	 0.19
 68575 	  95573 	 0.50 	 0.17
 68575 	  82555 	 0.54 	 0.12
 68575 	 105200 	 0.53 	 0.17
 68575 	 108174 	 0.53 	 0.17
 68575 	 105413 	 0.55 	 0.15
117924 	  92250 	 0.56 	 0.14
128707 	  39337 	 0.50 	 0.17
128707 	  93163 	 0.56 	 0.16
128707 	 105200 	 0.56 	 0.15
128707 	  28241 	 0.52 	 0.13
128707 	  92865 	 0.53 	 0.18
128707 	 114535 	 0.51 	 0.15
128707 	  70646 	 0.51 	 0.19
128707 	 115173 	 0.54 	 0.19
128707 	 104295 	 0.51 	 0.19
128707 	 101749 	 0.51 	 0.19
128707 	 115220 	 0.51 	 0.20
128707 	  34379 	 0.53 	 0.14
128707 	  94005 	 0.51 	 0.16
128707 	   2268 	 0.51 	 0.14
128707 	  66563 	 0.51 	 0.17
128707 	 103038 	 0.54 	 0.20
128707 	   7854 	 0.51 	 0.15
128707 	  66058 	 0.51 	 0.18
 96495 	  80370 	 0.50 	 0.19
 96495 	 122022 	 0.59 	 0.20
 96495 	  92250 	 0.53 	 0.14
 96495 	  65863 	 0.50 	 0.19
 96495 	 129134 	 0.53 	 0.19
 96495 	 108174 	 0.54 	 0.13
 96495 	 109086 	 0.58 	 0.15
 96495 	  82242 	 0.50 	 0.19
 96495 	 119890 	 0.51 	 0.15
105872 	  93163 	 0.55 	 0.14
105872 	 100225 	 0.50 	 0.18
105872 	  95573 	 0.52 	 0.17
105872 	 106205 	 0.55 	 0.17
105872 	 115173 	 0.53 	 0.20
105872 	 103133 	 0.53 	 0.17
105872 	 108174 	 0.56 	 0.20
105872 	 115220 	 0.53 	 0.20
105872 	 123976 	 0.52 	 0.18
124765 	  39337 	 0.51 	 0.16
124765 	  93163 	 0.51 	 0.19
124765 	  76155 	 0.56 	 0.19
124765 	 122022 	 0.52 	 0.19
124765 	 117081 	 0.52 	 0.17
124765 	  92250 	 0.55 	 0.19
124765 	  65863 	 0.52 	 0.18
124765 	 120065 	 0.53 	 0.15
124765 	 108174 	 0.57 	 0.20
124765 	  58883 	 0.51 	 0.12
124765 	   2268 	 0.52 	 0.19
124765 	   7854 	 0.52 	 0.19
124765 	 119890 	 0.57 	 0.19
 90122 	  93163 	 0.52 	 0.16
 90122 	 107489 	 0.59 	 0.17
 90122 	  48486 	 0.54 	 0.14
 90122 	  34379 	 0.59 	 0.16
 90122 	 105156 	 0.53 	 0.16
 90122 	 123976 	 0.51 	 0.20
 90122 	 121157 	 0.57 	 0.18
 90122 	  82242 	 0.54 	 0.18
 76123 	  90122 	 0.51 	 0.11
131601 	 122022 	 0.51 	 0.19
131601 	  53672 	 0.53 	 0.11
131601 	 101892 	 0.54 	 0.15
131601 	 107458 	 0.51 	 0.17
131601 	 100142 	 0.51 	 0.13
131601 	 100744 	 0.55 	 0.18
131601 	  99548 	 0.51 	 0.14
111569 	 119890 	 0.55 	 0.17
 68241 	 127855 	 0.51 	 0.17
124365 	  58883 	 0.55 	 0.17
 97422 	  93163 	 0.50 	 0.17
 94367 	 117081 	 0.54 	 0.20
 94367 	  92250 	 0.51 	 0.15
 94367 	 107458 	 0.51 	 0.17
108883 	  58481 	 0.51 	 0.19
128822 	  93163 	 0.58 	 0.18
128822 	  82555 	 0.51 	 0.10
128822 	  80370 	 0.50 	 0.20
128822 	 105200 	 0.58 	 0.16
128822 	 114535 	 0.54 	 0.16
128822 	  65863 	 0.50 	 0.16
128822 	  58481 	 0.58 	 0.19
128822 	  94785 	 0.50 	 0.20
128822 	 120065 	 0.51 	 0.14
128822 	 108174 	 0.54 	 0.15
128822 	 105413 	 0.50 	 0.15
128822 	  34379 	 0.50 	 0.12
128822 	 121308 	 0.53 	 0.18
128822 	   2267 	 0.50 	 0.15
128822 	  94005 	 0.54 	 0.17
128822 	 109086 	 0.52 	 0.14
128822 	   2268 	 0.54 	 0.13
128822 	  66563 	 0.54 	 0.17
128822 	   7854 	 0.54 	 0.15
128822 	  66058 	 0.54 	 0.20
126225 	  91880 	 0.50 	 0.18
126225 	  93866 	 0.53 	 0.18
126225 	 109399 	 0.53 	 0.19
126225 	  99548 	 0.57 	 0.16
113068 	 122022 	 0.51 	 0.14
113068 	 107934 	 0.56 	 0.15
113068 	 110268 	 0.51 	 0.17
113068 	   7012 	 0.51 	 0.14
113068 	  92250 	 0.51 	 0.12
113068 	 128762 	 0.53 	 0.15
113068 	 107458 	 0.54 	 0.11
113068 	 106697 	 0.54 	 0.17
113068 	 124177 	 0.53 	 0.16
113068 	 102995 	 0.54 	 0.18
113068 	 126048 	 0.55 	 0.19
113068 	 128822 	 0.50 	 0.15
117793 	  52224 	 0.54 	 0.18
125108 	 105156 	 0.55 	 0.16
113639 	  39337 	 0.52 	 0.19
113639 	  93163 	 0.51 	 0.18
113639 	  76155 	 0.54 	 0.19
113639 	  28241 	 0.51 	 0.15
113639 	  92250 	 0.53 	 0.18
113639 	 120065 	 0.50 	 0.15
113639 	  52786 	 0.51 	 0.14
113639 	  95350 	 0.50 	 0.16
113639 	 109086 	 0.58 	 0.14
113639 	   2268 	 0.50 	 0.20
113639 	  82242 	 0.50 	 0.19
 94032 	 107458 	 0.51 	 0.16
 94032 	 110898 	 0.53 	 0.19
 94032 	 124069 	 0.50 	 0.16
 98993 	 117081 	 0.51 	 0.17
 98993 	 107489 	 0.50 	 0.18
 50841 	  39337 	 0.50 	 0.19
 50841 	  76155 	 0.52 	 0.16
 50841 	 126200 	 0.58 	 0.20
 50841 	 124999 	 0.50 	 0.19
 50841 	  28241 	 0.52 	 0.15
 50841 	   7012 	 0.52 	 0.17
 50841 	  92865 	 0.50 	 0.17
 50841 	 105815 	 0.53 	 0.19
 50841 	 108174 	 0.56 	 0.18
 50841 	 117213 	 0.56 	 0.18
 50841 	 119270 	 0.58 	 0.17
 50841 	  66058 	 0.51 	 0.19
 50841 	 128822 	 0.53 	 0.16
 91849 	 114673 	 0.53 	 0.18
107802 	  70646 	 0.50 	 0.16
107802 	 109399 	 0.54 	 0.16
107802 	 119884 	 0.52 	 0.12
103602 	 107802 	 0.52 	 0.15
101626 	 117081 	 0.51 	 0.18
101626 	  95350 	 0.57 	 0.19
101626 	 128707 	 0.54 	 0.19
101626 	 105872 	 0.53 	 0.19
101626 	 113068 	 0.50 	 0.19
 31821 	 110641 	 0.52 	 0.18
 31821 	 100225 	 0.51 	 0.17
 31821 	  95573 	 0.53 	 0.15
 31821 	 105815 	 0.51 	 0.18
 31821 	 104295 	 0.52 	 0.18
 31821 	 101749 	 0.52 	 0.18
 31821 	 115220 	 0.52 	 0.18
 31821 	 106697 	 0.50 	 0.17
 31821 	 124177 	 0.54 	 0.17
 31821 	 102995 	 0.50 	 0.17
 31821 	 126974 	 0.50 	 0.13
 31821 	 127382 	 0.55 	 0.18
 31821 	 128707 	 0.51 	 0.19
 31821 	 124765 	 0.53 	 0.17
 31821 	 113639 	 0.56 	 0.17
 98813 	 124225 	 0.50 	 0.17
 61674 	 122022 	 0.56 	 0.17
 61674 	  92865 	 0.55 	 0.19
 61674 	  92250 	 0.56 	 0.11
 61674 	 120998 	 0.51 	 0.20
 61674 	 107489 	 0.52 	 0.15
 61674 	 107890 	 0.54 	 0.20
 61674 	 101850 	 0.51 	 0.19
121983 	  82555 	 0.50 	 0.13
121983 	   8980 	 0.50 	 0.19
121983 	 127649 	 0.51 	 0.16
121983 	 128975 	 0.51 	 0.17
 92153 	  93163 	 0.50 	 0.17
 92153 	 107458 	 0.52 	 0.19
 92153 	 107489 	 0.55 	 0.18
 92477 	 125052 	 0.50 	 0.19
 92477 	 108185 	 0.50 	 0.19
 92477 	 107458 	 0.50 	 0.18
 92477 	 120346 	 0.57 	 0.20
 92477 	 125108 	 0.52 	 0.18
124281 	 117081 	 0.55 	 0.17
124281 	 129134 	 0.50 	 0.19
111453 	  93163 	 0.54 	 0.17
111453 	  90122 	 0.55 	 0.20
 82662 	 100225 	 0.50 	 0.17
 82662 	 114535 	 0.50 	 0.13
 82662 	 101544 	 0.51 	 0.17
 82662 	 115173 	 0.53 	 0.14
 82662 	 104295 	 0.51 	 0.14
 82662 	 101749 	 0.51 	 0.14
 82662 	 115220 	 0.51 	 0.16
 82662 	 107890 	 0.52 	 0.12
 82662 	  94005 	 0.50 	 0.13
 82662 	   2268 	 0.50 	 0.12
 82662 	   7854 	 0.50 	 0.12
 82662 	 131601 	 0.51 	 0.18
 82662 	 113639 	 0.52 	 0.15
 82662 	 101626 	 0.53 	 0.14
 64212 	 127102 	 0.53 	 0.17
 64212 	  39337 	 0.54 	 0.19
 64212 	  91563 	 0.52 	 0.16
 64212 	  52768 	 0.52 	 0.19
 64212 	   2986 	 0.51 	 0.15
 64212 	  80370 	 0.55 	 0.17
 64212 	 128844 	 0.53 	 0.16
 64212 	 130983 	 0.53 	 0.16
 64212 	  91926 	 0.59 	 0.15
 64212 	   7012 	 0.51 	 0.19
 64212 	 117081 	 0.55 	 0.18
 64212 	  92250 	 0.51 	 0.13
 64212 	 111407 	 0.51 	 0.16
 64212 	 101365 	 0.54 	 0.18
 64212 	 105413 	 0.51 	 0.17
 64212 	  37931 	 0.56 	 0.11
 64212 	    514 	 0.56 	 0.13
 64212 	  82242 	 0.54 	 0.13
 64212 	 108765 	 0.51 	 0.17
 64212 	 128822 	 0.54 	 0.17
116362 	 105815 	 0.50 	 0.20
105591 	  92865 	 0.52 	 0.16
105591 	 121157 	 0.53 	 0.17
128928 	  93163 	 0.51 	 0.18
128928 	  76155 	 0.56 	 0.20
128928 	 107934 	 0.56 	 0.20
128928 	  28241 	 0.53 	 0.17
128928 	  58883 	 0.51 	 0.14
128928 	 105872 	 0.52 	 0.16
128928 	  50841 	 0.52 	 0.19
128928 	  31821 	 0.53 	 0.17
128928 	  64212 	 0.52 	 0.17
128079 	  94332 	 0.58 	 0.17
128079 	  65782 	 0.58 	 0.18
118243 	  76155 	 0.54 	 0.16
118243 	  73957 	 0.50 	 0.18
118243 	  58883 	 0.54 	 0.17
118243 	  31821 	 0.50 	 0.18
118243 	  61674 	 0.54 	 0.19
112063 	  76155 	 0.56 	 0.19
112063 	  85972 	 0.54 	 0.19
112063 	  31821 	 0.52 	 0.17
130833 	  95182 	 0.51 	 0.14
114929 	  59539 	 0.55 	 0.12
114929 	 107802 	 0.52 	 0.13
123347 	  39337 	 0.54 	 0.15
123347 	  93163 	 0.53 	 0.11
123347 	  95573 	 0.59 	 0.18
123347 	  82555 	 0.53 	 0.16
123347 	  80370 	 0.51 	 0.12
123347 	  76155 	 0.55 	 0.14
123347 	 110571 	 0.53 	 0.18
123347 	 122022 	 0.51 	 0.11
123347 	 129131 	 0.55 	 0.17
123347 	  28241 	 0.56 	 0.15
123347 	 114379 	 0.57 	 0.12
123347 	  91926 	 0.51 	 0.14
123347 	  92865 	 0.54 	 0.14
123347 	  65863 	 0.51 	 0.13
123347 	  70646 	 0.51 	 0.12
123347 	  85972 	 0.57 	 0.19
123347 	  94785 	 0.51 	 0.12
123347 	 104295 	 0.58 	 0.19
123347 	 124419 	 0.55 	 0.18
123347 	  52894 	 0.50 	 0.11
123347 	 124080 	 0.51 	 0.17
123347 	   8179 	 0.55 	 0.14
123347 	  73957 	 0.52 	 0.12
123347 	 101749 	 0.58 	 0.18
123347 	 105413 	 0.51 	 0.12
123347 	 127221 	 0.53 	 0.14
123347 	 106697 	 0.56 	 0.18
123347 	 102995 	 0.56 	 0.18
123347 	   2267 	 0.55 	 0.13
123347 	 107890 	 0.53 	 0.18
123347 	  94005 	 0.55 	 0.11
123347 	 123976 	 0.59 	 0.16
123347 	   2268 	 0.55 	 0.11
123347 	 108160 	 0.54 	 0.12
123347 	 106244 	 0.51 	 0.16
123347 	 108765 	 0.58 	 0.17
123347 	   7854 	 0.55 	 0.10
123347 	 127382 	 0.59 	 0.16
123347 	 103084 	 0.56 	 0.18
123347 	 117924 	 0.53 	 0.16
123347 	 124765 	 0.59 	 0.17
123347 	 128822 	 0.57 	 0.14
123347 	 113068 	 0.51 	 0.10
123347 	 113639 	 0.56 	 0.19
123347 	 129161 	 0.50 	 0.14
123347 	  61674 	 0.56 	 0.10
123347 	 124281 	 0.55 	 0.17
123347 	  64212 	 0.51 	 0.10
123347 	 112063 	 0.58 	 0.20
 58385 	 122022 	 0.56 	 0.17
 58385 	  92250 	 0.56 	 0.11
 58385 	 107489 	 0.52 	 0.15
 58385 	 107890 	 0.54 	 0.19
 58385 	 118243 	 0.54 	 0.18
 58385 	 123347 	 0.56 	 0.10
105144 	 127102 	 0.52 	 0.19
105144 	 128844 	 0.52 	 0.18
105144 	 105200 	 0.50 	 0.12
105144 	 130983 	 0.52 	 0.19
105144 	  92250 	 0.55 	 0.10
105144 	 111407 	 0.52 	 0.19
105144 	 120065 	 0.55 	 0.18
105144 	 120998 	 0.53 	 0.17
105144 	 124177 	 0.51 	 0.16
105144 	  95790 	 0.50 	 0.16
105144 	 123976 	 0.50 	 0.19
105144 	  92509 	 0.57 	 0.16
105144 	 127382 	 0.52 	 0.16
105144 	  68575 	 0.55 	 0.19
105144 	  96495 	 0.53 	 0.20
105144 	 124765 	 0.53 	 0.18
105144 	 128822 	 0.54 	 0.19
105144 	  50841 	 0.51 	 0.15
105144 	 128928 	 0.50 	 0.15
130531 	  93163 	 0.59 	 0.16
130531 	 105200 	 0.53 	 0.18
130531 	  28241 	 0.50 	 0.12
130531 	  92865 	 0.54 	 0.19
130531 	 108174 	 0.50 	 0.13
130531 	  52786 	 0.50 	 0.18
130531 	  31821 	 0.55 	 0.19
130531 	 105144 	 0.52 	 0.17
 92655 	 126200 	 0.54 	 0.17
  3476 	  94032 	 0.54 	 0.16
113084 	 127102 	 0.54 	 0.15
113084 	   5543 	 0.59 	 0.19
113084 	  76155 	 0.51 	 0.15
113084 	 128844 	 0.54 	 0.14
113084 	 105200 	 0.51 	 0.15
113084 	 122022 	 0.57 	 0.17
113084 	 113027 	 0.51 	 0.13
113084 	 130983 	 0.54 	 0.13
113084 	   7012 	 0.52 	 0.17
113084 	  92865 	 0.53 	 0.15
113084 	 131017 	 0.52 	 0.12
113084 	 127855 	 0.50 	 0.13
113084 	  52894 	 0.52 	 0.15
113084 	 108174 	 0.51 	 0.11
113084 	 100142 	 0.50 	 0.18
113084 	  69513 	 0.50 	 0.13
113084 	 102995 	 0.52 	 0.19
113084 	 117213 	 0.52 	 0.13
113084 	 126974 	 0.52 	 0.17
113084 	 100744 	 0.50 	 0.12
113084 	 103973 	 0.59 	 0.19
113084 	 119270 	 0.58 	 0.11
113084 	  99548 	 0.50 	 0.12
113084 	  68575 	 0.51 	 0.18
113084 	 128975 	 0.50 	 0.17
113084 	 113639 	 0.52 	 0.18
113084 	 105144 	 0.58 	 0.14
113084 	 130531 	 0.58 	 0.16
 98306 	 123347 	 0.58 	 0.16
