110641 	 117891 	 0.47 	 0.56
127533 	  94908 	 0.47 	 0.52
130780 	 128397 	 0.49 	 0.56
131018 	  96511 	 0.48 	 0.57
101280 	 117891 	 0.43 	 0.56
101280 	 130665 	 0.41 	 0.52
101280 	 126626 	 0.47 	 0.52
103813 	 110641 	 0.48 	 0.51
102503 	 101280 	 0.44 	 0.59
100909 	  94927 	 0.40 	 0.57
131017 	 126869 	 0.47 	 0.54
127451 	 131017 	 0.48 	 0.51
126216 	 129960 	 0.41 	 0.57
115173 	  99902 	 0.44 	 0.54
115173 	 103813 	 0.48 	 0.57
115173 	  99477 	 0.43 	 0.52
104295 	  99902 	 0.49 	 0.57
104295 	 103813 	 0.49 	 0.55
104295 	  99477 	 0.44 	 0.52
124419 	 129434 	 0.41 	 0.56
122251 	 118363 	 0.42 	 0.59
130217 	 102503 	 0.44 	 0.55
130217 	 129434 	 0.43 	 0.53
124080 	  99477 	 0.45 	 0.58
124080 	 124419 	 0.48 	 0.53
103133 	 106567 	 0.48 	 0.56
103133 	 103813 	 0.41 	 0.58
103133 	 102503 	 0.44 	 0.54
103133 	 129644 	 0.47 	 0.52
111666 	 103133 	 0.42 	 0.53
125990 	  94927 	 0.40 	 0.53
125990 	 117891 	 0.41 	 0.56
125990 	  99902 	 0.44 	 0.55
125990 	 126626 	 0.44 	 0.52
125990 	 102503 	 0.48 	 0.55
125990 	 129434 	 0.41 	 0.56
125990 	 128492 	 0.41 	 0.54
125990 	 111666 	 0.46 	 0.50
129208 	 131017 	 0.46 	 0.50
 98252 	 127533 	 0.48 	 0.55
 98252 	 119111 	 0.49 	 0.51
 98252 	 124419 	 0.46 	 0.54
 98252 	 130217 	 0.46 	 0.55
101365 	 101510 	 0.42 	 0.54
101365 	 118363 	 0.49 	 0.51
 99159 	  94927 	 0.46 	 0.50
 99159 	 117891 	 0.41 	 0.52
 99159 	 127533 	 0.42 	 0.54
 99159 	 101280 	 0.44 	 0.59
 99159 	 129434 	 0.47 	 0.53
 99159 	 130217 	 0.42 	 0.55
 99159 	 125990 	 0.41 	 0.57
122945 	 100617 	 0.49 	 0.52
122945 	 129434 	 0.49 	 0.52
 99455 	 110268 	 0.49 	 0.50
 99455 	 101160 	 0.41 	 0.52
 99455 	 100909 	 0.41 	 0.53
 99455 	 125990 	 0.43 	 0.58
102481 	 106567 	 0.41 	 0.59
102481 	 100909 	 0.49 	 0.51
102481 	 130217 	 0.47 	 0.55
119112 	 101673 	 0.49 	 0.52
110588 	  94908 	 0.48 	 0.55
110588 	  94927 	 0.41 	 0.54
110588 	 117891 	 0.42 	 0.55
110588 	 129434 	 0.42 	 0.57
110588 	 128492 	 0.42 	 0.57
101749 	  99902 	 0.49 	 0.60
101749 	 103813 	 0.49 	 0.54
101749 	  99477 	 0.44 	 0.51
101749 	  98252 	 0.42 	 0.50
115220 	  94927 	 0.47 	 0.53
115220 	 117891 	 0.46 	 0.56
115220 	 103813 	 0.49 	 0.51
115220 	 128492 	 0.42 	 0.57
124477 	 100909 	 0.42 	 0.52
 81262 	  10217 	 0.45 	 0.59
127221 	  94927 	 0.40 	 0.51
127221 	 100909 	 0.46 	 0.51
127221 	 128492 	 0.45 	 0.57
127221 	 122600 	 0.43 	 0.52
106697 	 103813 	 0.42 	 0.55
 95781 	 122600 	 0.48 	 0.53
 95409 	 100909 	 0.41 	 0.51
124225 	 103133 	 0.44 	 0.52
128471 	 103133 	 0.44 	 0.52
128471 	  99159 	 0.44 	 0.57
102995 	 103813 	 0.42 	 0.50
102995 	 129434 	 0.49 	 0.52
102995 	 128492 	 0.46 	 0.54
 82463 	  69633 	 0.46 	 0.54
 86335 	  62649 	 0.48 	 0.55
 94005 	  66308 	 0.49 	 0.52
123976 	  94908 	 0.43 	 0.58
123976 	  94927 	 0.41 	 0.60
123976 	 130665 	 0.43 	 0.55
123976 	 126626 	 0.46 	 0.54
123976 	 100909 	 0.48 	 0.58
123976 	  99455 	 0.44 	 0.55
123976 	 102481 	 0.48 	 0.50
123976 	 103677 	 0.43 	 0.59
123976 	 122600 	 0.43 	 0.53
123976 	 115258 	 0.49 	 0.59
129747 	 129644 	 0.42 	 0.52
129747 	  98252 	 0.42 	 0.54
129747 	  99159 	 0.44 	 0.55
117950 	 118432 	 0.48 	 0.50
124881 	 126626 	 0.45 	 0.50
126974 	 129208 	 0.43 	 0.54
113610 	 106697 	 0.49 	 0.53
113610 	 102995 	 0.49 	 0.51
 61753 	  86335 	 0.48 	 0.57
110974 	 100909 	 0.48 	 0.57
110974 	 124419 	 0.44 	 0.56
110974 	  99159 	 0.48 	 0.51
110974 	 102481 	 0.47 	 0.56
110974 	 110588 	 0.49 	 0.57
110974 	 123976 	 0.47 	 0.53
123022 	 102481 	 0.47 	 0.52
118234 	 118432 	 0.45 	 0.52
115883 	 123976 	 0.43 	 0.54
  2268 	  75566 	 0.47 	 0.54
126651 	 130780 	 0.45 	 0.57
126651 	 127451 	 0.40 	 0.52
113681 	 123976 	 0.49 	 0.52
113681 	 124881 	 0.47 	 0.54
 77586 	   5543 	 0.42 	 0.51
 70788 	   4793 	 0.41 	 0.60
 70788 	   3208 	 0.42 	 0.53
108765 	 129644 	 0.43 	 0.53
108765 	 124080 	 0.48 	 0.50
108765 	 106697 	 0.47 	 0.53
108765 	 102995 	 0.47 	 0.52
126646 	 101280 	 0.43 	 0.57
126646 	 130217 	 0.43 	 0.54
126646 	 125990 	 0.41 	 0.58
126646 	 110588 	 0.42 	 0.58
103038 	  94927 	 0.47 	 0.53
103038 	 117891 	 0.46 	 0.53
103038 	 129644 	 0.42 	 0.55
103038 	 129434 	 0.48 	 0.50
103038 	 128492 	 0.46 	 0.55
103038 	 124225 	 0.46 	 0.56
126048 	 103133 	 0.42 	 0.52
126048 	 102481 	 0.45 	 0.57
126048 	 127221 	 0.48 	 0.57
126048 	 108765 	 0.45 	 0.53
126048 	 103038 	 0.49 	 0.56
  7854 	  66308 	 0.49 	 0.58
  7854 	  75566 	 0.47 	 0.59
127707 	 110571 	 0.48 	 0.58
127707 	 103133 	 0.41 	 0.52
127707 	  99159 	 0.40 	 0.58
127707 	 115258 	 0.45 	 0.59
126274 	 103038 	 0.43 	 0.60
124069 	 103133 	 0.44 	 0.50
124069 	 102481 	 0.49 	 0.52
124069 	 103677 	 0.48 	 0.60
124069 	 127221 	 0.46 	 0.51
124069 	 103733 	 0.49 	 0.56
127382 	 126651 	 0.40 	 0.51
 60615 	  86335 	 0.47 	 0.57
 60615 	  61797 	 0.47 	 0.54
130419 	 129960 	 0.42 	 0.57
124765 	  94908 	 0.43 	 0.56
124765 	  94927 	 0.41 	 0.59
124765 	 110641 	 0.45 	 0.55
124765 	 110571 	 0.43 	 0.55
124765 	 100909 	 0.48 	 0.56
124765 	 129434 	 0.45 	 0.57
124765 	 103677 	 0.43 	 0.57
124765 	 122600 	 0.43 	 0.52
124765 	 124477 	 0.48 	 0.51
124765 	 115258 	 0.44 	 0.54
124765 	 113610 	 0.47 	 0.58
124765 	 110898 	 0.47 	 0.53
124765 	 110974 	 0.47 	 0.56
124765 	 115883 	 0.46 	 0.53
102704 	 103133 	 0.44 	 0.53
102704 	 125990 	 0.48 	 0.54
111569 	  94908 	 0.42 	 0.55
111569 	 111666 	 0.41 	 0.60
111569 	 103677 	 0.42 	 0.58
111569 	 106697 	 0.46 	 0.55
111569 	 126248 	 0.45 	 0.57
111569 	 110974 	 0.43 	 0.51
111569 	 124069 	 0.44 	 0.55
113690 	 100909 	 0.42 	 0.52
113690 	 124765 	 0.48 	 0.51
108883 	 124477 	 0.48 	 0.57
108883 	 113690 	 0.48 	 0.57
123702 	 106567 	 0.45 	 0.52
123702 	 125990 	 0.47 	 0.51
123702 	 124765 	 0.42 	 0.50
126225 	 119680 	 0.49 	 0.51
117490 	 102481 	 0.46 	 0.52
117344 	  94908 	 0.48 	 0.50
117344 	 102481 	 0.44 	 0.53
113639 	  98252 	 0.44 	 0.58
113639 	 110588 	 0.45 	 0.59
113639 	 122600 	 0.43 	 0.55
113639 	 115883 	 0.46 	 0.54
113639 	 123702 	 0.45 	 0.52
 98993 	  94927 	 0.46 	 0.50
 98993 	 117891 	 0.41 	 0.52
 98993 	 127533 	 0.42 	 0.54
 98993 	 101280 	 0.44 	 0.59
 98993 	 129434 	 0.47 	 0.53
 98993 	 130217 	 0.42 	 0.55
 98993 	 125990 	 0.41 	 0.57
 98993 	 128471 	 0.46 	 0.57
 98993 	 129747 	 0.44 	 0.55
 98993 	 110974 	 0.45 	 0.51
 98993 	 127707 	 0.42 	 0.58
101626 	  99902 	 0.44 	 0.52
101626 	 103813 	 0.48 	 0.54
101626 	  99477 	 0.43 	 0.50
101626 	 113610 	 0.48 	 0.53
101626 	 111569 	 0.44 	 0.58
129161 	 131017 	 0.49 	 0.50
 31821 	  37931 	 0.49 	 0.56
125231 	 106697 	 0.47 	 0.58
125231 	 102995 	 0.47 	 0.56
125231 	 123976 	 0.40 	 0.50
125231 	 124765 	 0.47 	 0.58
124281 	  99902 	 0.42 	 0.55
124281 	  99477 	 0.40 	 0.55
124281 	 102481 	 0.45 	 0.55
124281 	 113610 	 0.49 	 0.55
124281 	 128300 	 0.40 	 0.53
124281 	 123702 	 0.49 	 0.51
124281 	  95748 	 0.45 	 0.50
 96106 	 119685 	 0.48 	 0.57
 96106 	  96223 	 0.46 	 0.58
 96106 	 113639 	 0.49 	 0.56
128928 	 130665 	 0.45 	 0.54
128928 	 110571 	 0.48 	 0.59
128928 	 126626 	 0.46 	 0.56
128928 	 115258 	 0.49 	 0.60
128928 	 125231 	 0.47 	 0.54
128079 	 129134 	 0.40 	 0.56
128079 	 128707 	 0.42 	 0.59
112063 	  99902 	 0.49 	 0.55
112063 	 103813 	 0.49 	 0.54
112063 	  99477 	 0.44 	 0.50
112063 	  98252 	 0.42 	 0.54
100687 	  99902 	 0.42 	 0.50
100687 	  98252 	 0.43 	 0.56
100687 	  99455 	 0.47 	 0.52
100687 	 102481 	 0.45 	 0.52
100687 	 128300 	 0.40 	 0.50
130833 	 127382 	 0.42 	 0.54
130531 	 126651 	 0.40 	 0.53
130531 	 130833 	 0.48 	 0.56
 98306 	 129434 	 0.44 	 0.51
 98306 	 111666 	 0.45 	 0.58
 98306 	 124069 	 0.42 	 0.51
122256 	 101510 	 0.44 	 0.50
122256 	 120346 	 0.48 	 0.59
103607 	 110571 	 0.47 	 0.59
103607 	 102503 	 0.43 	 0.58
103607 	 129434 	 0.49 	 0.57
103607 	  99159 	 0.49 	 0.57
103607 	 115258 	 0.49 	 0.59
103607 	 113610 	 0.49 	 0.60
103607 	 126646 	 0.49 	 0.56
103607 	 126274 	 0.43 	 0.54
103607 	 102704 	 0.43 	 0.58
103607 	  98993 	 0.49 	 0.57
