113401 	 106567 	 0.41 	 0.35
 94908 	 113401 	 0.45 	 0.34
118052 	  94927 	 0.47 	 0.38
 96511 	 106567 	 0.48 	 0.34
 96511 	  94908 	 0.45 	 0.35
 96511 	  94927 	 0.42 	 0.32
117891 	 113401 	 0.44 	 0.34
117891 	 118052 	 0.44 	 0.33
117891 	  96511 	 0.41 	 0.35
117976 	  94908 	 0.43 	 0.36
117976 	 118052 	 0.40 	 0.31
110641 	 113401 	 0.49 	 0.34
110641 	  96511 	 0.48 	 0.33
100225 	 113401 	 0.45 	 0.35
100225 	  94908 	 0.40 	 0.35
100225 	  94927 	 0.40 	 0.34
100225 	 119680 	 0.41 	 0.34
130665 	 113401 	 0.40 	 0.32
 95573 	  94908 	 0.43 	 0.34
 95573 	  94927 	 0.44 	 0.33
 95573 	 119680 	 0.42 	 0.33
127242 	 106567 	 0.41 	 0.34
 80370 	   2986 	 0.40 	 0.37
106302 	 113401 	 0.48 	 0.30
106302 	  95573 	 0.46 	 0.33
106205 	 113401 	 0.45 	 0.33
127533 	 117976 	 0.43 	 0.33
127533 	 119680 	 0.41 	 0.32
127533 	 100225 	 0.47 	 0.34
127533 	  76155 	 0.43 	 0.31
109693 	 106567 	 0.41 	 0.34
109693 	 127102 	 0.41 	 0.31
109693 	 128844 	 0.41 	 0.31
 99902 	 118052 	 0.45 	 0.33
 99902 	 100225 	 0.47 	 0.39
122022 	   5543 	 0.42 	 0.31
 88333 	 117891 	 0.40 	 0.30
 96738 	 119680 	 0.40 	 0.31
 96738 	 130665 	 0.40 	 0.32
 70752 	  94908 	 0.40 	 0.34
  8980 	 127242 	 0.49 	 0.31
130780 	  94908 	 0.45 	 0.32
130780 	  88333 	 0.49 	 0.31
107934 	 106567 	 0.43 	 0.35
107934 	  94927 	 0.43 	 0.31
107934 	 117891 	 0.42 	 0.31
129131 	  97838 	 0.49 	 0.38
131018 	  94908 	 0.41 	 0.31
131018 	  94927 	 0.48 	 0.37
131018 	  96738 	 0.42 	 0.39
126626 	  96738 	 0.43 	 0.32
126626 	 131018 	 0.45 	 0.36
113027 	  91563 	 0.47 	 0.35
 28241 	 127102 	 0.47 	 0.30
 28241 	 128844 	 0.47 	 0.31
130983 	 109693 	 0.41 	 0.31
130983 	  28241 	 0.47 	 0.31
126721 	   8980 	 0.44 	 0.32
101280 	  96511 	 0.46 	 0.33
101280 	 117976 	 0.48 	 0.37
101280 	 119680 	 0.41 	 0.33
101280 	 100225 	 0.44 	 0.36
101280 	  95573 	 0.43 	 0.36
110268 	  94908 	 0.43 	 0.38
103813 	 113401 	 0.46 	 0.34
103813 	  96511 	 0.41 	 0.33
101160 	 106567 	 0.44 	 0.37
101160 	 117976 	 0.43 	 0.35
101160 	 126626 	 0.45 	 0.35
101160 	 103813 	 0.45 	 0.39
 95603 	 113401 	 0.44 	 0.31
 95603 	 110641 	 0.47 	 0.32
 95603 	 119680 	 0.42 	 0.33
 95603 	 110571 	 0.43 	 0.37
 95603 	 126626 	 0.42 	 0.35
 95603 	 101280 	 0.40 	 0.30
 90147 	  75030 	 0.47 	 0.37
 94332 	  76155 	 0.40 	 0.32
 69026 	   9967 	 0.40 	 0.38
102078 	 106567 	 0.41 	 0.37
102078 	 110641 	 0.47 	 0.34
102078 	  97838 	 0.45 	 0.32
102078 	  70752 	 0.44 	 0.31
102078 	   8980 	 0.49 	 0.30
102078 	 126626 	 0.41 	 0.36
102078 	 101160 	 0.46 	 0.31
102078 	  95442 	 0.46 	 0.34
102503 	 118052 	 0.49 	 0.31
102503 	 100225 	 0.44 	 0.39
102503 	  95573 	 0.46 	 0.37
111407 	  92014 	 0.47 	 0.31
111407 	 113027 	 0.46 	 0.31
122840 	  94908 	 0.41 	 0.38
122840 	 127533 	 0.46 	 0.39
122840 	 101280 	 0.46 	 0.38
100909 	 100225 	 0.47 	 0.35
100909 	  95573 	 0.46 	 0.33
100909 	 109693 	 0.43 	 0.34
100909 	  88333 	 0.41 	 0.40
100909 	 129131 	 0.45 	 0.30
100909 	 110268 	 0.43 	 0.30
100909 	 101160 	 0.41 	 0.31
100909 	  95603 	 0.48 	 0.31
100909 	 122840 	 0.40 	 0.31
 99477 	 118052 	 0.47 	 0.32
 99477 	  88333 	 0.42 	 0.36
117951 	  96511 	 0.42 	 0.35
117951 	  95573 	 0.44 	 0.35
117951 	  96738 	 0.49 	 0.32
117951 	  95603 	 0.44 	 0.37
105970 	 107934 	 0.48 	 0.35
105970 	 122840 	 0.41 	 0.31
131017 	 127102 	 0.48 	 0.35
131017 	 102380 	 0.40 	 0.33
131017 	 128844 	 0.48 	 0.35
131017 	 130983 	 0.48 	 0.36
131017 	   7012 	 0.46 	 0.30
131017 	 102078 	 0.43 	 0.31
101510 	 118052 	 0.49 	 0.35
101510 	  95573 	 0.43 	 0.32
 44074 	  78533 	 0.49 	 0.38
127855 	  94908 	 0.47 	 0.31
127855 	 106302 	 0.40 	 0.31
127855 	 109693 	 0.48 	 0.31
127855 	 100909 	 0.45 	 0.30
127451 	  96113 	 0.42 	 0.30
130218 	 127102 	 0.44 	 0.31
130218 	  96738 	 0.46 	 0.30
119111 	 113401 	 0.44 	 0.30
119111 	 119680 	 0.42 	 0.30
119111 	 130665 	 0.42 	 0.36
119111 	  97838 	 0.46 	 0.32
119111 	 130780 	 0.43 	 0.31
119111 	 101160 	 0.48 	 0.33
119111 	 100909 	 0.48 	 0.30
119111 	 131017 	 0.45 	 0.33
119325 	 118052 	 0.47 	 0.32
119325 	 100225 	 0.48 	 0.40
119325 	  96738 	 0.48 	 0.38
129644 	 113401 	 0.45 	 0.33
129644 	 119680 	 0.43 	 0.36
129644 	 100225 	 0.42 	 0.36
129644 	  95573 	 0.44 	 0.35
129644 	 131018 	 0.44 	 0.33
129644 	 102078 	 0.41 	 0.36
 58481 	 100225 	 0.45 	 0.30
101544 	  94927 	 0.43 	 0.35
101544 	 117891 	 0.40 	 0.36
101544 	 117976 	 0.41 	 0.32
101544 	 110268 	 0.46 	 0.32
101544 	 101160 	 0.48 	 0.34
118363 	 131017 	 0.41 	 0.31
118363 	  58481 	 0.46 	 0.35
100782 	 100909 	 0.40 	 0.35
100782 	 119111 	 0.49 	 0.37
 53106 	  94332 	 0.42 	 0.33
 53106 	 122840 	 0.49 	 0.34
105815 	 128397 	 0.43 	 0.32
105815 	 131017 	 0.49 	 0.33
129960 	 109693 	 0.41 	 0.30
101892 	 113401 	 0.45 	 0.36
101892 	 110641 	 0.46 	 0.32
101892 	 100225 	 0.47 	 0.34
101892 	 126626 	 0.41 	 0.33
101892 	 103813 	 0.40 	 0.35
101892 	 113290 	 0.43 	 0.35
101892 	 100909 	 0.47 	 0.32
130986 	  96511 	 0.46 	 0.30
 85972 	  80370 	 0.42 	 0.33
 85972 	  28241 	 0.46 	 0.31
 85972 	  65863 	 0.42 	 0.32
129434 	 113401 	 0.40 	 0.35
129434 	 118052 	 0.42 	 0.32
129434 	 100225 	 0.43 	 0.38
129434 	  95573 	 0.43 	 0.33
129434 	 101544 	 0.42 	 0.36
115173 	  97838 	 0.48 	 0.37
115173 	 101160 	 0.44 	 0.33
115173 	 122840 	 0.40 	 0.36
115173 	 105970 	 0.44 	 0.39
115173 	 118363 	 0.46 	 0.31
104295 	  96511 	 0.49 	 0.34
104295 	 110268 	 0.49 	 0.32
104295 	 122840 	 0.44 	 0.33
104295 	 101510 	 0.42 	 0.36
124419 	 113401 	 0.49 	 0.32
124419 	 119680 	 0.40 	 0.33
124419 	 109693 	 0.49 	 0.30
128492 	 118052 	 0.49 	 0.33
128492 	  96511 	 0.41 	 0.36
128492 	 131018 	 0.47 	 0.31
 91637 	 109693 	 0.45 	 0.32
 91637 	 101160 	 0.41 	 0.32
 91637 	  93950 	 0.40 	 0.30
122251 	 102380 	 0.41 	 0.32
122251 	 117891 	 0.46 	 0.36
122251 	 106302 	 0.43 	 0.34
122251 	 103813 	 0.49 	 0.31
122251 	 129434 	 0.40 	 0.31
122251 	 128492 	 0.40 	 0.35
 68681 	  88141 	 0.40 	 0.33
105733 	  93950 	 0.40 	 0.37
 16479 	  63310 	 0.40 	 0.34
130217 	 117976 	 0.43 	 0.34
130217 	 119680 	 0.41 	 0.31
130217 	 100225 	 0.44 	 0.33
130217 	 129131 	 0.43 	 0.31
130217 	 102078 	 0.46 	 0.35
130217 	 122840 	 0.49 	 0.39
130217 	 124419 	 0.48 	 0.39
119311 	 118052 	 0.47 	 0.33
119311 	  95573 	 0.47 	 0.40
119311 	  96738 	 0.48 	 0.39
119311 	 117951 	 0.41 	 0.39
119311 	 101544 	 0.48 	 0.36
128762 	 130780 	 0.46 	 0.30
125839 	 110268 	 0.46 	 0.33
124080 	 113401 	 0.43 	 0.31
124080 	 106302 	 0.44 	 0.39
124080 	 109693 	 0.40 	 0.36
124080 	  96738 	 0.40 	 0.34
124080 	  70752 	 0.43 	 0.32
124080 	 110268 	 0.43 	 0.36
124080 	  95603 	 0.40 	 0.37
124080 	 122840 	 0.41 	 0.37
124080 	 101892 	 0.47 	 0.33
  8179 	  82246 	 0.46 	 0.32
  8179 	  85972 	 0.42 	 0.33
109370 	   7012 	 0.46 	 0.31
 97207 	 131017 	 0.44 	 0.36
116522 	  94908 	 0.41 	 0.32
116522 	 100225 	 0.46 	 0.33
116522 	 100909 	 0.46 	 0.35
116522 	 115173 	 0.49 	 0.39
116522 	 104295 	 0.41 	 0.38
116522 	 124419 	 0.42 	 0.36
116522 	 125839 	 0.43 	 0.38
116522 	 124080 	 0.41 	 0.31
 91880 	 101160 	 0.48 	 0.36
103133 	 131018 	 0.49 	 0.38
103133 	  95442 	 0.48 	 0.31
103133 	 101510 	 0.42 	 0.34
103133 	 101892 	 0.42 	 0.32
103133 	 116522 	 0.44 	 0.35
114673 	 116522 	 0.48 	 0.34
 96012 	  96738 	 0.45 	 0.39
 96012 	 117951 	 0.41 	 0.33
 96012 	 129644 	 0.45 	 0.32
 96012 	 116522 	 0.47 	 0.31
111666 	 113401 	 0.47 	 0.34
111666 	 119680 	 0.43 	 0.36
111666 	  95573 	 0.42 	 0.36
111666 	 109693 	 0.42 	 0.34
111666 	 107934 	 0.45 	 0.34
111666 	 131018 	 0.40 	 0.33
111666 	 101160 	 0.46 	 0.37
111666 	  95603 	 0.42 	 0.31
111666 	 122840 	 0.40 	 0.37
111666 	 128762 	 0.49 	 0.34
111666 	  96012 	 0.41 	 0.33
125990 	  96511 	 0.43 	 0.31
125990 	 101892 	 0.40 	 0.31
 98252 	 118052 	 0.40 	 0.34
 98252 	 109693 	 0.40 	 0.34
 98252 	 107934 	 0.49 	 0.31
 73957 	 126626 	 0.45 	 0.31
 73957 	 129434 	 0.48 	 0.30
 73957 	  52894 	 0.48 	 0.31
118768 	 100617 	 0.42 	 0.36
118768 	 127242 	 0.43 	 0.31
118768 	  97838 	 0.40 	 0.30
118768 	 106302 	 0.41 	 0.32
118768 	 131018 	 0.42 	 0.31
118768 	 126721 	 0.47 	 0.31
118768 	 101160 	 0.49 	 0.31
118768 	 127649 	 0.41 	 0.30
118768 	  95442 	 0.48 	 0.31
118768 	 102503 	 0.47 	 0.36
118768 	 101510 	 0.49 	 0.39
118768 	 124419 	 0.42 	 0.34
118768 	 128492 	 0.42 	 0.38
118768 	 124080 	 0.44 	 0.34
118768 	  97207 	 0.49 	 0.37
118768 	 111666 	 0.43 	 0.31
118768 	 125990 	 0.48 	 0.33
 85142 	  80370 	 0.45 	 0.31
128974 	 106567 	 0.43 	 0.34
128974 	 102380 	 0.47 	 0.32
128974 	 117891 	 0.45 	 0.34
128974 	 100225 	 0.46 	 0.38
128974 	  95573 	 0.47 	 0.34
128974 	  97838 	 0.41 	 0.32
128974 	 106302 	 0.45 	 0.31
128974 	 106205 	 0.46 	 0.37
128974 	 110571 	 0.42 	 0.32
128974 	 100909 	 0.43 	 0.31
128974 	  99477 	 0.43 	 0.31
128974 	 129644 	 0.44 	 0.33
128974 	 124419 	 0.44 	 0.32
128974 	 128492 	 0.41 	 0.34
128974 	 103133 	 0.46 	 0.32
128974 	  96012 	 0.45 	 0.32
128974 	 111666 	 0.44 	 0.33
128974 	 125990 	 0.40 	 0.34
101365 	 130387 	 0.42 	 0.37
101365 	 110641 	 0.43 	 0.37
101365 	 128397 	 0.49 	 0.34
101365 	 126869 	 0.40 	 0.31
101365 	 126040 	 0.43 	 0.33
101365 	 130780 	 0.47 	 0.37
101365 	 124999 	 0.46 	 0.32
101365 	 127649 	 0.46 	 0.30
101365 	  95442 	 0.47 	 0.33
101365 	 127855 	 0.47 	 0.31
101365 	   4363 	 0.47 	 0.35
101365 	  85972 	 0.44 	 0.34
101365 	 104295 	 0.45 	 0.33
101365 	 116522 	 0.41 	 0.31
101365 	 103133 	 0.45 	 0.33
  3208 	  65408 	 0.41 	 0.36
  3208 	 125161 	 0.41 	 0.36
 10274 	  10217 	 0.41 	 0.36
 99159 	  96511 	 0.41 	 0.35
 99159 	 106302 	 0.40 	 0.39
 99159 	 122840 	 0.43 	 0.38
 99159 	 117951 	 0.48 	 0.35
 99159 	 119325 	 0.48 	 0.34
 99159 	 118363 	 0.41 	 0.35
 99159 	 122251 	 0.40 	 0.31
 99159 	 119311 	 0.48 	 0.32
 99159 	 116522 	 0.40 	 0.34
 99159 	 118768 	 0.44 	 0.36
 99159 	 101365 	 0.41 	 0.32
122945 	 106302 	 0.41 	 0.31
122945 	  91848 	 0.42 	 0.32
122945 	 100909 	 0.46 	 0.38
122945 	 118363 	 0.48 	 0.36
122945 	 122251 	 0.47 	 0.31
122945 	 116522 	 0.42 	 0.30
119617 	 119680 	 0.45 	 0.30
119617 	 103133 	 0.45 	 0.35
119617 	  99159 	 0.46 	 0.30
107458 	 117891 	 0.40 	 0.32
107458 	  97838 	 0.42 	 0.32
107458 	  99902 	 0.44 	 0.32
107458 	 101510 	 0.41 	 0.31
107458 	 115173 	 0.48 	 0.37
107458 	 125839 	 0.46 	 0.34
107458 	 101365 	 0.47 	 0.32
 99455 	 118052 	 0.42 	 0.33
 99455 	  95573 	 0.40 	 0.31
 99455 	 107458 	 0.49 	 0.33
101673 	 118052 	 0.43 	 0.32
101673 	  97838 	 0.43 	 0.32
101673 	 127533 	 0.44 	 0.30
101673 	 101280 	 0.41 	 0.32
101673 	 130217 	 0.44 	 0.30
102481 	 113401 	 0.45 	 0.30
102481 	  96511 	 0.40 	 0.30
102481 	  95573 	 0.45 	 0.32
102481 	 122251 	 0.40 	 0.34
102481 	 118768 	 0.45 	 0.39
102481 	 128974 	 0.47 	 0.36
102481 	 101673 	 0.41 	 0.36
119112 	 100909 	 0.42 	 0.32
119112 	  99477 	 0.46 	 0.35
  2524 	 126216 	 0.45 	 0.38
 93866 	  39337 	 0.40 	 0.31
 93866 	 127533 	 0.42 	 0.35
 93866 	 122840 	 0.42 	 0.32
 93866 	 101544 	 0.41 	 0.32
 93866 	 122945 	 0.41 	 0.34
120998 	 106205 	 0.42 	 0.31
120998 	 107934 	 0.47 	 0.36
120998 	 131018 	 0.48 	 0.35
120998 	 127649 	 0.43 	 0.36
120998 	 105970 	 0.47 	 0.36
120998 	 124419 	 0.47 	 0.38
120998 	 124080 	 0.40 	 0.37
120998 	 103133 	 0.47 	 0.33
120998 	 122945 	 0.44 	 0.35
120998 	 119617 	 0.47 	 0.30
120998 	 102481 	 0.43 	 0.34
110588 	 100225 	 0.48 	 0.38
110588 	  97838 	 0.46 	 0.36
110588 	 107934 	 0.49 	 0.32
110588 	  95603 	 0.41 	 0.31
110588 	  95442 	 0.43 	 0.33
110588 	 101510 	 0.44 	 0.36
110588 	 119111 	 0.49 	 0.31
110588 	 100782 	 0.40 	 0.33
110588 	  73957 	 0.44 	 0.32
110588 	 122945 	 0.44 	 0.36
 92527 	  99902 	 0.46 	 0.31
 92527 	  79310 	 0.45 	 0.32
 92527 	 102481 	 0.49 	 0.32
101749 	  96511 	 0.49 	 0.34
101749 	 110268 	 0.49 	 0.32
101749 	 122840 	 0.44 	 0.33
101749 	 101510 	 0.42 	 0.35
101749 	 116522 	 0.41 	 0.38
108174 	  70752 	 0.47 	 0.38
108174 	  92527 	 0.45 	 0.31
103677 	 113401 	 0.45 	 0.33
103677 	  96511 	 0.45 	 0.35
103677 	 117976 	 0.43 	 0.34
103677 	  95573 	 0.40 	 0.33
103677 	 109693 	 0.40 	 0.37
103677 	  88333 	 0.44 	 0.30
103677 	  70752 	 0.43 	 0.35
103677 	 130780 	 0.45 	 0.33
103677 	 110268 	 0.43 	 0.37
103677 	  95603 	 0.43 	 0.32
103677 	 122840 	 0.41 	 0.37
103677 	 105970 	 0.44 	 0.38
103677 	 127855 	 0.44 	 0.31
103677 	 102383 	 0.42 	 0.31
103677 	 122251 	 0.45 	 0.34
103677 	 116522 	 0.41 	 0.33
122600 	 113401 	 0.42 	 0.31
122600 	 118052 	 0.47 	 0.31
122600 	 107934 	 0.49 	 0.30
122600 	 130983 	 0.40 	 0.32
122600 	  95603 	 0.40 	 0.32
122600 	 105970 	 0.44 	 0.35
122600 	 128974 	 0.42 	 0.31
122600 	 107458 	 0.42 	 0.33
  1531 	   2251 	 0.48 	 0.30
 90137 	  75030 	 0.47 	 0.37
 94602 	 131017 	 0.41 	 0.32
 82318 	  76155 	 0.42 	 0.33
 82318 	  90147 	 0.40 	 0.35
 82318 	  90137 	 0.40 	 0.35
 83275 	   4793 	 0.48 	 0.31
 83275 	  39337 	 0.42 	 0.40
 83275 	  80370 	 0.43 	 0.33
 83275 	 101160 	 0.46 	 0.31
 83275 	  94332 	 0.44 	 0.39
 83275 	 114535 	 0.42 	 0.30
 83275 	 122840 	 0.44 	 0.32
 83275 	   2622 	 0.41 	 0.38
 83275 	  75566 	 0.43 	 0.40
115220 	  96511 	 0.49 	 0.33
115220 	  97838 	 0.46 	 0.37
115220 	 106205 	 0.47 	 0.39
115220 	  70752 	 0.44 	 0.33
115220 	 102503 	 0.47 	 0.39
115220 	 111407 	 0.43 	 0.32
115220 	 105970 	 0.42 	 0.30
115220 	 101510 	 0.44 	 0.39
115220 	 118363 	 0.44 	 0.35
115220 	 116522 	 0.41 	 0.38
115220 	 128974 	 0.49 	 0.36
107489 	 124419 	 0.48 	 0.30
 52786 	   5543 	 0.45 	 0.31
117884 	 110268 	 0.41 	 0.34
117884 	 101160 	 0.43 	 0.36
117884 	 102078 	 0.47 	 0.38
117884 	 119111 	 0.46 	 0.35
117884 	 101892 	 0.49 	 0.33
117884 	 116522 	 0.40 	 0.30
117884 	 118768 	 0.42 	 0.34
117884 	 101365 	 0.40 	 0.31
117884 	 120998 	 0.45 	 0.33
124477 	 113401 	 0.49 	 0.33
124477 	 100225 	 0.49 	 0.36
124477 	 110268 	 0.45 	 0.36
124477 	 102078 	 0.45 	 0.31
124477 	 116522 	 0.41 	 0.38
124477 	  99159 	 0.46 	 0.37
101648 	  95573 	 0.47 	 0.32
101648 	 131018 	 0.45 	 0.32
101648 	 100909 	 0.41 	 0.33
101648 	 119111 	 0.48 	 0.36
101648 	 110588 	 0.41 	 0.32
101648 	 115220 	 0.46 	 0.32
127221 	  96511 	 0.48 	 0.34
127221 	 127533 	 0.41 	 0.36
127221 	 109693 	 0.44 	 0.34
127221 	   8980 	 0.46 	 0.31
127221 	 101280 	 0.41 	 0.39
127221 	 110268 	 0.42 	 0.37
127221 	 101160 	 0.43 	 0.39
127221 	  91926 	 0.41 	 0.31
127221 	  95442 	 0.44 	 0.39
127221 	  96113 	 0.45 	 0.32
127221 	 102078 	 0.46 	 0.35
127221 	 119111 	 0.47 	 0.31
127221 	 118363 	 0.45 	 0.32
127221 	 129960 	 0.45 	 0.33
127221 	 122251 	 0.47 	 0.33
127221 	 130217 	 0.41 	 0.36
127221 	 128762 	 0.40 	 0.32
127221 	  97207 	 0.46 	 0.32
127221 	 128974 	 0.48 	 0.33
127221 	 101365 	 0.46 	 0.31
127221 	  99159 	 0.49 	 0.37
127221 	 101648 	 0.43 	 0.40
106697 	  96511 	 0.45 	 0.34
106697 	  97838 	 0.45 	 0.33
106697 	  95442 	 0.48 	 0.34
106697 	 119111 	 0.42 	 0.32
106697 	 116522 	 0.40 	 0.37
106697 	 118768 	 0.48 	 0.31
106697 	 101365 	 0.43 	 0.32
 95781 	 100225 	 0.47 	 0.32
 95781 	  95573 	 0.46 	 0.34
 95781 	 126626 	 0.40 	 0.39
 95781 	  95603 	 0.46 	 0.32
 95781 	 128974 	 0.43 	 0.30
 95781 	  99159 	 0.42 	 0.36
124177 	 130665 	 0.41 	 0.34
124177 	  97838 	 0.44 	 0.35
124177 	 106302 	 0.45 	 0.34
124177 	 110571 	 0.46 	 0.39
124177 	   8980 	 0.42 	 0.34
124177 	 126626 	 0.45 	 0.37
124177 	 126721 	 0.46 	 0.32
124177 	 103813 	 0.41 	 0.37
124177 	 101160 	 0.44 	 0.38
124177 	  99477 	 0.46 	 0.33
124177 	 102383 	 0.47 	 0.31
124177 	 130217 	 0.47 	 0.31
124177 	 116522 	 0.46 	 0.31
124177 	  99455 	 0.41 	 0.39
124177 	 122600 	 0.46 	 0.38
 65782 	  37464 	 0.49 	 0.38
 65782 	  83275 	 0.40 	 0.35
100142 	  85972 	 0.42 	 0.31
 28201 	 101160 	 0.43 	 0.34
119717 	 119680 	 0.40 	 0.32
119717 	  76155 	 0.43 	 0.33
119717 	 103813 	 0.47 	 0.31
119717 	 117951 	 0.47 	 0.31
119717 	 119325 	 0.40 	 0.34
119717 	 102383 	 0.41 	 0.31
119717 	 119311 	 0.40 	 0.33
119717 	 125990 	 0.47 	 0.30
119717 	  99159 	 0.43 	 0.35
119717 	 124177 	 0.48 	 0.31
 95409 	 110268 	 0.46 	 0.35
 95409 	 131017 	 0.40 	 0.32
 95409 	 107458 	 0.46 	 0.33
124225 	 100225 	 0.43 	 0.36
124225 	 101160 	 0.44 	 0.37
124225 	 105970 	 0.45 	 0.37
124225 	 101892 	 0.41 	 0.34
124225 	 116522 	 0.40 	 0.37
124225 	 118768 	 0.45 	 0.31
124225 	 107458 	 0.46 	 0.35
124225 	 101648 	 0.40 	 0.39
 98469 	 117891 	 0.47 	 0.38
 98469 	  95603 	 0.47 	 0.30
 98469 	 100909 	 0.48 	 0.36
 98469 	 111666 	 0.44 	 0.40
119685 	  97838 	 0.45 	 0.35
119685 	 127533 	 0.44 	 0.38
119685 	 130780 	 0.42 	 0.31
119685 	 101280 	 0.47 	 0.39
119685 	  95442 	 0.44 	 0.30
119685 	 102078 	 0.46 	 0.35
119685 	 101510 	 0.48 	 0.37
119685 	 130217 	 0.47 	 0.37
119685 	 124080 	 0.44 	 0.39
119685 	 116522 	 0.40 	 0.32
119685 	  73957 	 0.48 	 0.31
119685 	 128974 	 0.48 	 0.37
119685 	  99159 	 0.47 	 0.35
119685 	 117884 	 0.43 	 0.37
119685 	 124477 	 0.44 	 0.38
119685 	 127221 	 0.46 	 0.40
119685 	  95409 	 0.47 	 0.38
128471 	 113401 	 0.42 	 0.34
128471 	  96511 	 0.40 	 0.35
128471 	 101160 	 0.46 	 0.31
128471 	 119111 	 0.42 	 0.34
128471 	 101544 	 0.42 	 0.32
128471 	  99213 	 0.47 	 0.31
128471 	  98469 	 0.48 	 0.36
 96223 	 113401 	 0.44 	 0.30
 96223 	 100225 	 0.40 	 0.30
 96223 	  95573 	 0.46 	 0.34
 96223 	  95603 	 0.43 	 0.32
 96223 	 102078 	 0.42 	 0.40
 96223 	 122945 	 0.47 	 0.32
115258 	  95603 	 0.44 	 0.39
115258 	 119717 	 0.42 	 0.36
 69513 	  80370 	 0.48 	 0.33
 69513 	 101280 	 0.42 	 0.31
 69513 	 110268 	 0.45 	 0.32
 69513 	 114535 	 0.44 	 0.31
 69513 	 122840 	 0.40 	 0.34
 69513 	  43129 	 0.45 	 0.37
 69513 	 125990 	 0.43 	 0.32
 69513 	 102481 	 0.47 	 0.32
126248 	 114379 	 0.49 	 0.30
126248 	 110268 	 0.48 	 0.31
126248 	 117951 	 0.42 	 0.31
126248 	 119111 	 0.45 	 0.32
126248 	 120998 	 0.47 	 0.37
102995 	  96511 	 0.42 	 0.33
102995 	  97838 	 0.42 	 0.31
102995 	  70752 	 0.42 	 0.31
102995 	  95442 	 0.46 	 0.32
102995 	 116522 	 0.40 	 0.36
102995 	 118768 	 0.48 	 0.37
102995 	 120998 	 0.42 	 0.39
120346 	 106567 	 0.45 	 0.31
120346 	 117891 	 0.41 	 0.37
120346 	 127242 	 0.44 	 0.31
120346 	  97838 	 0.44 	 0.32
120346 	 114621 	 0.45 	 0.30
120346 	 131018 	 0.43 	 0.31
120346 	 110268 	 0.43 	 0.39
120346 	 103813 	 0.43 	 0.33
120346 	 129434 	 0.41 	 0.37
120346 	 102383 	 0.45 	 0.32
120346 	 111666 	 0.49 	 0.30
120346 	 125990 	 0.49 	 0.36
120346 	  99159 	 0.42 	 0.38
120346 	 117884 	 0.46 	 0.31
120346 	 102995 	 0.49 	 0.33
118432 	 117976 	 0.44 	 0.30
118432 	 119680 	 0.44 	 0.35
118432 	 110268 	 0.49 	 0.31
118432 	 101160 	 0.40 	 0.30
118432 	 117951 	 0.49 	 0.35
118432 	 119111 	 0.46 	 0.33
118432 	 128471 	 0.46 	 0.38
  2267 	  76155 	 0.49 	 0.31
  2267 	  67846 	 0.43 	 0.37
  2267 	  75566 	 0.47 	 0.32
   514 	  67362 	 0.43 	 0.33
 82463 	  81306 	 0.44 	 0.39
 95790 	 110571 	 0.43 	 0.37
 95790 	 126626 	 0.42 	 0.35
 95790 	 117951 	 0.47 	 0.33
 95790 	 124080 	 0.46 	 0.34
 95790 	 115258 	 0.42 	 0.35
 95350 	  94332 	 0.44 	 0.30
 95350 	 101648 	 0.44 	 0.31
101486 	  95603 	 0.46 	 0.38
101486 	  95790 	 0.46 	 0.38
101809 	 129644 	 0.44 	 0.38
101809 	 118768 	 0.46 	 0.38
101809 	 120346 	 0.47 	 0.40
 86335 	  63310 	 0.43 	 0.39
 86335 	 125161 	 0.40 	 0.34
 86335 	  77148 	 0.41 	 0.34
 61797 	   4793 	 0.42 	 0.35
 61797 	   5646 	 0.44 	 0.36
 61797 	  52224 	 0.48 	 0.30
 95513 	  94908 	 0.46 	 0.35
 95513 	 100225 	 0.49 	 0.35
 95513 	  95573 	 0.48 	 0.33
 95513 	  95603 	 0.40 	 0.31
 95513 	 104295 	 0.49 	 0.33
 95513 	 103133 	 0.49 	 0.31
 95513 	 110588 	 0.47 	 0.34
 95513 	 101749 	 0.49 	 0.33
 95513 	 103677 	 0.46 	 0.34
 95513 	 127221 	 0.43 	 0.33
 95513 	 128471 	 0.48 	 0.36
117213 	 131017 	 0.49 	 0.34
117213 	 101463 	 0.40 	 0.33
117213 	   2524 	 0.43 	 0.39
117213 	  62268 	 0.40 	 0.32
 94005 	  52894 	 0.46 	 0.33
 94005 	  43129 	 0.49 	 0.34
123976 	  92014 	 0.42 	 0.32
123976 	 127242 	 0.45 	 0.30
123976 	 109693 	 0.41 	 0.32
123976 	  70752 	 0.44 	 0.32
123976 	 101160 	 0.48 	 0.31
123976 	  95442 	 0.41 	 0.34
123976 	 102078 	 0.42 	 0.31
123976 	 100782 	 0.41 	 0.36
123976 	 102383 	 0.41 	 0.34
123976 	 128974 	 0.45 	 0.30
123976 	 101648 	 0.40 	 0.35
123976 	  99213 	 0.49 	 0.32
129747 	 117976 	 0.46 	 0.37
129747 	 119680 	 0.41 	 0.33
129747 	 100225 	 0.44 	 0.38
129747 	  95573 	 0.43 	 0.36
129747 	 110268 	 0.43 	 0.37
129747 	  95603 	 0.40 	 0.30
129747 	 118768 	 0.44 	 0.32
129747 	 101673 	 0.41 	 0.33
129747 	  93866 	 0.42 	 0.31
129747 	 124177 	 0.47 	 0.34
117950 	  96511 	 0.45 	 0.38
117950 	  97838 	 0.48 	 0.34
117950 	 127533 	 0.49 	 0.35
117950 	  99902 	 0.42 	 0.34
117950 	 126626 	 0.42 	 0.33
117950 	 110268 	 0.47 	 0.32
117950 	 103813 	 0.40 	 0.32
117950 	 101160 	 0.49 	 0.34
117950 	  95603 	 0.42 	 0.37
117950 	  99477 	 0.45 	 0.32
117950 	 102383 	 0.42 	 0.40
117950 	 119311 	 0.45 	 0.31
117950 	 124080 	 0.44 	 0.36
117950 	 125990 	 0.45 	 0.35
117950 	  98252 	 0.46 	 0.40
117950 	  99159 	 0.49 	 0.40
117950 	 122945 	 0.45 	 0.32
117950 	  99455 	 0.47 	 0.36
117950 	 102481 	 0.41 	 0.35
117950 	  93866 	 0.44 	 0.32
117950 	 126248 	 0.44 	 0.38
122891 	 118052 	 0.46 	 0.34
122891 	 119111 	 0.46 	 0.35
122891 	 118768 	 0.49 	 0.35
122891 	 102995 	 0.49 	 0.36
122891 	 117950 	 0.43 	 0.31
124881 	 113401 	 0.44 	 0.32
124881 	 109693 	 0.49 	 0.31
124881 	 116522 	 0.42 	 0.39
124881 	 118768 	 0.42 	 0.32
124881 	 107489 	 0.48 	 0.31
124881 	 101648 	 0.43 	 0.39
126974 	  96511 	 0.40 	 0.32
126974 	 110641 	 0.47 	 0.35
126974 	 126626 	 0.41 	 0.31
126974 	 129859 	 0.40 	 0.34
126974 	  85972 	 0.46 	 0.33
126974 	 128974 	 0.40 	 0.33
126974 	 110588 	 0.42 	 0.35
126974 	 117884 	 0.40 	 0.30
126974 	 106697 	 0.45 	 0.30
126974 	 102995 	 0.43 	 0.31
126974 	 129747 	 0.41 	 0.33
129421 	  94908 	 0.41 	 0.34
129421 	 127451 	 0.41 	 0.30
129421 	 119111 	 0.44 	 0.30
129421 	 124080 	 0.41 	 0.31
129421 	  99159 	 0.43 	 0.30
129421 	 120998 	 0.46 	 0.30
129421 	 103677 	 0.41 	 0.33
129421 	 115220 	 0.41 	 0.32
129421 	 127221 	 0.45 	 0.33
129421 	 124225 	 0.40 	 0.36
129421 	  98469 	 0.48 	 0.32
113610 	 119680 	 0.44 	 0.37
113610 	  95603 	 0.44 	 0.39
113610 	 102078 	 0.46 	 0.35
113610 	 127855 	 0.45 	 0.31
113610 	 119111 	 0.43 	 0.30
113610 	 101365 	 0.40 	 0.31
113610 	 122945 	 0.49 	 0.33
113610 	 120998 	 0.45 	 0.33
113610 	 119717 	 0.44 	 0.36
113610 	  96223 	 0.42 	 0.40
103091 	  95603 	 0.46 	 0.35
103091 	 130986 	 0.45 	 0.33
 67993 	  16479 	 0.42 	 0.31
 67993 	  86335 	 0.40 	 0.35
 67993 	  61797 	 0.40 	 0.38
110898 	 113401 	 0.46 	 0.34
110898 	 119680 	 0.42 	 0.34
110898 	 110268 	 0.41 	 0.33
110898 	 101160 	 0.43 	 0.36
110898 	  95603 	 0.47 	 0.31
110898 	 102078 	 0.45 	 0.38
110898 	 101892 	 0.49 	 0.36
110898 	 116522 	 0.40 	 0.35
110898 	 118768 	 0.42 	 0.32
110898 	 128974 	 0.48 	 0.38
110898 	 101365 	 0.40 	 0.34
110898 	 120998 	 0.42 	 0.33
110898 	 124177 	 0.46 	 0.36
110898 	 119717 	 0.47 	 0.30
 93696 	  92527 	 0.40 	 0.31
110974 	 113401 	 0.49 	 0.35
110974 	 119680 	 0.49 	 0.35
110974 	 100225 	 0.48 	 0.38
110974 	  95573 	 0.47 	 0.34
110974 	  88333 	 0.47 	 0.30
110974 	  70752 	 0.41 	 0.33
110974 	 130780 	 0.43 	 0.35
110974 	 131018 	 0.46 	 0.30
110974 	 110268 	 0.41 	 0.35
110974 	 101160 	 0.43 	 0.39
110974 	 127649 	 0.44 	 0.35
110974 	  95603 	 0.47 	 0.32
110974 	 131017 	 0.40 	 0.36
110974 	 127855 	 0.45 	 0.32
110974 	 101544 	 0.46 	 0.33
110974 	 101892 	 0.49 	 0.37
110974 	 116522 	 0.40 	 0.35
110974 	 118768 	 0.42 	 0.37
110974 	 128974 	 0.44 	 0.36
110974 	 107458 	 0.49 	 0.30
110974 	 126974 	 0.40 	 0.31
123022 	 118052 	 0.47 	 0.31
123022 	  96511 	 0.44 	 0.37
123022 	 100909 	 0.44 	 0.39
123022 	 101544 	 0.47 	 0.33
123022 	 122251 	 0.40 	 0.32
123022 	 103133 	 0.42 	 0.31
123022 	  73957 	 0.46 	 0.32
123022 	 118768 	 0.42 	 0.38
123022 	 101673 	 0.41 	 0.31
123022 	 115220 	 0.42 	 0.35
123022 	 106697 	 0.47 	 0.36
123022 	 124177 	 0.49 	 0.38
123022 	 119685 	 0.46 	 0.37
123022 	 102995 	 0.47 	 0.34
123022 	 117950 	 0.43 	 0.30
100744 	 130387 	 0.41 	 0.36
100744 	 126869 	 0.41 	 0.34
100744 	 126040 	 0.46 	 0.33
100744 	 127649 	 0.46 	 0.31
100744 	 124177 	 0.41 	 0.31
118234 	  95573 	 0.43 	 0.36
118234 	  99902 	 0.42 	 0.34
118234 	  95603 	 0.43 	 0.31
118234 	  95442 	 0.46 	 0.31
118234 	  96113 	 0.40 	 0.36
118234 	 101510 	 0.46 	 0.37
118234 	  98252 	 0.41 	 0.34
118234 	  99455 	 0.44 	 0.34
118234 	 101673 	 0.44 	 0.34
118234 	 102481 	 0.40 	 0.33
118234 	 126248 	 0.43 	 0.35
118234 	  95790 	 0.43 	 0.39
118234 	 129747 	 0.46 	 0.34
118234 	 122891 	 0.40 	 0.31
122171 	 111407 	 0.43 	 0.35
115883 	 100225 	 0.42 	 0.34
115883 	  95573 	 0.46 	 0.33
115883 	  99159 	 0.46 	 0.37
115883 	 124177 	 0.44 	 0.36
103973 	 109693 	 0.42 	 0.36
103973 	 131017 	 0.41 	 0.37
 67672 	  82463 	 0.49 	 0.34
121157 	 110641 	 0.41 	 0.40
121157 	 111407 	 0.46 	 0.33
121157 	 100909 	 0.43 	 0.31
121157 	 115220 	 0.44 	 0.40
 81503 	   2996 	 0.49 	 0.32
116540 	  39337 	 0.43 	 0.31
123045 	 109693 	 0.47 	 0.32
123045 	 100909 	 0.43 	 0.34
123045 	 104295 	 0.44 	 0.36
123045 	 101673 	 0.40 	 0.31
123045 	 110588 	 0.41 	 0.32
123045 	 101749 	 0.44 	 0.36
123045 	 117884 	 0.41 	 0.35
123045 	 106697 	 0.40 	 0.32
123045 	 124177 	 0.46 	 0.39
123045 	 128471 	 0.42 	 0.31
123045 	 120346 	 0.46 	 0.38
123045 	 110974 	 0.41 	 0.37
123045 	 118234 	 0.44 	 0.34
  2268 	  52894 	 0.46 	 0.37
  7303 	 109370 	 0.45 	 0.34
  7303 	 129208 	 0.46 	 0.33
126651 	 117976 	 0.45 	 0.38
126651 	   7012 	 0.44 	 0.38
126651 	 124177 	 0.42 	 0.30
126651 	 120346 	 0.47 	 0.30
126651 	   7303 	 0.42 	 0.37
 92509 	  92014 	 0.41 	 0.31
 92509 	 126626 	 0.40 	 0.34
 92509 	 102383 	 0.40 	 0.35
 92509 	 105156 	 0.47 	 0.35
 92509 	 123976 	 0.40 	 0.32
 92509 	 113610 	 0.40 	 0.35
 82242 	  48486 	 0.47 	 0.32
113681 	 127533 	 0.42 	 0.36
113681 	 110268 	 0.46 	 0.37
113681 	  58481 	 0.44 	 0.32
113681 	 101892 	 0.43 	 0.30
113681 	 116522 	 0.42 	 0.36
113681 	  99159 	 0.47 	 0.37
113681 	  92527 	 0.45 	 0.32
113681 	 119717 	 0.41 	 0.31
 75661 	 110268 	 0.42 	 0.32
 66563 	 110268 	 0.42 	 0.31
 66563 	 122945 	 0.47 	 0.30
 66563 	  83275 	 0.42 	 0.33
 66563 	  69513 	 0.44 	 0.34
100172 	  94908 	 0.49 	 0.37
100172 	 118052 	 0.46 	 0.31
100172 	 117891 	 0.47 	 0.39
100172 	  97838 	 0.47 	 0.33
100172 	 126626 	 0.44 	 0.34
100172 	 110268 	 0.41 	 0.31
100172 	 103813 	 0.48 	 0.36
100172 	 101160 	 0.42 	 0.35
100172 	  92865 	 0.40 	 0.35
100172 	 117951 	 0.43 	 0.31
100172 	 100782 	 0.48 	 0.37
100172 	 129434 	 0.40 	 0.36
100172 	 124080 	 0.47 	 0.32
100172 	 122945 	 0.44 	 0.37
100172 	 103677 	 0.49 	 0.34
100172 	 117884 	 0.48 	 0.34
100172 	 101648 	 0.49 	 0.38
100172 	 129747 	 0.47 	 0.40
100172 	 117950 	 0.47 	 0.35
100172 	 110974 	 0.48 	 0.36
100172 	 123022 	 0.41 	 0.36
108160 	 114259 	 0.49 	 0.36
108160 	 102481 	 0.46 	 0.31
128300 	 113401 	 0.40 	 0.33
128300 	  97838 	 0.45 	 0.36
128300 	  96738 	 0.43 	 0.33
128300 	 110268 	 0.48 	 0.32
128300 	  95603 	 0.43 	 0.34
128300 	 102078 	 0.49 	 0.37
128300 	 130986 	 0.45 	 0.30
128300 	 116522 	 0.41 	 0.32
128300 	 118768 	 0.49 	 0.32
128300 	 120998 	 0.40 	 0.33
128300 	 101648 	 0.49 	 0.38
128300 	 119717 	 0.49 	 0.35
128300 	  95790 	 0.49 	 0.33
128300 	 117950 	 0.49 	 0.35
128300 	 126974 	 0.41 	 0.31
128300 	  92509 	 0.47 	 0.34
101850 	 102380 	 0.49 	 0.30
101850 	  97838 	 0.47 	 0.35
101850 	 103813 	 0.47 	 0.38
101850 	 101160 	 0.46 	 0.36
101850 	 128492 	 0.44 	 0.39
101850 	 122251 	 0.47 	 0.38
101850 	 122600 	 0.47 	 0.35
101850 	 127221 	 0.48 	 0.31
101850 	 128471 	 0.45 	 0.31
101850 	 123022 	 0.47 	 0.38
 91740 	 101160 	 0.47 	 0.35
 91740 	 104295 	 0.40 	 0.35
 91740 	 130217 	 0.44 	 0.37
 91740 	 125990 	 0.49 	 0.36
 91740 	 122945 	 0.46 	 0.31
 91740 	 101749 	 0.40 	 0.33
 91740 	 120346 	 0.44 	 0.30
 91740 	 129747 	 0.47 	 0.37
 91740 	 117950 	 0.46 	 0.36
 91740 	 126974 	 0.41 	 0.31
 91740 	 126651 	 0.47 	 0.34
 70788 	  83275 	 0.42 	 0.33
103733 	 117976 	 0.43 	 0.35
103733 	 128397 	 0.46 	 0.32
103733 	  95573 	 0.46 	 0.32
103733 	 131018 	 0.43 	 0.39
103733 	 102078 	 0.44 	 0.32
103733 	 102383 	 0.47 	 0.35
103733 	 116522 	 0.40 	 0.32
103733 	 118768 	 0.41 	 0.31
103733 	 107489 	 0.43 	 0.31
103733 	  96223 	 0.46 	 0.33
103733 	  95790 	 0.43 	 0.30
106244 	  94927 	 0.43 	 0.39
106244 	 101280 	 0.47 	 0.39
106244 	  95603 	 0.49 	 0.32
106244 	 127855 	 0.49 	 0.33
106244 	  98252 	 0.43 	 0.35
106244 	  99159 	 0.42 	 0.37
100737 	 129644 	 0.44 	 0.38
100737 	 118768 	 0.46 	 0.38
100737 	 120346 	 0.47 	 0.40
108765 	  96511 	 0.49 	 0.39
108765 	 119680 	 0.44 	 0.37
108765 	 129131 	 0.44 	 0.30
108765 	 131018 	 0.41 	 0.40
108765 	  95442 	 0.43 	 0.31
108765 	 127855 	 0.48 	 0.30
108765 	 119325 	 0.42 	 0.37
108765 	 130986 	 0.46 	 0.30
108765 	 102383 	 0.43 	 0.39
108765 	 119311 	 0.42 	 0.35
108765 	 128974 	 0.41 	 0.31
108765 	 105156 	 0.40 	 0.36
108765 	 119717 	 0.46 	 0.35
108765 	  98469 	 0.47 	 0.35
108765 	 101486 	 0.48 	 0.30
108765 	 101809 	 0.40 	 0.35
108765 	 100737 	 0.40 	 0.35
119270 	 113401 	 0.49 	 0.33
119270 	  94908 	 0.46 	 0.35
119270 	 110641 	 0.49 	 0.30
119270 	  91563 	 0.41 	 0.33
119270 	 126626 	 0.43 	 0.32
119270 	 126721 	 0.42 	 0.36
119270 	  95603 	 0.41 	 0.33
119270 	 119111 	 0.46 	 0.32
119270 	 129960 	 0.46 	 0.40
119270 	 126216 	 0.41 	 0.38
119270 	 128974 	 0.42 	 0.31
119270 	 110588 	 0.41 	 0.32
119270 	 103677 	 0.46 	 0.35
119270 	 126248 	 0.40 	 0.32
126646 	 120346 	 0.41 	 0.39
108254 	 106567 	 0.47 	 0.38
108254 	  94908 	 0.45 	 0.32
108254 	 103813 	 0.48 	 0.37
108254 	 131017 	 0.41 	 0.33
108254 	 101544 	 0.45 	 0.30
108254 	 101892 	 0.47 	 0.35
108254 	 125990 	 0.49 	 0.35
108254 	 103677 	 0.45 	 0.32
108254 	 115465 	 0.45 	 0.34
108254 	 110974 	 0.43 	 0.36
103038 	  96511 	 0.48 	 0.36
103038 	 127649 	 0.44 	 0.32
103038 	 102503 	 0.42 	 0.37
103038 	 105970 	 0.47 	 0.31
103038 	 101510 	 0.42 	 0.33
103038 	 100782 	 0.44 	 0.34
103038 	 130217 	 0.47 	 0.38
103038 	 116522 	 0.49 	 0.34
103038 	 118768 	 0.41 	 0.37
103038 	 128974 	 0.43 	 0.31
103038 	 101365 	 0.41 	 0.31
103038 	 120998 	 0.45 	 0.35
103038 	 101648 	 0.46 	 0.34
103038 	  95513 	 0.49 	 0.30
103038 	 123022 	 0.46 	 0.34
126048 	 113401 	 0.49 	 0.33
126048 	 118052 	 0.45 	 0.30
126048 	 100225 	 0.46 	 0.38
126048 	  70752 	 0.40 	 0.31
126048 	 110268 	 0.45 	 0.34
126048 	 102078 	 0.45 	 0.36
126048 	 119111 	 0.47 	 0.38
126048 	 101892 	 0.42 	 0.35
126048 	 116522 	 0.41 	 0.39
126048 	 128974 	 0.46 	 0.32
126048 	 119717 	 0.48 	 0.30
126048 	 121157 	 0.40 	 0.32
126048 	 119270 	 0.45 	 0.34
 99548 	 128397 	 0.41 	 0.34
 99548 	 131017 	 0.47 	 0.30
 86131 	  10217 	 0.41 	 0.37
  7854 	  52894 	 0.46 	 0.33
  7854 	  43129 	 0.49 	 0.37
  7854 	  73957 	 0.40 	 0.30
  7854 	  83275 	 0.42 	 0.32
126574 	  96738 	 0.49 	 0.36
126574 	 117951 	 0.41 	 0.31
126574 	 129644 	 0.47 	 0.30
126574 	 103133 	 0.49 	 0.35
126574 	  99159 	 0.40 	 0.32
126574 	 124177 	 0.40 	 0.32
 66058 	 110268 	 0.49 	 0.31
 66058 	 101160 	 0.40 	 0.32
 66058 	  94332 	 0.45 	 0.39
 66058 	  67362 	 0.44 	 0.35
 66058 	  85972 	 0.42 	 0.32
127707 	 106302 	 0.46 	 0.39
127707 	  99213 	 0.43 	 0.31
127707 	  98469 	 0.42 	 0.36
127707 	 118432 	 0.44 	 0.39
127707 	 101809 	 0.41 	 0.33
127707 	 101850 	 0.43 	 0.33
127707 	 100737 	 0.41 	 0.33
126274 	 100225 	 0.43 	 0.40
124069 	 113401 	 0.40 	 0.31
124069 	 118052 	 0.47 	 0.34
124069 	 119680 	 0.43 	 0.35
124069 	 100225 	 0.49 	 0.36
124069 	 106205 	 0.44 	 0.38
124069 	 110268 	 0.42 	 0.35
124069 	  95603 	 0.43 	 0.31
124069 	 119111 	 0.44 	 0.31
124069 	 128974 	 0.42 	 0.31
124069 	 122945 	 0.48 	 0.36
124069 	 107458 	 0.45 	 0.30
124069 	 120998 	 0.44 	 0.39
124069 	 107489 	 0.47 	 0.31
124069 	 119270 	 0.45 	 0.34
119890 	 128397 	 0.46 	 0.30
119890 	 107934 	 0.47 	 0.31
119890 	  93866 	 0.49 	 0.31
119890 	   7303 	 0.48 	 0.35
127382 	  97838 	 0.49 	 0.32
127382 	 128762 	 0.47 	 0.31
127382 	 109370 	 0.40 	 0.34
127382 	  98252 	 0.43 	 0.32
127382 	 118768 	 0.45 	 0.30
127382 	 101648 	 0.42 	 0.34
127382 	 120346 	 0.43 	 0.34
127382 	 122891 	 0.44 	 0.33
127382 	 113681 	 0.43 	 0.31
127382 	 103733 	 0.43 	 0.37
127382 	 124069 	 0.40 	 0.35
103084 	  96511 	 0.42 	 0.32
103084 	  97838 	 0.45 	 0.38
103084 	   8980 	 0.44 	 0.30
103084 	 122840 	 0.45 	 0.36
103084 	 105970 	 0.43 	 0.35
103084 	 131017 	 0.46 	 0.33
103084 	 116522 	 0.43 	 0.38
103084 	 128974 	 0.47 	 0.32
103084 	 107458 	 0.47 	 0.35
103084 	 123045 	 0.45 	 0.39
130419 	 119680 	 0.46 	 0.40
130419 	 103973 	 0.46 	 0.33
130419 	 119270 	 0.41 	 0.37
 68575 	 103733 	 0.43 	 0.30
117924 	 106567 	 0.44 	 0.32
117924 	 117976 	 0.42 	 0.33
117924 	 103813 	 0.42 	 0.34
117924 	  99477 	 0.45 	 0.32
117924 	 101892 	 0.49 	 0.35
117924 	 124080 	 0.49 	 0.31
117924 	 125990 	 0.45 	 0.37
117924 	  99159 	 0.46 	 0.33
117924 	 102481 	 0.43 	 0.33
117924 	 101486 	 0.41 	 0.35
117924 	 129747 	 0.49 	 0.36
117924 	 110974 	 0.42 	 0.36
117924 	 123022 	 0.45 	 0.32
117924 	 128300 	 0.41 	 0.34
128707 	  96511 	 0.44 	 0.38
128707 	  96738 	 0.43 	 0.32
128707 	 101544 	 0.48 	 0.33
128707 	 117884 	 0.46 	 0.36
128707 	 119717 	 0.45 	 0.35
128707 	 126248 	 0.40 	 0.32
128707 	 117950 	 0.41 	 0.37
128707 	 118234 	 0.42 	 0.36
128707 	  92509 	 0.46 	 0.30
 96495 	  94927 	 0.44 	 0.38
 96495 	 130665 	 0.41 	 0.36
 96495 	 110571 	 0.46 	 0.39
 96495 	 126626 	 0.44 	 0.39
 96495 	 100909 	 0.44 	 0.31
 96495 	 117951 	 0.42 	 0.32
 96495 	 129644 	 0.46 	 0.35
 96495 	  97207 	 0.49 	 0.32
 96495 	 118768 	 0.46 	 0.33
 96495 	  99159 	 0.49 	 0.36
 96495 	 102481 	 0.43 	 0.31
 96495 	 101648 	 0.45 	 0.33
 96495 	 115258 	 0.47 	 0.39
 96495 	 120346 	 0.41 	 0.33
 96495 	 101486 	 0.49 	 0.36
 96495 	 117950 	 0.48 	 0.38
 96495 	 122891 	 0.41 	 0.30
 96495 	 103091 	 0.49 	 0.37
 96495 	 113681 	 0.47 	 0.35
 96495 	 128300 	 0.47 	 0.37
 96495 	 126048 	 0.46 	 0.36
105872 	 107489 	 0.47 	 0.31
101248 	 102078 	 0.48 	 0.36
101248 	 100172 	 0.44 	 0.32
101248 	 101850 	 0.48 	 0.31
124765 	  96738 	 0.41 	 0.31
124765 	  95442 	 0.44 	 0.33
124765 	 119325 	 0.40 	 0.36
124765 	 100782 	 0.46 	 0.39
124765 	 130217 	 0.46 	 0.40
124765 	 119311 	 0.40 	 0.35
124765 	  96012 	 0.46 	 0.39
124765 	 119617 	 0.46 	 0.37
124765 	 101648 	 0.45 	 0.39
124765 	 119717 	 0.40 	 0.35
124765 	  98469 	 0.47 	 0.36
124765 	 101486 	 0.43 	 0.32
124765 	 122891 	 0.43 	 0.40
124765 	 123022 	 0.42 	 0.35
 95929 	  94908 	 0.48 	 0.35
 95929 	 117891 	 0.44 	 0.34
 95929 	 100225 	 0.45 	 0.35
 95929 	 130665 	 0.40 	 0.35
 95929 	 106302 	 0.48 	 0.31
 95929 	 106205 	 0.45 	 0.33
 95929 	 110571 	 0.42 	 0.32
 95929 	 103813 	 0.46 	 0.36
 95929 	  95603 	 0.47 	 0.31
 95929 	 130218 	 0.46 	 0.32
 95929 	 129644 	 0.43 	 0.33
 95929 	 118363 	 0.40 	 0.32
 95929 	 101892 	 0.45 	 0.36
 95929 	 129434 	 0.42 	 0.37
 95929 	 124419 	 0.49 	 0.31
 95929 	 128492 	 0.40 	 0.34
 95929 	 124080 	 0.43 	 0.32
 95929 	 103133 	 0.49 	 0.31
 95929 	  96012 	 0.48 	 0.31
 95929 	 111666 	 0.42 	 0.34
 95929 	 102481 	 0.45 	 0.30
 95929 	 103677 	 0.48 	 0.33
 95929 	 122600 	 0.42 	 0.31
 95929 	 124477 	 0.49 	 0.34
 95929 	  95781 	 0.41 	 0.30
 95929 	  99213 	 0.43 	 0.35
 95929 	 119685 	 0.48 	 0.32
 95929 	 128471 	 0.47 	 0.36
 95929 	  96223 	 0.47 	 0.30
 95929 	 124881 	 0.46 	 0.32
 95929 	 113610 	 0.43 	 0.31
 95929 	 110898 	 0.41 	 0.38
 95929 	 128300 	 0.40 	 0.35
 95929 	 108765 	 0.49 	 0.30
 95929 	 119270 	 0.46 	 0.32
 95929 	 126048 	 0.49 	 0.32
 95929 	 127707 	 0.43 	 0.36
 95929 	 124069 	 0.42 	 0.31
 97187 	 117213 	 0.40 	 0.33
