 59539 	 100617 	 0.14 	 0.29
 59539 	  88141 	 0.10 	 0.23
117891 	  59539 	 0.18 	 0.30
 39079 	 117976 	 0.19 	 0.20
 91563 	  88141 	 0.14 	 0.22
 80076 	  59539 	 0.12 	 0.28
 78533 	 100617 	 0.11 	 0.24
 78533 	  94908 	 0.18 	 0.20
 78533 	  94927 	 0.13 	 0.22
 78533 	 118052 	 0.19 	 0.23
 78533 	 102380 	 0.18 	 0.23
 78533 	 117891 	 0.13 	 0.21
 78533 	 119680 	 0.18 	 0.20
 78533 	 127242 	 0.11 	 0.21
 97838 	  78533 	 0.14 	 0.21
  2986 	 100617 	 0.19 	 0.22
  2986 	  96511 	 0.17 	 0.22
  2986 	 130387 	 0.18 	 0.27
  2986 	 119680 	 0.19 	 0.29
  5543 	  80076 	 0.17 	 0.21
 62372 	 100617 	 0.19 	 0.23
 62372 	  59539 	 0.12 	 0.27
 75030 	  78533 	 0.10 	 0.20
106205 	  59539 	 0.18 	 0.23
 15511 	  50275 	 0.19 	 0.20
 66388 	   2986 	 0.13 	 0.25
127533 	  78533 	 0.16 	 0.20
109693 	  52768 	 0.18 	 0.26
 99902 	  59539 	 0.15 	 0.28
 99902 	  78533 	 0.12 	 0.23
 18307 	  59539 	 0.12 	 0.25
 18307 	 118052 	 0.19 	 0.24
  8980 	  15511 	 0.18 	 0.21
 91848 	  52768 	 0.19 	 0.21
129131 	  78533 	 0.10 	 0.20
126626 	  59539 	 0.18 	 0.24
126626 	  78533 	 0.10 	 0.21
  9967 	  78533 	 0.18 	 0.20
113027 	   2986 	 0.19 	 0.21
114379 	  78533 	 0.15 	 0.20
131151 	  78533 	 0.17 	 0.22
 51213 	 100617 	 0.14 	 0.23
 51213 	  94927 	 0.18 	 0.23
 51213 	  59539 	 0.18 	 0.23
 51213 	 117891 	 0.18 	 0.23
 51213 	  93163 	 0.15 	 0.20
 51213 	 100225 	 0.17 	 0.20
 51213 	 130665 	 0.17 	 0.23
 51213 	  95573 	 0.18 	 0.21
 51213 	  97838 	 0.19 	 0.22
 51213 	  15511 	 0.17 	 0.24
 51213 	 110571 	 0.19 	 0.20
 51213 	  99902 	 0.16 	 0.22
 51213 	 126626 	 0.18 	 0.23
 29716 	  59539 	 0.18 	 0.25
 29716 	  90154 	 0.13 	 0.21
 29716 	  80076 	 0.14 	 0.20
101280 	  78533 	 0.14 	 0.21
110268 	  90154 	 0.10 	 0.27
 85402 	 113401 	 0.15 	 0.22
 85402 	  88141 	 0.17 	 0.22
 85402 	 118052 	 0.13 	 0.24
 85402 	 100225 	 0.15 	 0.23
 85402 	  95573 	 0.11 	 0.21
 85402 	  76155 	 0.17 	 0.27
 85402 	 109693 	 0.12 	 0.21
 85402 	  96738 	 0.13 	 0.20
 85402 	 130780 	 0.11 	 0.22
 85402 	 131018 	 0.12 	 0.21
 85402 	 126200 	 0.13 	 0.22
 85402 	  51213 	 0.11 	 0.24
 85402 	 110268 	 0.16 	 0.27
101160 	  78533 	 0.15 	 0.20
 63310 	  78533 	 0.10 	 0.25
 63310 	  51213 	 0.17 	 0.21
 90147 	  90154 	 0.11 	 0.28
 91926 	  66388 	 0.17 	 0.24
 95442 	  78533 	 0.10 	 0.21
 95442 	  85402 	 0.18 	 0.28
  7012 	  78533 	 0.13 	 0.21
  5646 	  59539 	 0.18 	 0.20
  5646 	  78533 	 0.10 	 0.22
 94332 	  63310 	 0.19 	 0.20
 31490 	  59539 	 0.18 	 0.28
 31490 	  78533 	 0.12 	 0.26
 31490 	   2986 	 0.19 	 0.25
 69026 	  39337 	 0.19 	 0.24
114535 	 106567 	 0.15 	 0.20
 96113 	 100617 	 0.19 	 0.26
 96113 	  80076 	 0.12 	 0.24
 96113 	  97838 	 0.18 	 0.24
 96113 	  62372 	 0.14 	 0.22
 96113 	  66388 	 0.14 	 0.26
 96113 	  18307 	 0.14 	 0.21
 96113 	  95442 	 0.18 	 0.23
102078 	  78533 	 0.19 	 0.20
102503 	  51213 	 0.15 	 0.24
 94264 	  51213 	 0.15 	 0.21
 94264 	  96113 	 0.18 	 0.22
113290 	  78533 	 0.19 	 0.21
113290 	  85402 	 0.17 	 0.21
122840 	  90154 	 0.13 	 0.25
122840 	  15511 	 0.19 	 0.21
100909 	  51213 	 0.19 	 0.21
100909 	  85402 	 0.17 	 0.20
 99477 	  59539 	 0.18 	 0.28
 99477 	  78533 	 0.15 	 0.23
 99477 	  51213 	 0.19 	 0.22
117951 	  85402 	 0.13 	 0.20
 75641 	 118052 	 0.12 	 0.21
 75641 	  76155 	 0.14 	 0.23
 75641 	 110268 	 0.13 	 0.23
 75641 	  90147 	 0.13 	 0.23
 75641 	  94332 	 0.13 	 0.23
 75641 	 122840 	 0.17 	 0.24
 75641 	 117951 	 0.12 	 0.21
 72459 	  59539 	 0.12 	 0.30
 72459 	  29716 	 0.16 	 0.25
101510 	  59539 	 0.19 	 0.22
101510 	  51213 	 0.17 	 0.21
 44074 	  88141 	 0.18 	 0.21
 44074 	 102380 	 0.18 	 0.21
 44074 	 119680 	 0.16 	 0.22
 44074 	 106205 	 0.13 	 0.20
 44074 	  15511 	 0.16 	 0.25
 44074 	 114621 	 0.18 	 0.21
 44074 	  93171 	 0.16 	 0.22
 44074 	 131151 	 0.19 	 0.21
 44074 	   7012 	 0.16 	 0.21
 44074 	  31490 	 0.16 	 0.26
 44074 	 102503 	 0.17 	 0.21
 44074 	  94264 	 0.13 	 0.20
127451 	  85402 	 0.12 	 0.20
 85890 	 113401 	 0.17 	 0.22
 85890 	 118052 	 0.16 	 0.23
 85890 	 100225 	 0.15 	 0.21
 85890 	  95573 	 0.12 	 0.21
 85890 	 109693 	 0.15 	 0.20
 85890 	  96738 	 0.17 	 0.21
 85890 	 130780 	 0.13 	 0.20
 85890 	 131018 	 0.14 	 0.22
 85890 	 126200 	 0.14 	 0.22
 85890 	  51213 	 0.18 	 0.27
 85890 	 110268 	 0.16 	 0.28
 85890 	 127649 	 0.10 	 0.21
 85890 	  90147 	 0.19 	 0.24
 85890 	 100909 	 0.19 	 0.21
 85890 	 108185 	 0.16 	 0.21
 85890 	 117951 	 0.17 	 0.20
 67362 	 106567 	 0.14 	 0.22
 67362 	  94927 	 0.15 	 0.20
 67362 	 130387 	 0.14 	 0.21
 67362 	 102380 	 0.13 	 0.20
 67362 	 117891 	 0.16 	 0.20
 67362 	 130665 	 0.16 	 0.20
 67362 	 110571 	 0.18 	 0.21
 67362 	 109693 	 0.19 	 0.21
 67362 	  91848 	 0.16 	 0.22
 67362 	 126626 	 0.17 	 0.21
 67362 	 101160 	 0.19 	 0.21
 67362 	  95442 	 0.18 	 0.21
 67362 	   7012 	 0.18 	 0.22
 67362 	   5646 	 0.15 	 0.20
 67362 	 102503 	 0.16 	 0.20
 67362 	 130218 	 0.14 	 0.20
 67362 	   4363 	 0.15 	 0.21
 31770 	 101160 	 0.11 	 0.20
 31770 	 122840 	 0.10 	 0.21
119325 	  78533 	 0.15 	 0.22
119325 	  51213 	 0.17 	 0.21
129644 	  59539 	 0.18 	 0.29
129644 	  67362 	 0.15 	 0.21
 93950 	  44074 	 0.17 	 0.21
101544 	  78533 	 0.13 	 0.22
101544 	  85402 	 0.11 	 0.28
101544 	  85890 	 0.17 	 0.28
118363 	  78533 	 0.11 	 0.23
100782 	  78533 	 0.14 	 0.21
100782 	  51213 	 0.16 	 0.21
100782 	  85402 	 0.18 	 0.28
100782 	  96113 	 0.17 	 0.25
100782 	  67362 	 0.19 	 0.20
 81306 	  39337 	 0.13 	 0.25
101892 	  85402 	 0.10 	 0.24
101892 	  85890 	 0.16 	 0.25
126216 	 100617 	 0.19 	 0.24
126216 	 117976 	 0.18 	 0.26
126216 	 106205 	 0.17 	 0.28
126216 	  15511 	 0.19 	 0.26
126216 	  99902 	 0.19 	 0.23
130986 	  78533 	 0.13 	 0.22
 85972 	  67362 	 0.16 	 0.23
129434 	  78533 	 0.13 	 0.21
129434 	  51213 	 0.17 	 0.22
129434 	  96113 	 0.17 	 0.27
129434 	  67362 	 0.16 	 0.21
115173 	  85890 	 0.16 	 0.21
104295 	  85402 	 0.12 	 0.21
104295 	  85890 	 0.18 	 0.21
124419 	  51213 	 0.17 	 0.21
124419 	  85890 	 0.13 	 0.20
128492 	  59539 	 0.16 	 0.28
128492 	  78533 	 0.13 	 0.20
128492 	  67362 	 0.16 	 0.20
 91637 	  78533 	 0.15 	 0.24
 91637 	  44074 	 0.15 	 0.24
102383 	  67362 	 0.18 	 0.20
102383 	 126216 	 0.16 	 0.23
  2332 	 119680 	 0.16 	 0.21
  2332 	 130218 	 0.16 	 0.21
122251 	  59539 	 0.17 	 0.25
122251 	  78533 	 0.19 	 0.23
 68681 	  95573 	 0.13 	 0.21
 68681 	   5543 	 0.16 	 0.21
 68681 	 114621 	 0.18 	 0.29
 68681 	 109693 	 0.19 	 0.21
 68681 	  51213 	 0.16 	 0.23
 68681 	  96113 	 0.11 	 0.22
 68681 	 117951 	 0.15 	 0.21
 68681 	 101892 	 0.14 	 0.20
125161 	  78533 	 0.15 	 0.25
103296 	 130387 	 0.19 	 0.27
103296 	 126869 	 0.19 	 0.26
103296 	  97838 	 0.18 	 0.23
103296 	  15511 	 0.15 	 0.22
103296 	  29716 	 0.18 	 0.24
103296 	  63310 	 0.17 	 0.23
103296 	  31490 	 0.15 	 0.25
103296 	 101510 	 0.17 	 0.20
103296 	 102383 	 0.19 	 0.20
103296 	  68681 	 0.16 	 0.25
  2911 	 105733 	 0.13 	 0.21
 16479 	  44074 	 0.14 	 0.23
 16479 	   2332 	 0.16 	 0.23
 36327 	  67362 	 0.15 	 0.21
130217 	  78533 	 0.16 	 0.21
119311 	  78533 	 0.15 	 0.22
119311 	  51213 	 0.17 	 0.21
128762 	  78533 	 0.17 	 0.21
125839 	  59539 	 0.19 	 0.27
125839 	  67362 	 0.18 	 0.24
  5103 	 100617 	 0.16 	 0.24
  5103 	  94927 	 0.18 	 0.21
  5103 	 130665 	 0.18 	 0.20
  5103 	  96738 	 0.19 	 0.22
  5103 	 126626 	 0.18 	 0.21
  5103 	 102503 	 0.19 	 0.21
  5103 	 113290 	 0.16 	 0.21
  5103 	 129644 	 0.18 	 0.21
  5103 	 129434 	 0.18 	 0.22
  5103 	   2911 	 0.12 	 0.24
 77153 	  94332 	 0.11 	 0.20
 77153 	 122840 	 0.14 	 0.20
124080 	  78533 	 0.18 	 0.21
124080 	  51213 	 0.15 	 0.22
  2622 	  78533 	 0.10 	 0.24
  2622 	  67362 	 0.16 	 0.22
 97207 	  85890 	 0.10 	 0.22
 97207 	  68681 	 0.14 	 0.21
116522 	  15511 	 0.19 	 0.20
116522 	  66388 	 0.13 	 0.21
116522 	  85402 	 0.12 	 0.22
  5133 	  52768 	 0.19 	 0.20
  5133 	  66388 	 0.14 	 0.23
  5133 	  72459 	 0.14 	 0.21
 76449 	 100617 	 0.11 	 0.24
 76449 	 113401 	 0.19 	 0.23
 76449 	  94908 	 0.18 	 0.22
 76449 	  94927 	 0.13 	 0.20
 76449 	 127102 	 0.15 	 0.24
 76449 	 118052 	 0.19 	 0.26
 76449 	  96511 	 0.16 	 0.24
 76449 	 130387 	 0.17 	 0.20
 76449 	 102380 	 0.18 	 0.26
 76449 	 117891 	 0.12 	 0.22
 76449 	 117976 	 0.17 	 0.24
 76449 	  93163 	 0.13 	 0.20
 76449 	 119680 	 0.18 	 0.26
 76449 	  91563 	 0.18 	 0.24
 76449 	 100225 	 0.16 	 0.20
 76449 	  95573 	 0.15 	 0.22
 76449 	  97838 	 0.14 	 0.22
 76449 	 106302 	 0.17 	 0.22
 76449 	 128844 	 0.15 	 0.22
 76449 	 106205 	 0.10 	 0.22
 76449 	  99902 	 0.12 	 0.24
 76449 	 122022 	 0.15 	 0.21
 76449 	 129131 	 0.10 	 0.20
 76449 	 105455 	 0.17 	 0.20
 76449 	   9967 	 0.18 	 0.21
 76449 	 130983 	 0.15 	 0.23
 76449 	  93171 	 0.11 	 0.21
 76449 	 131151 	 0.17 	 0.21
 76449 	 126721 	 0.17 	 0.25
 76449 	 101280 	 0.14 	 0.21
 76449 	 101160 	 0.15 	 0.20
 76449 	 127649 	 0.19 	 0.22
 76449 	  95603 	 0.19 	 0.21
 76449 	  95442 	 0.10 	 0.20
 76449 	  31490 	 0.12 	 0.27
 76449 	 102078 	 0.19 	 0.23
 76449 	  94264 	 0.15 	 0.21
 76449 	 113290 	 0.19 	 0.23
 76449 	  99477 	 0.15 	 0.23
 76449 	 127855 	 0.14 	 0.23
 76449 	 130218 	 0.16 	 0.26
 76449 	   4363 	 0.12 	 0.21
 76449 	 119111 	 0.19 	 0.23
 76449 	 119325 	 0.15 	 0.25
 76449 	  93950 	 0.17 	 0.23
 76449 	 101544 	 0.13 	 0.22
 76449 	 118363 	 0.12 	 0.25
 76449 	 100782 	 0.14 	 0.21
 76449 	 129960 	 0.12 	 0.24
 76449 	 126216 	 0.19 	 0.25
 76449 	 130986 	 0.13 	 0.21
 76449 	 128492 	 0.13 	 0.20
 76449 	  91637 	 0.15 	 0.23
 76449 	 102383 	 0.10 	 0.22
 76449 	 122251 	 0.19 	 0.25
 76449 	 125161 	 0.15 	 0.27
 76449 	 105733 	 0.17 	 0.20
 76449 	  16479 	 0.16 	 0.27
 76449 	 119311 	 0.15 	 0.25
 76449 	 128762 	 0.17 	 0.20
 76449 	   2622 	 0.10 	 0.20
 91880 	  85890 	 0.19 	 0.22
101463 	  78533 	 0.16 	 0.21
101463 	  44074 	 0.18 	 0.20
101463 	  76449 	 0.16 	 0.23
 95336 	  88141 	 0.15 	 0.21
 95336 	 118052 	 0.14 	 0.21
 95336 	  76155 	 0.14 	 0.27
 95336 	  51213 	 0.10 	 0.23
 95336 	 110268 	 0.11 	 0.26
 95336 	 101160 	 0.15 	 0.26
 95336 	  90147 	 0.13 	 0.29
 95336 	 122840 	 0.15 	 0.27
 95336 	 119111 	 0.12 	 0.29
 95336 	 101544 	 0.11 	 0.26
107568 	 105455 	 0.19 	 0.21
107568 	 126216 	 0.19 	 0.23
107568 	 103296 	 0.19 	 0.22
111666 	  67362 	 0.19 	 0.22
125990 	  78533 	 0.14 	 0.21
125990 	  76449 	 0.12 	 0.22
 98252 	  59539 	 0.16 	 0.27
 98252 	  78533 	 0.13 	 0.22
 98252 	 126216 	 0.18 	 0.22
 98252 	 103296 	 0.16 	 0.21
 98252 	   5103 	 0.18 	 0.22
 98252 	  76449 	 0.13 	 0.22
 73957 	  78533 	 0.18 	 0.22
 73957 	  51213 	 0.15 	 0.21
 73957 	  75641 	 0.19 	 0.24
 73957 	  67362 	 0.19 	 0.29
 73957 	  76449 	 0.18 	 0.22
 73957 	  95336 	 0.18 	 0.21
118768 	  78533 	 0.19 	 0.22
118768 	  76449 	 0.16 	 0.21
 69633 	  90147 	 0.15 	 0.21
128974 	  78533 	 0.18 	 0.20
128974 	   2332 	 0.16 	 0.20
128974 	  76449 	 0.16 	 0.24
101365 	  85402 	 0.10 	 0.21
101365 	  85890 	 0.16 	 0.20
  3208 	 118052 	 0.14 	 0.21
  3208 	  85402 	 0.17 	 0.20
  3208 	 102503 	 0.17 	 0.22
  3208 	  85890 	 0.19 	 0.29
  3208 	 102383 	 0.19 	 0.21
  3208 	  95336 	 0.17 	 0.23
 79768 	  39337 	 0.16 	 0.23
 99159 	  78533 	 0.13 	 0.24
 99159 	  75641 	 0.12 	 0.24
 99159 	  44074 	 0.17 	 0.21
 99159 	  76449 	 0.13 	 0.23
 99159 	  95336 	 0.10 	 0.27
 66221 	  59539 	 0.15 	 0.23
 66221 	  78533 	 0.17 	 0.25
 66221 	  51213 	 0.19 	 0.24
 66221 	 103296 	 0.15 	 0.29
 66221 	  76449 	 0.17 	 0.27
 65192 	  62372 	 0.17 	 0.28
 65192 	  76155 	 0.11 	 0.23
 65192 	  18307 	 0.16 	 0.24
 65192 	  29716 	 0.14 	 0.21
 65192 	 110268 	 0.12 	 0.29
 65192 	  90147 	 0.10 	 0.25
 65192 	 122840 	 0.14 	 0.26
 65192 	  73957 	 0.16 	 0.21
 65192 	   3208 	 0.13 	 0.29
122945 	  78533 	 0.13 	 0.22
122945 	  85402 	 0.16 	 0.28
122945 	  85890 	 0.19 	 0.30
122945 	  76449 	 0.13 	 0.22
122945 	  95336 	 0.15 	 0.26
119617 	  59539 	 0.14 	 0.21
 99455 	  78533 	 0.14 	 0.23
 99455 	  51213 	 0.19 	 0.22
 99455 	  67362 	 0.17 	 0.21
 99455 	  76449 	 0.14 	 0.23
101673 	  59539 	 0.19 	 0.22
101673 	  78533 	 0.19 	 0.23
101673 	  63310 	 0.18 	 0.23
101673 	  96113 	 0.19 	 0.24
101673 	 131017 	 0.18 	 0.25
101673 	 103296 	 0.19 	 0.24
101673 	  95336 	 0.14 	 0.28
 96900 	  78533 	 0.18 	 0.20
 96900 	  85402 	 0.17 	 0.21
 96900 	  76449 	 0.16 	 0.23
114259 	  59539 	 0.17 	 0.25
102481 	  78533 	 0.17 	 0.22
102481 	  51213 	 0.19 	 0.23
102481 	  76449 	 0.17 	 0.23
119112 	  78533 	 0.14 	 0.27
119112 	  85890 	 0.18 	 0.24
119112 	  76449 	 0.16 	 0.25
119112 	  95336 	 0.14 	 0.22
  2524 	  85890 	 0.12 	 0.22
 93866 	  85890 	 0.19 	 0.29
 93866 	  77153 	 0.11 	 0.21
 93866 	  65192 	 0.12 	 0.29
108273 	 100617 	 0.18 	 0.24
108273 	  94927 	 0.15 	 0.24
108273 	  88141 	 0.15 	 0.22
108273 	 102380 	 0.17 	 0.28
108273 	 110641 	 0.19 	 0.22
108273 	 130665 	 0.15 	 0.23
108273 	  80076 	 0.11 	 0.23
108273 	  62372 	 0.13 	 0.23
108273 	  75030 	 0.12 	 0.22
108273 	 106205 	 0.17 	 0.25
108273 	  15511 	 0.18 	 0.26
108273 	 110571 	 0.16 	 0.21
108273 	  99902 	 0.14 	 0.26
108273 	  18307 	 0.13 	 0.23
108273 	 126626 	 0.17 	 0.24
108273 	   9967 	 0.10 	 0.20
108273 	  51213 	 0.15 	 0.21
108273 	  29716 	 0.17 	 0.23
108273 	  63310 	 0.12 	 0.21
108273 	  66308 	 0.18 	 0.25
108273 	   5646 	 0.13 	 0.25
108273 	  31490 	 0.14 	 0.25
108273 	 102503 	 0.16 	 0.25
108273 	  72459 	 0.12 	 0.25
108273 	 101510 	 0.14 	 0.23
108273 	 130218 	 0.19 	 0.22
108273 	 129644 	 0.15 	 0.21
108273 	  53106 	 0.19 	 0.28
108273 	 129960 	 0.18 	 0.25
108273 	 129434 	 0.15 	 0.23
108273 	 128492 	 0.19 	 0.23
108273 	  91637 	 0.17 	 0.27
108273 	 102383 	 0.18 	 0.28
108273 	 125161 	 0.19 	 0.24
108273 	  36327 	 0.14 	 0.26
108273 	 125839 	 0.18 	 0.22
108273 	  43129 	 0.18 	 0.26
108273 	   2622 	 0.19 	 0.25
108273 	  98252 	 0.13 	 0.23
108273 	 128974 	 0.19 	 0.24
108273 	  66221 	 0.12 	 0.24
108273 	 119617 	 0.17 	 0.21
108273 	  99455 	 0.16 	 0.25
108273 	 102481 	 0.19 	 0.26
115606 	  59539 	 0.19 	 0.25
115606 	  78533 	 0.16 	 0.24
115606 	  62372 	 0.19 	 0.22
115606 	  18307 	 0.19 	 0.21
115606 	  44074 	 0.16 	 0.23
115606 	   5103 	 0.19 	 0.24
115606 	  76449 	 0.16 	 0.25
120998 	 117976 	 0.18 	 0.24
120998 	  66388 	 0.19 	 0.29
120998 	  72459 	 0.18 	 0.28
 15972 	  59539 	 0.12 	 0.25
 15972 	  90154 	 0.14 	 0.24
 15972 	  80076 	 0.14 	 0.21
 15972 	  65192 	 0.17 	 0.25
 15972 	 108273 	 0.13 	 0.23
 15972 	 115606 	 0.19 	 0.21
110588 	  52768 	 0.19 	 0.22
 92527 	 111666 	 0.19 	 0.24
101749 	  85402 	 0.12 	 0.22
101749 	  85890 	 0.18 	 0.21
108174 	  99477 	 0.19 	 0.20
108174 	 111666 	 0.16 	 0.22
  2251 	  51213 	 0.16 	 0.21
  2251 	  77153 	 0.15 	 0.20
  2251 	   5133 	 0.19 	 0.22
 75566 	  59539 	 0.16 	 0.21
 75566 	  44074 	 0.12 	 0.21
 52224 	  78533 	 0.10 	 0.23
 52224 	 103296 	 0.15 	 0.22
 52224 	  76449 	 0.10 	 0.24
103677 	  78533 	 0.18 	 0.20
103677 	  51213 	 0.19 	 0.21
103677 	  95336 	 0.17 	 0.23
122600 	   2986 	 0.18 	 0.23
122600 	  76449 	 0.15 	 0.21
 62649 	 113401 	 0.12 	 0.20
 62649 	 118052 	 0.12 	 0.28
 62649 	 100225 	 0.12 	 0.23
 62649 	  76155 	 0.15 	 0.26
 62649 	  96738 	 0.11 	 0.20
 62649 	  29716 	 0.16 	 0.21
 62649 	 110268 	 0.12 	 0.26
 62649 	 101160 	 0.14 	 0.29
 62649 	  90147 	 0.14 	 0.29
 62649 	 113290 	 0.15 	 0.20
 62649 	 122840 	 0.18 	 0.25
 62649 	 117951 	 0.11 	 0.25
 62649 	 101544 	 0.11 	 0.26
 62649 	  73957 	 0.18 	 0.24
 62649 	 101365 	 0.10 	 0.21
 62649 	 122945 	 0.12 	 0.27
 62649 	 119112 	 0.12 	 0.26
 62649 	  15972 	 0.19 	 0.24
 90137 	  90154 	 0.11 	 0.28
 90137 	  75641 	 0.14 	 0.23
 90137 	  95336 	 0.14 	 0.29
 90137 	  69633 	 0.15 	 0.21
 90137 	  65192 	 0.11 	 0.25
 90137 	  62649 	 0.13 	 0.29
 94602 	  76449 	 0.13 	 0.24
 58632 	  59539 	 0.19 	 0.25
 58632 	  78533 	 0.16 	 0.20
 58632 	   2986 	 0.17 	 0.24
 58632 	  44074 	 0.14 	 0.24
 58632 	  68681 	 0.13 	 0.23
 58632 	  76449 	 0.17 	 0.25
 83275 	  77153 	 0.13 	 0.23
 83275 	  62649 	 0.15 	 0.24
 62268 	   5103 	 0.19 	 0.21
 62268 	  76449 	 0.10 	 0.23
115220 	  51213 	 0.18 	 0.21
115220 	  85402 	 0.15 	 0.20
 58416 	  59539 	 0.19 	 0.26
 58416 	  78533 	 0.19 	 0.21
 58416 	   2986 	 0.19 	 0.24
 58416 	  44074 	 0.17 	 0.24
 58416 	  76449 	 0.16 	 0.25
 58416 	  15972 	 0.19 	 0.21
117884 	  78533 	 0.12 	 0.22
117884 	  51213 	 0.16 	 0.22
117884 	 108273 	 0.18 	 0.24
124477 	  59539 	 0.19 	 0.28
124477 	  67362 	 0.18 	 0.24
124477 	 108273 	 0.17 	 0.24
101648 	  78533 	 0.15 	 0.22
101648 	  51213 	 0.19 	 0.21
101648 	  96113 	 0.18 	 0.26
101648 	  76449 	 0.15 	 0.22
111297 	  59539 	 0.17 	 0.26
111297 	  78533 	 0.19 	 0.25
111297 	  15511 	 0.17 	 0.24
111297 	  44074 	 0.19 	 0.29
111297 	  52894 	 0.13 	 0.20
111297 	 103296 	 0.17 	 0.21
111297 	  76449 	 0.19 	 0.23
127221 	  85402 	 0.13 	 0.21
127221 	  85890 	 0.15 	 0.21
127221 	  76449 	 0.19 	 0.21
106697 	  51213 	 0.19 	 0.21
106697 	  85402 	 0.13 	 0.21
106697 	  85890 	 0.15 	 0.20
 74286 	 100617 	 0.11 	 0.25
 74286 	 113401 	 0.19 	 0.23
 74286 	  94908 	 0.18 	 0.21
 74286 	  94927 	 0.13 	 0.20
 74286 	 127102 	 0.15 	 0.23
 74286 	 118052 	 0.19 	 0.25
 74286 	  96511 	 0.16 	 0.24
 74286 	 130387 	 0.17 	 0.20
 74286 	 102380 	 0.18 	 0.26
 74286 	 117891 	 0.12 	 0.22
 74286 	 117976 	 0.17 	 0.24
 74286 	  93163 	 0.13 	 0.20
 74286 	 119680 	 0.18 	 0.26
 74286 	  91563 	 0.18 	 0.24
 74286 	 100225 	 0.16 	 0.20
 74286 	  95573 	 0.15 	 0.22
 74286 	  97838 	 0.14 	 0.22
 74286 	 106302 	 0.17 	 0.22
 74286 	 128844 	 0.15 	 0.22
 74286 	 106205 	 0.10 	 0.22
 74286 	  99902 	 0.12 	 0.24
 74286 	 122022 	 0.15 	 0.20
 74286 	 129131 	 0.10 	 0.20
 74286 	 105455 	 0.17 	 0.21
 74286 	   9967 	 0.18 	 0.22
 74286 	 130983 	 0.15 	 0.23
 74286 	  93171 	 0.11 	 0.20
 74286 	 131151 	 0.17 	 0.21
 74286 	 126721 	 0.17 	 0.25
 74286 	 101280 	 0.14 	 0.21
 74286 	 101160 	 0.15 	 0.21
 74286 	 127649 	 0.19 	 0.22
 74286 	  95603 	 0.19 	 0.21
 74286 	  63310 	 0.10 	 0.21
 74286 	  95442 	 0.10 	 0.21
 74286 	  31490 	 0.12 	 0.27
 74286 	 102078 	 0.19 	 0.23
 74286 	  94264 	 0.15 	 0.22
 74286 	 113290 	 0.19 	 0.23
 74286 	 122840 	 0.16 	 0.20
 74286 	  99477 	 0.15 	 0.24
 74286 	 127855 	 0.14 	 0.23
 74286 	 130218 	 0.16 	 0.26
 74286 	   4363 	 0.12 	 0.21
 74286 	 119111 	 0.19 	 0.23
 74286 	 119325 	 0.15 	 0.25
 74286 	  93950 	 0.17 	 0.23
 74286 	 101544 	 0.13 	 0.22
 74286 	 118363 	 0.12 	 0.24
 74286 	 100782 	 0.14 	 0.21
 74286 	 129960 	 0.12 	 0.24
 74286 	 126216 	 0.19 	 0.24
 74286 	 130986 	 0.13 	 0.21
 74286 	 129434 	 0.13 	 0.20
 74286 	 128492 	 0.13 	 0.20
 74286 	  91637 	 0.15 	 0.23
 74286 	 102383 	 0.10 	 0.23
 74286 	 122251 	 0.19 	 0.24
 74286 	 125161 	 0.15 	 0.26
 74286 	 105733 	 0.17 	 0.20
 74286 	  16479 	 0.16 	 0.27
 74286 	 119311 	 0.15 	 0.25
 74286 	 128762 	 0.17 	 0.20
 74286 	   2622 	 0.10 	 0.20
 74286 	 101463 	 0.16 	 0.23
 74286 	 108127 	 0.19 	 0.22
 74286 	 125990 	 0.14 	 0.22
 74286 	  98252 	 0.13 	 0.23
 74286 	  73957 	 0.18 	 0.22
 74286 	 118768 	 0.16 	 0.21
 74286 	 128974 	 0.18 	 0.24
 74286 	  99159 	 0.13 	 0.24
 74286 	  66221 	 0.17 	 0.27
 74286 	 122945 	 0.13 	 0.22
 74286 	  99455 	 0.14 	 0.23
 74286 	  96900 	 0.18 	 0.23
 74286 	 102481 	 0.17 	 0.23
 74286 	 119112 	 0.14 	 0.24
 74286 	 115606 	 0.17 	 0.24
 74286 	  52224 	 0.10 	 0.24
 74286 	 122600 	 0.15 	 0.21
 74286 	  94602 	 0.13 	 0.24
 74286 	  58632 	 0.14 	 0.25
 74286 	  62268 	 0.10 	 0.23
 74286 	  58416 	 0.16 	 0.25
 74286 	 101648 	 0.15 	 0.22
 74286 	 111297 	 0.19 	 0.23
 27623 	   2911 	 0.16 	 0.23
124177 	  85402 	 0.13 	 0.20
124177 	  85890 	 0.13 	 0.21
100142 	 117976 	 0.17 	 0.25
 51767 	  88141 	 0.19 	 0.21
 51767 	  78533 	 0.11 	 0.23
 51767 	  44074 	 0.13 	 0.22
 51767 	   5103 	 0.16 	 0.23
 51767 	   5133 	 0.15 	 0.21
 51767 	  76449 	 0.11 	 0.25
 51767 	 108273 	 0.18 	 0.25
 51767 	  74286 	 0.11 	 0.24
 28201 	  75641 	 0.16 	 0.21
 28201 	  44074 	 0.16 	 0.20
119717 	  78533 	 0.15 	 0.20
119717 	  85402 	 0.18 	 0.23
119717 	  85890 	 0.17 	 0.23
119717 	  68681 	 0.19 	 0.21
119717 	  76449 	 0.15 	 0.21
119717 	  95336 	 0.16 	 0.21
119717 	  74286 	 0.15 	 0.21
 95409 	  59539 	 0.19 	 0.28
 95409 	  67362 	 0.18 	 0.24
 95409 	 108273 	 0.18 	 0.25
 99213 	  59539 	 0.19 	 0.22
119685 	  76449 	 0.19 	 0.21
119685 	  74286 	 0.19 	 0.21
121308 	  88141 	 0.16 	 0.22
121308 	  76449 	 0.15 	 0.24
121308 	 111297 	 0.18 	 0.20
121308 	  74286 	 0.15 	 0.24
128471 	 131017 	 0.19 	 0.29
 77148 	  94332 	 0.11 	 0.20
 77148 	  83275 	 0.17 	 0.23
 96223 	  59539 	 0.19 	 0.24
 96223 	 108273 	 0.18 	 0.21
 96223 	  62649 	 0.16 	 0.21
  3715 	  94927 	 0.18 	 0.24
  3715 	   4793 	 0.16 	 0.21
  3715 	  15511 	 0.11 	 0.21
  3715 	  66388 	 0.12 	 0.25
  3715 	 109693 	 0.18 	 0.27
  3715 	  31490 	 0.16 	 0.21
  3715 	  99477 	 0.18 	 0.24
  3715 	 129644 	 0.18 	 0.22
  3715 	 128492 	 0.18 	 0.24
  3715 	  98252 	 0.18 	 0.23
  3715 	   1531 	 0.15 	 0.20
  3715 	 111297 	 0.13 	 0.23
115258 	  59539 	 0.19 	 0.24
 69513 	  78533 	 0.15 	 0.20
 69513 	  75641 	 0.16 	 0.28
 69513 	  31770 	 0.13 	 0.27
 69513 	  77153 	 0.13 	 0.28
 69513 	  95336 	 0.16 	 0.26
 69513 	  65192 	 0.13 	 0.25
 69513 	  77148 	 0.15 	 0.27
126248 	  78533 	 0.16 	 0.22
126248 	  44074 	 0.16 	 0.21
126248 	  76449 	 0.16 	 0.23
126248 	 108273 	 0.17 	 0.23
126248 	  74286 	 0.16 	 0.23
102995 	  51213 	 0.19 	 0.23
102995 	  85402 	 0.13 	 0.20
102995 	  85890 	 0.15 	 0.21
118432 	  85402 	 0.11 	 0.25
118432 	  85890 	 0.17 	 0.28
   514 	  91848 	 0.19 	 0.25
 95790 	  59539 	 0.19 	 0.21
 95790 	  15511 	 0.19 	 0.23
 95790 	  66388 	 0.19 	 0.22
 95350 	  78533 	 0.18 	 0.24
 95350 	  44074 	 0.16 	 0.22
 95350 	  85890 	 0.14 	 0.23
 95350 	  76449 	 0.18 	 0.25
 95350 	  74286 	 0.18 	 0.25
101486 	  78533 	 0.11 	 0.24
101486 	  51213 	 0.18 	 0.23
101486 	  76449 	 0.11 	 0.25
101486 	 108273 	 0.18 	 0.21
101486 	  74286 	 0.11 	 0.25
101809 	  85402 	 0.14 	 0.23
109399 	 102503 	 0.19 	 0.20
109399 	 101510 	 0.19 	 0.21
109399 	 128492 	 0.18 	 0.20
 86335 	  78533 	 0.10 	 0.24
 86335 	 130780 	 0.17 	 0.22
 86335 	  51213 	 0.19 	 0.24
 86335 	  96113 	 0.12 	 0.22
 86335 	 117951 	 0.19 	 0.21
 86335 	 131017 	 0.12 	 0.21
 86335 	 101892 	 0.19 	 0.23
 86335 	  76449 	 0.10 	 0.20
 86335 	 120998 	 0.15 	 0.22
 86335 	  74286 	 0.10 	 0.20
 61797 	  78533 	 0.11 	 0.23
 61797 	 130780 	 0.17 	 0.21
 61797 	  51213 	 0.19 	 0.23
 61797 	  94332 	 0.16 	 0.22
 61797 	  31490 	 0.18 	 0.22
 61797 	 131017 	 0.12 	 0.20
 61797 	  76449 	 0.10 	 0.21
 61797 	  74286 	 0.10 	 0.21
 95513 	   2332 	 0.15 	 0.21
 95513 	  76449 	 0.15 	 0.24
 95513 	 108273 	 0.16 	 0.22
 95513 	  74286 	 0.15 	 0.24
 95513 	   3715 	 0.19 	 0.21
 94015 	  78533 	 0.14 	 0.21
 94015 	  68681 	 0.19 	 0.21
 94015 	  76449 	 0.14 	 0.23
 94015 	  74286 	 0.14 	 0.22
117213 	  78533 	 0.15 	 0.22
117213 	  68681 	 0.12 	 0.24
117213 	  76449 	 0.17 	 0.22
117213 	  74286 	 0.17 	 0.22
123976 	  51213 	 0.18 	 0.22
123976 	  68681 	 0.11 	 0.20
123976 	  76449 	 0.15 	 0.20
123976 	  74286 	 0.15 	 0.20
 18023 	  78533 	 0.19 	 0.20
 65978 	  78533 	 0.10 	 0.21
 65978 	 108273 	 0.14 	 0.21
129747 	  78533 	 0.16 	 0.21
129747 	  76449 	 0.16 	 0.20
129747 	  74286 	 0.16 	 0.20
117950 	  78533 	 0.14 	 0.23
117950 	  85402 	 0.15 	 0.30
117950 	  68681 	 0.17 	 0.22
117950 	  76449 	 0.14 	 0.21
117950 	  95336 	 0.13 	 0.27
117950 	  74286 	 0.14 	 0.21
 76438 	 100617 	 0.11 	 0.23
 76438 	 113401 	 0.19 	 0.23
 76438 	  94908 	 0.18 	 0.22
 76438 	 127102 	 0.15 	 0.22
 76438 	 118052 	 0.19 	 0.24
 76438 	  96511 	 0.16 	 0.24
 76438 	 102380 	 0.18 	 0.26
 76438 	 117891 	 0.12 	 0.22
 76438 	 117976 	 0.17 	 0.22
 76438 	  93163 	 0.13 	 0.20
 76438 	 119680 	 0.18 	 0.25
 76438 	  91563 	 0.18 	 0.24
 76438 	 100225 	 0.16 	 0.22
 76438 	  95573 	 0.15 	 0.22
 76438 	  97838 	 0.14 	 0.22
 76438 	 106302 	 0.17 	 0.22
 76438 	 128844 	 0.15 	 0.21
 76438 	 106205 	 0.10 	 0.23
 76438 	  99902 	 0.12 	 0.24
 76438 	 129131 	 0.10 	 0.21
 76438 	 105455 	 0.17 	 0.21
 76438 	   9967 	 0.18 	 0.21
 76438 	 130983 	 0.15 	 0.21
 76438 	  93171 	 0.11 	 0.21
 76438 	 131151 	 0.17 	 0.21
 76438 	 126721 	 0.17 	 0.24
 76438 	 101280 	 0.14 	 0.21
 76438 	 127649 	 0.19 	 0.22
 76438 	  95603 	 0.19 	 0.21
 76438 	  63310 	 0.10 	 0.21
 76438 	  31490 	 0.12 	 0.26
 76438 	 102078 	 0.19 	 0.23
 76438 	  94264 	 0.15 	 0.21
 76438 	 113290 	 0.19 	 0.22
 76438 	  99477 	 0.15 	 0.23
 76438 	 127855 	 0.14 	 0.22
 76438 	 130218 	 0.16 	 0.25
 76438 	 119111 	 0.19 	 0.22
 76438 	 119325 	 0.15 	 0.24
 76438 	  93950 	 0.17 	 0.22
 76438 	 101544 	 0.13 	 0.22
 76438 	 118363 	 0.12 	 0.24
 76438 	 100782 	 0.14 	 0.20
 76438 	 129960 	 0.12 	 0.23
 76438 	 126216 	 0.19 	 0.24
 76438 	 130986 	 0.13 	 0.22
 76438 	 128492 	 0.13 	 0.20
 76438 	  91637 	 0.15 	 0.22
 76438 	 102383 	 0.10 	 0.22
 76438 	 122251 	 0.19 	 0.24
 76438 	 125161 	 0.15 	 0.25
 76438 	 105733 	 0.17 	 0.20
 76438 	  16479 	 0.16 	 0.27
 76438 	 119311 	 0.15 	 0.24
 76438 	 128762 	 0.17 	 0.20
 76438 	 101463 	 0.16 	 0.23
 76438 	 108127 	 0.19 	 0.22
 76438 	 125990 	 0.14 	 0.22
 76438 	  98252 	 0.13 	 0.22
 76438 	  73957 	 0.18 	 0.23
 76438 	 118768 	 0.16 	 0.21
 76438 	 128974 	 0.18 	 0.24
 76438 	  99159 	 0.13 	 0.23
 76438 	  66221 	 0.17 	 0.28
 76438 	 122945 	 0.13 	 0.21
 76438 	  99455 	 0.14 	 0.22
 76438 	  96900 	 0.18 	 0.22
 76438 	 102481 	 0.17 	 0.23
 76438 	 119112 	 0.14 	 0.24
 76438 	 115606 	 0.17 	 0.24
 76438 	 120998 	 0.18 	 0.20
 76438 	  52224 	 0.10 	 0.25
 76438 	 122600 	 0.15 	 0.21
 76438 	  94602 	 0.13 	 0.23
 76438 	  58632 	 0.14 	 0.25
 76438 	  62268 	 0.10 	 0.23
 76438 	  58416 	 0.16 	 0.25
 76438 	 117884 	 0.12 	 0.20
 76438 	 101648 	 0.15 	 0.21
 76438 	 111297 	 0.19 	 0.24
 76438 	  51767 	 0.13 	 0.24
 76438 	 119717 	 0.15 	 0.22
 76438 	 119685 	 0.19 	 0.21
 76438 	 121308 	 0.19 	 0.24
 76438 	 126248 	 0.16 	 0.24
 76438 	  95350 	 0.18 	 0.25
 76438 	 101486 	 0.11 	 0.25
 76438 	  61797 	 0.10 	 0.21
 76438 	  95513 	 0.15 	 0.23
 76438 	  94015 	 0.16 	 0.22
 76438 	 117213 	 0.17 	 0.21
 76438 	 123976 	 0.17 	 0.21
 76438 	 129747 	 0.14 	 0.20
 76438 	 117950 	 0.14 	 0.21
122891 	  59539 	 0.16 	 0.25
122891 	  78533 	 0.13 	 0.21
122891 	  51213 	 0.15 	 0.22
122891 	  96113 	 0.16 	 0.25
122891 	   5103 	 0.16 	 0.22
122891 	  76449 	 0.13 	 0.23
122891 	   3208 	 0.18 	 0.21
122891 	 108273 	 0.14 	 0.30
122891 	  74286 	 0.13 	 0.24
122891 	  76438 	 0.13 	 0.22
 79171 	 100617 	 0.19 	 0.21
 79171 	  59539 	 0.12 	 0.25
 79171 	  90154 	 0.15 	 0.25
 79171 	 108273 	 0.13 	 0.23
 79171 	 115606 	 0.19 	 0.21
124881 	  85402 	 0.10 	 0.20
126974 	  85402 	 0.15 	 0.22
126974 	  85890 	 0.19 	 0.21
126974 	 108273 	 0.19 	 0.24
105523 	 100617 	 0.11 	 0.25
105523 	 113401 	 0.19 	 0.22
105523 	  94908 	 0.12 	 0.21
105523 	  88141 	 0.10 	 0.22
105523 	 127102 	 0.13 	 0.20
105523 	 118052 	 0.13 	 0.22
105523 	 102380 	 0.18 	 0.21
105523 	 117891 	 0.10 	 0.21
105523 	 117976 	 0.12 	 0.22
105523 	  93163 	 0.15 	 0.20
105523 	 119680 	 0.18 	 0.21
105523 	 127242 	 0.19 	 0.20
105523 	  78533 	 0.16 	 0.21
105523 	 106302 	 0.19 	 0.21
105523 	  15511 	 0.11 	 0.23
105523 	  70752 	 0.12 	 0.20
105523 	 129131 	 0.12 	 0.20
105523 	 126721 	 0.15 	 0.22
105523 	 101280 	 0.14 	 0.20
105523 	 110268 	 0.14 	 0.23
105523 	 101160 	 0.17 	 0.22
105523 	  95442 	 0.12 	 0.24
105523 	   5646 	 0.10 	 0.21
105523 	 102078 	 0.14 	 0.21
105523 	 102503 	 0.13 	 0.22
105523 	  94264 	 0.10 	 0.22
105523 	 113290 	 0.19 	 0.23
105523 	 122840 	 0.18 	 0.22
105523 	  99477 	 0.10 	 0.24
105523 	 117951 	 0.19 	 0.21
105523 	 130218 	 0.18 	 0.26
105523 	 119111 	 0.15 	 0.23
105523 	 119325 	 0.15 	 0.22
105523 	  93950 	 0.19 	 0.20
105523 	 101544 	 0.13 	 0.22
105523 	 118363 	 0.12 	 0.23
105523 	  67846 	 0.14 	 0.20
105523 	 100782 	 0.10 	 0.24
105523 	  53106 	 0.16 	 0.23
105523 	 105815 	 0.19 	 0.21
105523 	 129960 	 0.10 	 0.20
105523 	 102383 	 0.12 	 0.24
105523 	 122251 	 0.13 	 0.21
105523 	 125161 	 0.17 	 0.22
105523 	 119311 	 0.15 	 0.22
105523 	 128762 	 0.13 	 0.21
105523 	  76449 	 0.16 	 0.21
105523 	  91880 	 0.16 	 0.23
105523 	 101463 	 0.16 	 0.22
105523 	 108127 	 0.19 	 0.22
105523 	 107568 	 0.19 	 0.25
105523 	  98252 	 0.10 	 0.21
105523 	  73957 	 0.11 	 0.22
105523 	 118768 	 0.13 	 0.21
105523 	 128974 	 0.18 	 0.23
105523 	  99159 	 0.13 	 0.21
105523 	  66221 	 0.11 	 0.22
105523 	 122945 	 0.15 	 0.25
105523 	 101673 	 0.16 	 0.22
105523 	  96900 	 0.16 	 0.23
105523 	 114259 	 0.13 	 0.20
105523 	 102481 	 0.11 	 0.23
105523 	 119112 	 0.16 	 0.23
105523 	   2251 	 0.16 	 0.23
105523 	  75566 	 0.11 	 0.21
105523 	   1531 	 0.17 	 0.24
105523 	  58632 	 0.16 	 0.22
105523 	  58416 	 0.16 	 0.22
105523 	 101648 	 0.11 	 0.24
105523 	 111297 	 0.17 	 0.22
105523 	  74286 	 0.16 	 0.22
105523 	 116898 	 0.16 	 0.21
105523 	 128471 	 0.15 	 0.22
105523 	   3715 	 0.16 	 0.20
105523 	 118432 	 0.16 	 0.22
105523 	 115465 	 0.19 	 0.23
105523 	  95350 	 0.16 	 0.22
105523 	 101486 	 0.11 	 0.23
105523 	  95513 	 0.17 	 0.23
105523 	 117213 	 0.17 	 0.22
105523 	  76438 	 0.16 	 0.22
105523 	 122891 	 0.10 	 0.25
129421 	  78533 	 0.18 	 0.21
129421 	  68681 	 0.10 	 0.21
129421 	 107568 	 0.18 	 0.21
129421 	  15972 	 0.18 	 0.20
129421 	  86335 	 0.11 	 0.22
129421 	  61797 	 0.11 	 0.21
113610 	  51213 	 0.19 	 0.23
113610 	 108273 	 0.18 	 0.22
103091 	  78533 	 0.11 	 0.22
103091 	  76449 	 0.11 	 0.21
103091 	 108273 	 0.17 	 0.23
103091 	  74286 	 0.11 	 0.21
103091 	  76438 	 0.11 	 0.21
103091 	 105523 	 0.11 	 0.22
 67993 	  88141 	 0.16 	 0.20
 67993 	  76155 	 0.13 	 0.29
 67993 	 101160 	 0.16 	 0.20
 67993 	 122840 	 0.18 	 0.21
 67993 	 125990 	 0.19 	 0.20
 67993 	   3208 	 0.15 	 0.27
 67993 	  93866 	 0.16 	 0.22
 67993 	  69513 	 0.16 	 0.27
 98991 	  78533 	 0.19 	 0.23
 98991 	  44074 	 0.15 	 0.22
 98991 	  76449 	 0.19 	 0.26
 98991 	 108273 	 0.17 	 0.24
 98991 	  74286 	 0.19 	 0.26
 98991 	  76438 	 0.19 	 0.25
 98991 	 105523 	 0.17 	 0.21
110898 	  51213 	 0.18 	 0.22
110898 	 108273 	 0.18 	 0.22
 61753 	 118052 	 0.11 	 0.26
 61753 	 100225 	 0.11 	 0.21
 61753 	  62372 	 0.19 	 0.28
 61753 	  76155 	 0.12 	 0.23
 61753 	  96738 	 0.11 	 0.20
 61753 	  29716 	 0.17 	 0.23
 61753 	 110268 	 0.14 	 0.27
 61753 	 101160 	 0.15 	 0.29
 61753 	  90147 	 0.14 	 0.24
 61753 	 113290 	 0.15 	 0.20
 61753 	 122840 	 0.16 	 0.26
 61753 	 108185 	 0.11 	 0.21
 61753 	  53106 	 0.17 	 0.23
 61753 	  73957 	 0.18 	 0.23
 61753 	 118768 	 0.13 	 0.29
 61753 	 122945 	 0.15 	 0.28
 61753 	  96900 	 0.16 	 0.20
 61753 	   2524 	 0.11 	 0.23
 61753 	  90137 	 0.14 	 0.24
 61753 	  83275 	 0.15 	 0.26
 61753 	 119717 	 0.16 	 0.22
 61753 	  98469 	 0.10 	 0.22
 61753 	  69513 	 0.16 	 0.25
 61753 	 101809 	 0.12 	 0.23
 61753 	 117950 	 0.13 	 0.28
 93696 	  78533 	 0.15 	 0.21
 93696 	  76449 	 0.15 	 0.22
 93696 	  74286 	 0.15 	 0.22
 93696 	  76438 	 0.15 	 0.20
 58883 	  78533 	 0.13 	 0.22
 58883 	  75641 	 0.17 	 0.27
 58883 	  31770 	 0.14 	 0.22
 58883 	  76449 	 0.13 	 0.22
 58883 	  62649 	 0.17 	 0.28
 58883 	  74286 	 0.13 	 0.22
 58883 	  77148 	 0.16 	 0.26
 58883 	  76438 	 0.13 	 0.23
 58883 	  67993 	 0.18 	 0.22
 58883 	  61753 	 0.17 	 0.27
110974 	  51213 	 0.16 	 0.21
123022 	  78533 	 0.16 	 0.22
123022 	  76449 	 0.16 	 0.24
123022 	   3208 	 0.19 	 0.21
123022 	  74286 	 0.16 	 0.24
123022 	  76438 	 0.16 	 0.23
123022 	 105523 	 0.16 	 0.26
100744 	 101673 	 0.14 	 0.23
118234 	  78533 	 0.15 	 0.22
118234 	  76449 	 0.15 	 0.21
118234 	  74286 	 0.15 	 0.21
118234 	  76438 	 0.15 	 0.21
122171 	  66388 	 0.18 	 0.24
122171 	  72459 	 0.17 	 0.24
115883 	  59539 	 0.19 	 0.25
115883 	  67362 	 0.16 	 0.21
115883 	   3715 	 0.19 	 0.24
115883 	 105523 	 0.12 	 0.20
 67672 	  39337 	 0.13 	 0.20
111227 	  66388 	 0.11 	 0.21
111227 	 127533 	 0.16 	 0.20
111227 	  67846 	 0.17 	 0.25
 52250 	   2986 	 0.14 	 0.28
 52250 	  96113 	 0.19 	 0.24
 52250 	 126216 	 0.16 	 0.29
 52250 	 108273 	 0.18 	 0.20
 52250 	  48486 	 0.19 	 0.25
123045 	  78533 	 0.17 	 0.21
123045 	  67362 	 0.16 	 0.21
123045 	  76449 	 0.17 	 0.21
123045 	  85142 	 0.17 	 0.24
123045 	 101365 	 0.18 	 0.26
123045 	  74286 	 0.17 	 0.22
123045 	  76438 	 0.17 	 0.21
123045 	 105523 	 0.13 	 0.23
 82242 	  96223 	 0.15 	 0.20
113681 	  76449 	 0.15 	 0.20
113681 	 108273 	 0.18 	 0.27
113681 	  74286 	 0.15 	 0.20
113681 	  76438 	 0.15 	 0.20
 75661 	  67362 	 0.19 	 0.23
 75661 	 108273 	 0.18 	 0.23
100172 	  78533 	 0.17 	 0.21
100172 	  76449 	 0.17 	 0.24
100172 	  74286 	 0.17 	 0.25
100172 	  76438 	 0.17 	 0.24
100172 	 105523 	 0.13 	 0.23
108160 	  78533 	 0.16 	 0.25
108160 	  85402 	 0.12 	 0.21
108160 	  85890 	 0.16 	 0.22
108160 	  76449 	 0.16 	 0.26
108160 	  62649 	 0.11 	 0.21
108160 	  74286 	 0.16 	 0.26
108160 	  76438 	 0.16 	 0.26
108160 	 105523 	 0.12 	 0.22
 77586 	  44074 	 0.19 	 0.22
 77586 	  68681 	 0.16 	 0.22
 77586 	 105523 	 0.15 	 0.20
128300 	  78533 	 0.12 	 0.21
128300 	  51213 	 0.17 	 0.24
128300 	  85890 	 0.18 	 0.27
128300 	  76449 	 0.12 	 0.21
128300 	 108273 	 0.19 	 0.24
128300 	  74286 	 0.12 	 0.21
128300 	  76438 	 0.12 	 0.21
128300 	 105523 	 0.12 	 0.20
101850 	  78533 	 0.19 	 0.21
101850 	  76449 	 0.19 	 0.21
101850 	  95336 	 0.11 	 0.29
101850 	  74286 	 0.19 	 0.21
101850 	  76438 	 0.19 	 0.21
101850 	 105523 	 0.16 	 0.21
 50309 	   2986 	 0.14 	 0.24
 50309 	   5103 	 0.18 	 0.20
 59944 	  93866 	 0.16 	 0.23
 70788 	 110268 	 0.18 	 0.22
 70788 	 102383 	 0.19 	 0.22
 70788 	   2622 	 0.19 	 0.27
 70788 	  52224 	 0.19 	 0.23
 70788 	  62649 	 0.14 	 0.27
 70788 	  67993 	 0.16 	 0.27
103733 	  67362 	 0.19 	 0.23
 74664 	 100617 	 0.11 	 0.25
 74664 	 113401 	 0.19 	 0.23
 74664 	  94908 	 0.18 	 0.22
 74664 	  94927 	 0.13 	 0.21
 74664 	 127102 	 0.15 	 0.24
 74664 	 118052 	 0.19 	 0.25
 74664 	  96511 	 0.16 	 0.24
 74664 	 130387 	 0.17 	 0.20
 74664 	 102380 	 0.18 	 0.26
 74664 	 117891 	 0.12 	 0.22
 74664 	 117976 	 0.17 	 0.24
 74664 	  93163 	 0.13 	 0.20
 74664 	 119680 	 0.18 	 0.26
 74664 	  91563 	 0.18 	 0.24
 74664 	 100225 	 0.16 	 0.21
 74664 	  95573 	 0.15 	 0.22
 74664 	  97838 	 0.14 	 0.22
 74664 	 106302 	 0.17 	 0.22
 74664 	 128844 	 0.15 	 0.22
 74664 	 106205 	 0.10 	 0.22
 74664 	  99902 	 0.12 	 0.24
 74664 	 122022 	 0.15 	 0.20
 74664 	 129131 	 0.10 	 0.20
 74664 	 105455 	 0.17 	 0.21
 74664 	   9967 	 0.18 	 0.21
 74664 	 130983 	 0.15 	 0.23
 74664 	 131151 	 0.17 	 0.21
 74664 	 126721 	 0.17 	 0.25
 74664 	 101280 	 0.14 	 0.21
 74664 	 101160 	 0.15 	 0.21
 74664 	 127649 	 0.19 	 0.23
 74664 	  95603 	 0.19 	 0.21
 74664 	  63310 	 0.10 	 0.21
 74664 	  95442 	 0.10 	 0.21
 74664 	  31490 	 0.12 	 0.27
 74664 	 102078 	 0.19 	 0.23
 74664 	  94264 	 0.15 	 0.22
 74664 	 113290 	 0.19 	 0.23
 74664 	 122840 	 0.16 	 0.20
 74664 	  99477 	 0.15 	 0.24
 74664 	 127855 	 0.14 	 0.23
 74664 	 130218 	 0.16 	 0.26
 74664 	   4363 	 0.12 	 0.20
 74664 	 119111 	 0.19 	 0.23
 74664 	 119325 	 0.15 	 0.24
 74664 	  93950 	 0.17 	 0.23
 74664 	 101544 	 0.13 	 0.22
 74664 	 118363 	 0.12 	 0.24
 74664 	 100782 	 0.14 	 0.22
 74664 	 129960 	 0.12 	 0.24
 74664 	 126216 	 0.19 	 0.24
 74664 	 130986 	 0.13 	 0.21
 74664 	 129434 	 0.13 	 0.20
 74664 	 128492 	 0.13 	 0.20
 74664 	  91637 	 0.15 	 0.23
 74664 	 102383 	 0.10 	 0.23
 74664 	 122251 	 0.19 	 0.24
 74664 	 125161 	 0.15 	 0.26
 74664 	 105733 	 0.17 	 0.20
 74664 	  16479 	 0.16 	 0.27
 74664 	 119311 	 0.15 	 0.25
 74664 	 128762 	 0.17 	 0.20
 74664 	   2622 	 0.10 	 0.20
 74664 	 101463 	 0.16 	 0.23
 74664 	 108127 	 0.19 	 0.22
 74664 	 125990 	 0.14 	 0.22
 74664 	  98252 	 0.13 	 0.23
 74664 	  73957 	 0.18 	 0.22
 74664 	 118768 	 0.16 	 0.21
 74664 	 128974 	 0.18 	 0.24
 74664 	  99159 	 0.13 	 0.24
 74664 	  66221 	 0.17 	 0.27
 74664 	 122945 	 0.13 	 0.22
 74664 	  99455 	 0.14 	 0.23
 74664 	  96900 	 0.18 	 0.23
 74664 	 102481 	 0.17 	 0.23
 74664 	 119112 	 0.14 	 0.24
 74664 	 115606 	 0.17 	 0.24
 74664 	  52224 	 0.10 	 0.24
 74664 	 122600 	 0.15 	 0.21
 74664 	  94602 	 0.13 	 0.24
 74664 	  58632 	 0.14 	 0.24
 74664 	  62268 	 0.10 	 0.23
 74664 	  58416 	 0.16 	 0.25
 74664 	 101648 	 0.15 	 0.22
 74664 	 111297 	 0.19 	 0.23
 74664 	  51767 	 0.13 	 0.24
 74664 	 119717 	 0.15 	 0.21
 74664 	 119685 	 0.19 	 0.21
 74664 	 121308 	 0.19 	 0.24
 74664 	 126248 	 0.16 	 0.23
 74664 	  95350 	 0.18 	 0.25
 74664 	 101486 	 0.11 	 0.25
 74664 	  86335 	 0.10 	 0.20
 74664 	  61797 	 0.10 	 0.21
 74664 	  95513 	 0.15 	 0.24
 74664 	  94015 	 0.16 	 0.22
 74664 	 117213 	 0.17 	 0.22
 74664 	 123976 	 0.17 	 0.20
 74664 	  18023 	 0.19 	 0.21
 74664 	 129747 	 0.14 	 0.20
 74664 	 117950 	 0.14 	 0.21
 74664 	 122891 	 0.13 	 0.24
 74664 	 105523 	 0.16 	 0.21
 74664 	 103091 	 0.11 	 0.21
 74664 	  98991 	 0.19 	 0.26
 74664 	  93696 	 0.14 	 0.21
 74664 	  58883 	 0.13 	 0.22
 74664 	 123022 	 0.16 	 0.25
 74664 	 118234 	 0.15 	 0.22
 74664 	 123045 	 0.17 	 0.22
 74664 	 113681 	 0.15 	 0.20
 74664 	 100172 	 0.17 	 0.25
 74664 	 108160 	 0.18 	 0.26
 74664 	 128300 	 0.12 	 0.21
 74664 	 101850 	 0.19 	 0.21
100737 	  85402 	 0.14 	 0.23
108765 	  51213 	 0.19 	 0.20
108765 	  86335 	 0.16 	 0.20
119270 	  85890 	 0.12 	 0.22
119270 	  68681 	 0.18 	 0.22
119270 	 105523 	 0.16 	 0.21
126646 	  78533 	 0.13 	 0.21
126646 	  80370 	 0.17 	 0.26
126646 	   8980 	 0.17 	 0.26
126646 	 130780 	 0.18 	 0.28
126646 	  51213 	 0.18 	 0.24
126646 	  91926 	 0.17 	 0.26
126646 	 114535 	 0.16 	 0.21
126646 	  96113 	 0.17 	 0.27
126646 	 111407 	 0.17 	 0.27
126646 	  67362 	 0.16 	 0.21
126646 	  94785 	 0.18 	 0.23
126646 	  52894 	 0.15 	 0.23
126646 	  43129 	 0.18 	 0.21
126646 	   5103 	 0.18 	 0.22
126646 	  76449 	 0.13 	 0.21
126646 	 108127 	 0.18 	 0.23
126646 	 108273 	 0.17 	 0.23
126646 	  92527 	 0.18 	 0.23
126646 	 108174 	 0.15 	 0.21
126646 	  74286 	 0.13 	 0.21
126646 	 100142 	 0.18 	 0.23
126646 	 105156 	 0.19 	 0.22
126646 	   3715 	 0.18 	 0.23
126646 	   2267 	 0.18 	 0.21
126646 	  94005 	 0.16 	 0.21
126646 	  76438 	 0.13 	 0.20
126646 	 100744 	 0.18 	 0.20
126646 	  66563 	 0.16 	 0.22
126646 	  74664 	 0.13 	 0.21
108254 	  61753 	 0.17 	 0.29
126048 	  51213 	 0.19 	 0.22
126048 	  67362 	 0.18 	 0.20
126048 	 108273 	 0.17 	 0.22
126048 	  74286 	 0.15 	 0.20
126048 	  76438 	 0.15 	 0.20
126048 	  74664 	 0.15 	 0.20
 99548 	  62372 	 0.19 	 0.23
 99548 	  68681 	 0.13 	 0.23
 99548 	  15972 	 0.19 	 0.22
 99548 	  86335 	 0.18 	 0.21
 99548 	  61797 	 0.18 	 0.22
 99548 	  79171 	 0.19 	 0.22
 99548 	 105523 	 0.17 	 0.20
  7854 	 126646 	 0.18 	 0.20
126574 	  78533 	 0.12 	 0.20
126574 	  76449 	 0.12 	 0.21
126574 	 108273 	 0.19 	 0.23
126574 	  74286 	 0.12 	 0.21
126574 	  76438 	 0.12 	 0.21
126574 	  74664 	 0.12 	 0.21
127707 	  59539 	 0.17 	 0.26
127707 	  78533 	 0.19 	 0.21
127707 	  51213 	 0.14 	 0.23
127707 	  29716 	 0.18 	 0.20
127707 	 131017 	 0.19 	 0.29
127707 	  67362 	 0.18 	 0.20
127707 	   2332 	 0.19 	 0.22
127707 	  76449 	 0.19 	 0.24
127707 	  74286 	 0.19 	 0.24
127707 	   3715 	 0.19 	 0.24
127707 	 109399 	 0.17 	 0.20
127707 	  76438 	 0.19 	 0.24
127707 	 105523 	 0.14 	 0.23
127707 	  74664 	 0.19 	 0.24
 94837 	 119884 	 0.19 	 0.22
126274 	  59539 	 0.15 	 0.26
126274 	   2986 	 0.19 	 0.20
126274 	  96113 	 0.14 	 0.28
126274 	  67362 	 0.19 	 0.25
126274 	 126216 	 0.17 	 0.23
126274 	   5103 	 0.16 	 0.21
126274 	 108273 	 0.12 	 0.23
126274 	 122171 	 0.19 	 0.23
124069 	 108273 	 0.17 	 0.22
 41611 	 100617 	 0.11 	 0.23
 41611 	 113401 	 0.19 	 0.23
 41611 	  94908 	 0.18 	 0.22
 41611 	 127102 	 0.15 	 0.23
 41611 	 118052 	 0.19 	 0.23
 41611 	  96511 	 0.16 	 0.24
 41611 	 130387 	 0.17 	 0.20
 41611 	 102380 	 0.18 	 0.22
 41611 	 117891 	 0.12 	 0.22
 41611 	 117976 	 0.17 	 0.24
 41611 	 119680 	 0.18 	 0.24
 41611 	  91563 	 0.18 	 0.24
 41611 	 100225 	 0.16 	 0.21
 41611 	  95573 	 0.15 	 0.22
 41611 	  97838 	 0.14 	 0.21
 41611 	 106302 	 0.17 	 0.23
 41611 	 128844 	 0.15 	 0.22
 41611 	 106205 	 0.10 	 0.23
 41611 	  99902 	 0.12 	 0.23
 41611 	 130983 	 0.15 	 0.22
 41611 	 126721 	 0.17 	 0.24
 41611 	 101280 	 0.14 	 0.21
 41611 	 127649 	 0.19 	 0.22
 41611 	  95603 	 0.19 	 0.22
 41611 	  31490 	 0.12 	 0.27
 41611 	 102078 	 0.19 	 0.23
 41611 	  94264 	 0.15 	 0.20
 41611 	 113290 	 0.19 	 0.23
 41611 	  99477 	 0.15 	 0.23
 41611 	 127855 	 0.14 	 0.22
 41611 	 130218 	 0.16 	 0.26
 41611 	 119111 	 0.19 	 0.22
 41611 	 119325 	 0.15 	 0.24
 41611 	  93950 	 0.17 	 0.22
 41611 	 101544 	 0.13 	 0.21
 41611 	 118363 	 0.12 	 0.22
 41611 	 100782 	 0.14 	 0.20
 41611 	 129960 	 0.12 	 0.23
 41611 	 126216 	 0.19 	 0.24
 41611 	 130986 	 0.13 	 0.21
 41611 	 128492 	 0.13 	 0.21
 41611 	  91637 	 0.15 	 0.21
 41611 	 102383 	 0.10 	 0.22
 41611 	 122251 	 0.19 	 0.23
 41611 	 125161 	 0.15 	 0.23
 41611 	  16479 	 0.16 	 0.27
 41611 	 119311 	 0.15 	 0.24
 41611 	 128762 	 0.17 	 0.20
 41611 	  97207 	 0.19 	 0.20
 41611 	 101463 	 0.16 	 0.22
 41611 	 108127 	 0.19 	 0.22
 41611 	 125990 	 0.14 	 0.22
 41611 	  98252 	 0.13 	 0.22
 41611 	  73957 	 0.18 	 0.20
 41611 	 118768 	 0.16 	 0.21
 41611 	 128974 	 0.18 	 0.25
 41611 	  99159 	 0.13 	 0.22
 41611 	  66221 	 0.17 	 0.24
 41611 	 122945 	 0.13 	 0.21
 41611 	  99455 	 0.14 	 0.22
 41611 	  96900 	 0.18 	 0.23
 41611 	 102481 	 0.17 	 0.22
 41611 	 119112 	 0.14 	 0.23
 41611 	 115606 	 0.17 	 0.24
 41611 	 120998 	 0.18 	 0.21
 41611 	  52224 	 0.10 	 0.20
 41611 	 103677 	 0.18 	 0.20
 41611 	 122600 	 0.15 	 0.20
 41611 	  94602 	 0.13 	 0.25
 41611 	  58632 	 0.14 	 0.22
 41611 	  62268 	 0.10 	 0.22
 41611 	  58416 	 0.16 	 0.22
 41611 	 101648 	 0.15 	 0.21
 41611 	 111297 	 0.19 	 0.22
 41611 	  51767 	 0.13 	 0.24
 41611 	 119717 	 0.15 	 0.21
 41611 	 119685 	 0.19 	 0.22
 41611 	 121308 	 0.19 	 0.21
 41611 	 126248 	 0.16 	 0.24
 41611 	 101486 	 0.11 	 0.23
 41611 	 101809 	 0.16 	 0.20
 41611 	  86335 	 0.10 	 0.20
 41611 	  95513 	 0.15 	 0.25
 41611 	  94015 	 0.16 	 0.22
 41611 	 117213 	 0.17 	 0.21
 41611 	 123976 	 0.17 	 0.21
 41611 	 129747 	 0.14 	 0.21
 41611 	 122891 	 0.13 	 0.22
 41611 	 105523 	 0.16 	 0.22
 41611 	  98991 	 0.19 	 0.23
 41611 	  93696 	 0.14 	 0.21
 41611 	 110974 	 0.17 	 0.20
 41611 	 123022 	 0.16 	 0.23
 41611 	 118234 	 0.15 	 0.20
 41611 	 115883 	 0.13 	 0.21
 41611 	 123045 	 0.17 	 0.20
 41611 	 113681 	 0.15 	 0.20
 41611 	 100172 	 0.17 	 0.24
 41611 	 108160 	 0.18 	 0.26
 41611 	 128300 	 0.12 	 0.21
 41611 	 101850 	 0.19 	 0.20
 41611 	 106244 	 0.15 	 0.20
 41611 	 100737 	 0.16 	 0.20
 41611 	 126646 	 0.13 	 0.20
 41611 	 126048 	 0.15 	 0.21
 41611 	 127707 	 0.19 	 0.24
127382 	  85402 	 0.10 	 0.21
127382 	  85890 	 0.12 	 0.21
127382 	  68681 	 0.15 	 0.22
 60615 	 100225 	 0.11 	 0.21
 60615 	  76155 	 0.16 	 0.22
 60615 	 109693 	 0.11 	 0.23
 60615 	 125052 	 0.11 	 0.21
 60615 	 126200 	 0.12 	 0.24
 60615 	  29716 	 0.16 	 0.23
 60615 	 110268 	 0.14 	 0.26
 60615 	  90147 	 0.12 	 0.25
 60615 	 113290 	 0.14 	 0.26
 60615 	 122840 	 0.16 	 0.23
 60615 	 100909 	 0.12 	 0.21
 60615 	 108185 	 0.11 	 0.20
 60615 	 117951 	 0.10 	 0.21
 60615 	 101892 	 0.10 	 0.26
 60615 	 115173 	 0.12 	 0.21
 60615 	 104295 	 0.11 	 0.20
 60615 	 116522 	 0.10 	 0.20
 60615 	  73957 	 0.15 	 0.21
 60615 	 119112 	 0.12 	 0.23
 60615 	 101749 	 0.11 	 0.21
 60615 	  90137 	 0.12 	 0.25
 60615 	  94602 	 0.12 	 0.23
 60615 	 115220 	 0.12 	 0.20
 60615 	 124177 	 0.10 	 0.20
 60615 	  95350 	 0.10 	 0.22
 60615 	  58883 	 0.17 	 0.22
103084 	  51213 	 0.19 	 0.20
130419 	   2332 	 0.19 	 0.24
130419 	  76449 	 0.19 	 0.27
130419 	  74286 	 0.19 	 0.26
130419 	  76438 	 0.19 	 0.25
130419 	 105523 	 0.17 	 0.21
130419 	  74664 	 0.19 	 0.26
130419 	  41611 	 0.19 	 0.26
 68575 	 105523 	 0.16 	 0.20
117924 	  78533 	 0.14 	 0.22
117924 	  75641 	 0.18 	 0.22
117924 	  76449 	 0.14 	 0.24
117924 	  74286 	 0.14 	 0.23
117924 	  76438 	 0.14 	 0.23
117924 	  61753 	 0.17 	 0.30
117924 	  74664 	 0.14 	 0.23
117924 	  41611 	 0.14 	 0.21
117924 	  60615 	 0.17 	 0.24
 62617 	 100617 	 0.11 	 0.24
 62617 	 113401 	 0.19 	 0.23
 62617 	  94908 	 0.18 	 0.22
 62617 	  94927 	 0.13 	 0.21
 62617 	 127102 	 0.15 	 0.23
 62617 	 118052 	 0.19 	 0.23
 62617 	  96511 	 0.16 	 0.24
 62617 	 130387 	 0.17 	 0.21
 62617 	 102380 	 0.18 	 0.24
 62617 	 117891 	 0.12 	 0.22
 62617 	 117976 	 0.17 	 0.25
 62617 	  93163 	 0.13 	 0.20
 62617 	 119680 	 0.18 	 0.24
 62617 	  91563 	 0.18 	 0.23
 62617 	 100225 	 0.16 	 0.20
 62617 	  95573 	 0.15 	 0.22
 62617 	  97838 	 0.14 	 0.22
 62617 	 106302 	 0.17 	 0.22
 62617 	 128844 	 0.15 	 0.22
 62617 	 106205 	 0.10 	 0.22
 62617 	  99902 	 0.12 	 0.23
 62617 	 130983 	 0.15 	 0.23
 62617 	 126721 	 0.17 	 0.24
 62617 	 101280 	 0.14 	 0.21
 62617 	 101160 	 0.15 	 0.21
 62617 	 127649 	 0.19 	 0.22
 62617 	  95603 	 0.19 	 0.21
 62617 	  95442 	 0.10 	 0.21
 62617 	  31490 	 0.12 	 0.28
 62617 	 102078 	 0.19 	 0.23
 62617 	  94264 	 0.15 	 0.21
 62617 	 113290 	 0.19 	 0.22
 62617 	 122840 	 0.16 	 0.20
 62617 	  99477 	 0.15 	 0.24
 62617 	 127855 	 0.14 	 0.23
 62617 	 130218 	 0.16 	 0.27
 62617 	 119111 	 0.19 	 0.23
 62617 	 119325 	 0.15 	 0.23
 62617 	  93950 	 0.17 	 0.23
 62617 	 101544 	 0.13 	 0.22
 62617 	 118363 	 0.12 	 0.21
 62617 	 100782 	 0.14 	 0.22
 62617 	 129960 	 0.12 	 0.23
 62617 	 126216 	 0.19 	 0.24
 62617 	 130986 	 0.13 	 0.20
 62617 	 129434 	 0.13 	 0.20
 62617 	 128492 	 0.13 	 0.20
 62617 	  91637 	 0.15 	 0.22
 62617 	 102383 	 0.10 	 0.23
 62617 	 122251 	 0.19 	 0.22
 62617 	 125161 	 0.15 	 0.23
 62617 	  16479 	 0.16 	 0.28
 62617 	 119311 	 0.15 	 0.24
 62617 	 128762 	 0.17 	 0.20
 62617 	 101463 	 0.16 	 0.23
 62617 	 108127 	 0.19 	 0.22
 62617 	 125990 	 0.14 	 0.22
 62617 	  98252 	 0.13 	 0.23
 62617 	  73957 	 0.18 	 0.20
 62617 	 118768 	 0.16 	 0.21
 62617 	 128974 	 0.18 	 0.24
 62617 	  99159 	 0.13 	 0.23
 62617 	  66221 	 0.17 	 0.25
 62617 	 122945 	 0.13 	 0.23
 62617 	  99455 	 0.14 	 0.23
 62617 	  96900 	 0.18 	 0.22
 62617 	 102481 	 0.17 	 0.23
 62617 	 119112 	 0.14 	 0.22
 62617 	 115606 	 0.17 	 0.24
 62617 	  52224 	 0.10 	 0.21
 62617 	 122600 	 0.15 	 0.20
 62617 	  94602 	 0.13 	 0.25
 62617 	  58632 	 0.14 	 0.23
 62617 	  62268 	 0.10 	 0.22
 62617 	  58416 	 0.16 	 0.23
 62617 	 101648 	 0.15 	 0.22
 62617 	 111297 	 0.19 	 0.22
 62617 	  51767 	 0.13 	 0.23
 62617 	 119717 	 0.15 	 0.21
 62617 	 119685 	 0.19 	 0.21
 62617 	 121308 	 0.19 	 0.22
 62617 	 126248 	 0.16 	 0.23
 62617 	  95350 	 0.18 	 0.21
 62617 	 101486 	 0.11 	 0.24
 62617 	 101809 	 0.16 	 0.20
 62617 	  86335 	 0.10 	 0.21
 62617 	  95513 	 0.15 	 0.24
 62617 	  94015 	 0.16 	 0.22
 62617 	 117213 	 0.17 	 0.21
 62617 	 123976 	 0.17 	 0.20
 62617 	 129747 	 0.14 	 0.20
 62617 	 117950 	 0.14 	 0.21
 62617 	 122891 	 0.13 	 0.24
 62617 	 105523 	 0.16 	 0.22
 62617 	 103091 	 0.11 	 0.21
 62617 	  98991 	 0.19 	 0.24
 62617 	  93696 	 0.14 	 0.21
 62617 	 123022 	 0.16 	 0.25
 62617 	 118234 	 0.15 	 0.22
 62617 	 123045 	 0.17 	 0.22
 62617 	 100172 	 0.17 	 0.25
 62617 	 108160 	 0.18 	 0.26
 62617 	 128300 	 0.12 	 0.21
 62617 	 101850 	 0.19 	 0.21
 62617 	 100737 	 0.16 	 0.20
 62617 	 126646 	 0.13 	 0.21
 62617 	 126048 	 0.15 	 0.20
 62617 	 127707 	 0.19 	 0.23
 62617 	 130419 	 0.19 	 0.25
 62617 	 117924 	 0.14 	 0.21
128707 	  78533 	 0.17 	 0.20
128707 	  62372 	 0.15 	 0.22
128707 	  18307 	 0.15 	 0.20
128707 	  44074 	 0.17 	 0.21
128707 	  85890 	 0.10 	 0.20
128707 	  79171 	 0.17 	 0.20
126992 	  61753 	 0.11 	 0.21
126992 	  60615 	 0.11 	 0.26
 96495 	  62372 	 0.18 	 0.22
 96495 	  51213 	 0.17 	 0.21
 96495 	  85890 	 0.10 	 0.21
 96495 	  68681 	 0.15 	 0.23
 96495 	  86335 	 0.19 	 0.20
 96495 	  61797 	 0.19 	 0.20
 51984 	  78533 	 0.11 	 0.25
 51984 	  44074 	 0.18 	 0.28
 51984 	 105733 	 0.19 	 0.20
 51984 	  76449 	 0.11 	 0.27
 51984 	  74286 	 0.11 	 0.27
 51984 	  76438 	 0.11 	 0.26
 51984 	 105523 	 0.12 	 0.23
 51984 	  74664 	 0.11 	 0.27
 51984 	  41611 	 0.11 	 0.24
 51984 	  62617 	 0.11 	 0.24
101248 	  78533 	 0.16 	 0.22
101248 	  76449 	 0.16 	 0.24
101248 	  74286 	 0.16 	 0.23
101248 	  76438 	 0.16 	 0.22
101248 	 105523 	 0.16 	 0.23
101248 	  74664 	 0.16 	 0.23
101248 	  41611 	 0.16 	 0.22
101248 	  62617 	 0.16 	 0.21
 95929 	  85402 	 0.16 	 0.21
 95929 	  85890 	 0.18 	 0.21
 95929 	   2332 	 0.19 	 0.20
 95929 	   3715 	 0.19 	 0.21
 95929 	 105523 	 0.19 	 0.23
 97187 	  78533 	 0.16 	 0.21
 97187 	  44074 	 0.18 	 0.20
 97187 	  76449 	 0.16 	 0.24
 97187 	  74286 	 0.16 	 0.24
 97187 	  76438 	 0.16 	 0.24
 97187 	 105523 	 0.16 	 0.22
 97187 	  74664 	 0.16 	 0.24
 97187 	  41611 	 0.16 	 0.23
 97187 	  62617 	 0.16 	 0.24
 76123 	 117976 	 0.16 	 0.22
 66016 	 103296 	 0.19 	 0.24
102704 	  59539 	 0.19 	 0.25
102704 	  51213 	 0.17 	 0.24
102704 	  44074 	 0.17 	 0.21
102704 	  67362 	 0.16 	 0.20
102704 	 103296 	 0.17 	 0.20
102704 	   5103 	 0.19 	 0.22
102704 	  76449 	 0.10 	 0.23
102704 	 108273 	 0.16 	 0.26
102704 	  74286 	 0.10 	 0.24
102704 	  76438 	 0.10 	 0.23
102704 	 105523 	 0.13 	 0.22
102704 	  74664 	 0.10 	 0.23
102704 	  41611 	 0.10 	 0.22
102704 	  62617 	 0.10 	 0.22
111569 	  80076 	 0.15 	 0.23
111569 	  15511 	 0.17 	 0.24
111569 	  66388 	 0.12 	 0.23
111569 	  85890 	 0.10 	 0.21
111569 	  68681 	 0.19 	 0.20
111569 	  66016 	 0.18 	 0.21
101342 	  78533 	 0.13 	 0.21
101342 	  44074 	 0.13 	 0.21
101342 	  76449 	 0.15 	 0.23
101342 	  74286 	 0.15 	 0.23
101342 	  76438 	 0.15 	 0.22
101342 	 105523 	 0.15 	 0.21
101342 	  74664 	 0.15 	 0.23
101342 	  41611 	 0.15 	 0.22
101342 	  62617 	 0.15 	 0.22
 68241 	  67362 	 0.17 	 0.23
 68241 	  76449 	 0.16 	 0.20
 68241 	  74286 	 0.16 	 0.20
 68241 	  76438 	 0.16 	 0.21
 68241 	  74664 	 0.16 	 0.20
124365 	  51213 	 0.19 	 0.23
124365 	  76449 	 0.11 	 0.22
124365 	 108273 	 0.19 	 0.23
124365 	  74286 	 0.11 	 0.22
124365 	  76438 	 0.11 	 0.24
124365 	 105523 	 0.13 	 0.22
124365 	  74664 	 0.11 	 0.23
124365 	  41611 	 0.11 	 0.23
124365 	  62617 	 0.11 	 0.23
113690 	  59539 	 0.19 	 0.28
113690 	  67362 	 0.18 	 0.24
113690 	 108273 	 0.17 	 0.24
 94367 	  78533 	 0.17 	 0.24
 94367 	  44074 	 0.19 	 0.21
 94367 	  76449 	 0.17 	 0.24
 94367 	  74286 	 0.17 	 0.23
 94367 	  76438 	 0.17 	 0.23
 94367 	 105523 	 0.17 	 0.28
 94367 	  74664 	 0.17 	 0.23
 94367 	  41611 	 0.17 	 0.21
 94367 	  62617 	 0.17 	 0.21
108883 	  85890 	 0.15 	 0.21
108883 	  60615 	 0.11 	 0.20
128822 	  68681 	 0.19 	 0.23
128822 	  86335 	 0.14 	 0.22
128822 	  61797 	 0.14 	 0.21
128975 	  78533 	 0.17 	 0.21
128975 	  76449 	 0.17 	 0.24
128975 	  74286 	 0.17 	 0.24
128975 	  76438 	 0.17 	 0.22
128975 	 105523 	 0.17 	 0.22
128975 	  74664 	 0.17 	 0.24
128975 	  41611 	 0.17 	 0.23
128975 	  62617 	 0.17 	 0.23
123702 	  78533 	 0.10 	 0.20
123702 	  51213 	 0.13 	 0.23
123702 	 108273 	 0.16 	 0.24
123702 	 105523 	 0.12 	 0.20
102759 	  51213 	 0.19 	 0.21
102759 	  85402 	 0.12 	 0.22
102759 	  76449 	 0.11 	 0.20
102759 	  74286 	 0.11 	 0.20
102759 	  76438 	 0.11 	 0.20
126225 	  85890 	 0.11 	 0.20
113068 	  76449 	 0.17 	 0.21
113068 	  74286 	 0.17 	 0.21
113068 	  76438 	 0.17 	 0.21
113068 	  74664 	 0.17 	 0.21
113068 	  41611 	 0.17 	 0.20
113068 	  62617 	 0.17 	 0.21
 95748 	  78533 	 0.16 	 0.20
 95748 	  85890 	 0.14 	 0.21
 95748 	  41611 	 0.14 	 0.21
 95748 	  62617 	 0.14 	 0.20
 76053 	  93163 	 0.17 	 0.23
 76053 	  39079 	 0.16 	 0.21
 76053 	  91563 	 0.17 	 0.26
 76053 	  95573 	 0.18 	 0.22
 76053 	 114379 	 0.15 	 0.23
 76053 	  96113 	 0.19 	 0.21
 76053 	 131017 	 0.17 	 0.20
 76053 	 101544 	 0.19 	 0.21
 76053 	 126216 	 0.18 	 0.22
 76053 	 130986 	 0.17 	 0.22
 76053 	 103296 	 0.14 	 0.24
 76053 	   5133 	 0.19 	 0.20
 76053 	 108273 	 0.18 	 0.27
 76053 	 121308 	 0.16 	 0.21
 76053 	   3715 	 0.14 	 0.22
 76053 	 123976 	 0.18 	 0.22
 76053 	 105523 	 0.11 	 0.25
 76053 	 129421 	 0.17 	 0.21
 76053 	 128707 	 0.17 	 0.22
 76053 	  96495 	 0.19 	 0.21
 76053 	 126225 	 0.19 	 0.21
117793 	  78533 	 0.12 	 0.22
117793 	  51213 	 0.17 	 0.22
117793 	  85890 	 0.18 	 0.24
117793 	 108273 	 0.19 	 0.24
117490 	  78533 	 0.16 	 0.22
117490 	  15511 	 0.18 	 0.24
117490 	  75641 	 0.17 	 0.25
117490 	  67362 	 0.17 	 0.21
117490 	  76449 	 0.18 	 0.22
117490 	  95336 	 0.13 	 0.27
117490 	  74286 	 0.18 	 0.22
117490 	  76438 	 0.18 	 0.21
117490 	 105523 	 0.18 	 0.24
117490 	  74664 	 0.18 	 0.22
117490 	  41611 	 0.18 	 0.21
117490 	  60615 	 0.17 	 0.30
117490 	  62617 	 0.18 	 0.23
117344 	  78533 	 0.16 	 0.21
117344 	  67362 	 0.19 	 0.21
117344 	  76449 	 0.16 	 0.22
117344 	  74286 	 0.16 	 0.23
117344 	  76438 	 0.16 	 0.22
117344 	 105523 	 0.16 	 0.24
117344 	  74664 	 0.16 	 0.23
117344 	  41611 	 0.16 	 0.21
117344 	  62617 	 0.16 	 0.23
 97464 	  78533 	 0.14 	 0.21
 97464 	  51213 	 0.16 	 0.21
 97464 	  85402 	 0.18 	 0.26
 97464 	  96113 	 0.17 	 0.24
 97464 	  76449 	 0.14 	 0.22
 97464 	  74286 	 0.14 	 0.22
 97464 	  76438 	 0.14 	 0.21
 97464 	 105523 	 0.10 	 0.24
 97464 	  74664 	 0.14 	 0.22
 97464 	  41611 	 0.14 	 0.21
 97464 	  62617 	 0.14 	 0.22
 69636 	  90147 	 0.15 	 0.20
 69636 	  90137 	 0.15 	 0.20
113639 	  85402 	 0.11 	 0.20
113639 	  85890 	 0.11 	 0.20
 52076 	  78533 	 0.12 	 0.20
 52076 	 110268 	 0.19 	 0.24
 52076 	  94332 	 0.16 	 0.24
 52076 	 117951 	 0.18 	 0.22
 52076 	  76449 	 0.12 	 0.21
 52076 	  58416 	 0.15 	 0.23
 52076 	  74286 	 0.12 	 0.21
 52076 	   3715 	 0.11 	 0.20
 52076 	  95350 	 0.19 	 0.29
 52076 	  74664 	 0.12 	 0.21
 34899 	 101365 	 0.12 	 0.20
 34899 	 100142 	 0.12 	 0.23
 34899 	 100744 	 0.10 	 0.21
 34899 	 119890 	 0.17 	 0.21
 34899 	  76123 	 0.11 	 0.22
 34899 	 128822 	 0.15 	 0.21
 73555 	  96511 	 0.18 	 0.21
 73555 	  93163 	 0.16 	 0.21
 73555 	  91563 	 0.19 	 0.22
 73555 	  97838 	 0.14 	 0.21
 73555 	 106302 	 0.17 	 0.21
 73555 	  93171 	 0.13 	 0.24
 73555 	 114379 	 0.17 	 0.21
 73555 	 126721 	 0.17 	 0.23
 73555 	  31490 	 0.13 	 0.23
 73555 	  94264 	 0.15 	 0.21
 73555 	 130218 	 0.18 	 0.22
 73555 	 119325 	 0.15 	 0.23
 73555 	  93950 	 0.17 	 0.27
 73555 	 100782 	 0.16 	 0.20
 73555 	 129960 	 0.17 	 0.22
 73555 	 130986 	 0.19 	 0.21
 73555 	  91637 	 0.17 	 0.24
 73555 	 102383 	 0.15 	 0.21
 73555 	  68681 	 0.17 	 0.23
 73555 	   2911 	 0.10 	 0.29
 73555 	 119311 	 0.15 	 0.23
 73555 	 128762 	 0.19 	 0.20
 73555 	   2622 	 0.12 	 0.23
 73555 	 101463 	 0.18 	 0.24
 73555 	  66221 	 0.19 	 0.24
 73555 	 122945 	 0.16 	 0.21
 73555 	 115606 	 0.17 	 0.25
 73555 	  75566 	 0.13 	 0.21
 73555 	  58632 	 0.16 	 0.27
 73555 	  62268 	 0.17 	 0.23
 73555 	 101648 	 0.16 	 0.21
 73555 	  51767 	 0.14 	 0.22
 73555 	 119685 	 0.19 	 0.20
 73555 	 121308 	 0.17 	 0.21
 73555 	 128471 	 0.17 	 0.22
 73555 	 126248 	 0.16 	 0.21
 73555 	 122891 	 0.16 	 0.22
 73555 	 105523 	 0.18 	 0.23
 73555 	  93696 	 0.17 	 0.22
 73555 	 123022 	 0.17 	 0.23
 73555 	 127707 	 0.14 	 0.22
 73555 	  51984 	 0.18 	 0.26
 73555 	 101248 	 0.18 	 0.20
 73555 	  97187 	 0.18 	 0.23
 73555 	 128975 	 0.19 	 0.21
 73555 	  97464 	 0.16 	 0.22
 94032 	  76449 	 0.17 	 0.21
 94032 	  74286 	 0.17 	 0.21
 94032 	  76438 	 0.17 	 0.21
 94032 	  74664 	 0.17 	 0.21
 98993 	  78533 	 0.13 	 0.24
 98993 	  75641 	 0.12 	 0.24
 98993 	  44074 	 0.17 	 0.21
 98993 	  76449 	 0.13 	 0.23
 98993 	  95336 	 0.10 	 0.27
 98993 	  74286 	 0.13 	 0.24
 98993 	  76438 	 0.13 	 0.23
 98993 	 105523 	 0.13 	 0.21
 98993 	  74664 	 0.13 	 0.24
 98993 	  41611 	 0.13 	 0.22
 98993 	  62617 	 0.13 	 0.23
129520 	  78533 	 0.18 	 0.22
129520 	  76449 	 0.18 	 0.22
129520 	  65192 	 0.12 	 0.20
129520 	 108273 	 0.19 	 0.25
129520 	  74286 	 0.18 	 0.22
129520 	  76438 	 0.18 	 0.22
129520 	 105523 	 0.13 	 0.22
129520 	  74664 	 0.18 	 0.22
129520 	  41611 	 0.18 	 0.22
129520 	  62617 	 0.18 	 0.22
 91849 	  76449 	 0.19 	 0.25
 91849 	  74286 	 0.19 	 0.25
 91849 	  76438 	 0.19 	 0.25
 91849 	  74664 	 0.19 	 0.25
 91849 	  41611 	 0.19 	 0.23
 91849 	  62617 	 0.19 	 0.23
117925 	  78533 	 0.19 	 0.22
117925 	   2332 	 0.16 	 0.20
117925 	  76449 	 0.19 	 0.23
117925 	  95336 	 0.14 	 0.22
117925 	  74286 	 0.19 	 0.23
117925 	  76438 	 0.19 	 0.22
117925 	 105523 	 0.16 	 0.21
117925 	  74664 	 0.19 	 0.23
117925 	  41611 	 0.19 	 0.22
117925 	  62617 	 0.19 	 0.23
107802 	 100617 	 0.16 	 0.22
107802 	  94927 	 0.18 	 0.23
107802 	 119680 	 0.18 	 0.21
107802 	 130665 	 0.19 	 0.22
107802 	  80076 	 0.14 	 0.22
107802 	  62372 	 0.11 	 0.21
107802 	  15511 	 0.16 	 0.23
107802 	  66388 	 0.12 	 0.25
107802 	  18307 	 0.11 	 0.21
107802 	  51213 	 0.15 	 0.20
107802 	  29716 	 0.17 	 0.22
107802 	 103813 	 0.18 	 0.22
107802 	  31490 	 0.17 	 0.24
107802 	 129434 	 0.19 	 0.23
107802 	 125161 	 0.16 	 0.26
107802 	   2911 	 0.18 	 0.22
107802 	  98252 	 0.18 	 0.23
107802 	  66221 	 0.14 	 0.26
107802 	 101673 	 0.10 	 0.21
107802 	  51767 	 0.18 	 0.25
107802 	  96223 	 0.18 	 0.20
107802 	 122891 	 0.19 	 0.24
107802 	 123045 	 0.18 	 0.22
107802 	 126646 	 0.14 	 0.23
107802 	 126274 	 0.17 	 0.23
107802 	 102704 	 0.19 	 0.23
103602 	 117891 	 0.19 	 0.20
103602 	 117976 	 0.14 	 0.26
103602 	  80076 	 0.16 	 0.23
103602 	  15511 	 0.16 	 0.21
103602 	  66388 	 0.12 	 0.22
103602 	 101510 	 0.14 	 0.20
103602 	 119617 	 0.18 	 0.23
103602 	 115883 	 0.19 	 0.23
103602 	  52250 	 0.16 	 0.25
103602 	  94837 	 0.18 	 0.21
103602 	  66016 	 0.19 	 0.23
103602 	 124365 	 0.17 	 0.22
 93364 	   2986 	 0.19 	 0.20
 93364 	  44074 	 0.18 	 0.21
119808 	  94837 	 0.19 	 0.24
101626 	  85890 	 0.16 	 0.20
129161 	  76449 	 0.17 	 0.21
129161 	  74286 	 0.17 	 0.21
129161 	  74664 	 0.17 	 0.21
129161 	  62617 	 0.17 	 0.20
 61674 	  90154 	 0.12 	 0.22
 61674 	  85402 	 0.19 	 0.20
 61674 	  77153 	 0.15 	 0.22
 61674 	  76449 	 0.13 	 0.21
 61674 	  95336 	 0.17 	 0.21
 61674 	  74286 	 0.13 	 0.21
 61674 	  77148 	 0.16 	 0.22
 61674 	  76438 	 0.13 	 0.22
 61674 	 105523 	 0.13 	 0.22
 61674 	  61753 	 0.15 	 0.27
 61674 	  74664 	 0.13 	 0.21
 61674 	  60615 	 0.18 	 0.23
 61674 	  62617 	 0.13 	 0.21
 61674 	  90406 	 0.10 	 0.21
 61674 	  73555 	 0.16 	 0.21
125231 	   2986 	 0.19 	 0.22
125231 	  67362 	 0.16 	 0.22
125231 	 108273 	 0.14 	 0.25
125231 	  41611 	 0.12 	 0.20
125231 	 103602 	 0.18 	 0.22
 92153 	   2332 	 0.16 	 0.23
 92153 	  76449 	 0.16 	 0.22
 92153 	  74286 	 0.16 	 0.22
 92153 	  76438 	 0.16 	 0.22
 92153 	  74664 	 0.16 	 0.23
 92153 	  41611 	 0.16 	 0.22
 92153 	  62617 	 0.16 	 0.22
 92153 	  73555 	 0.17 	 0.20
 95496 	  59539 	 0.16 	 0.22
 95496 	  78533 	 0.19 	 0.21
 95496 	  96113 	 0.16 	 0.26
 95496 	 131017 	 0.16 	 0.22
 95496 	 103296 	 0.19 	 0.22
 95496 	  97207 	 0.18 	 0.21
 95496 	  76449 	 0.19 	 0.23
 95496 	 120998 	 0.15 	 0.22
 95496 	  74286 	 0.19 	 0.23
 95496 	 121308 	 0.17 	 0.23
 95496 	  76438 	 0.19 	 0.23
 95496 	 105523 	 0.14 	 0.22
 95496 	 100744 	 0.13 	 0.22
 95496 	  74664 	 0.19 	 0.23
 95496 	  41611 	 0.19 	 0.24
 95496 	  62617 	 0.19 	 0.24
 66612 	  75641 	 0.13 	 0.27
 66612 	  66221 	 0.17 	 0.22
 66612 	  62649 	 0.10 	 0.22
 66612 	  77148 	 0.17 	 0.21
 66612 	  61753 	 0.11 	 0.24
 97373 	  62649 	 0.15 	 0.22
124281 	  85402 	 0.13 	 0.22
124281 	  85890 	 0.14 	 0.22
124281 	  61753 	 0.10 	 0.20
 96106 	  78533 	 0.16 	 0.20
 96106 	  41611 	 0.13 	 0.21
 96106 	  62617 	 0.13 	 0.20
 64212 	  91848 	 0.19 	 0.21
 42495 	 119680 	 0.16 	 0.22
 42495 	  91563 	 0.18 	 0.21
 42495 	  62372 	 0.14 	 0.21
 42495 	  75030 	 0.13 	 0.20
 42495 	  15511 	 0.16 	 0.23
 42495 	 109693 	 0.18 	 0.22
 42495 	  18307 	 0.16 	 0.21
 42495 	 126721 	 0.15 	 0.22
 42495 	  29716 	 0.18 	 0.22
 42495 	  94264 	 0.13 	 0.23
 42495 	 113290 	 0.16 	 0.21
 42495 	 130218 	 0.18 	 0.21
 42495 	 119325 	 0.16 	 0.24
 42495 	  93950 	 0.17 	 0.22
 42495 	 119311 	 0.16 	 0.24
 42495 	   2622 	 0.13 	 0.21
 42495 	 101463 	 0.16 	 0.21
 42495 	  73957 	 0.18 	 0.20
 42495 	 128974 	 0.14 	 0.22
 42495 	  66221 	 0.17 	 0.23
 42495 	 119112 	 0.14 	 0.21
 42495 	   2524 	 0.19 	 0.23
 42495 	 115606 	 0.16 	 0.20
 42495 	  15972 	 0.16 	 0.20
 42495 	  75566 	 0.14 	 0.20
 42495 	  58632 	 0.16 	 0.23
 42495 	  83275 	 0.19 	 0.22
 42495 	  62268 	 0.15 	 0.22
 42495 	  58416 	 0.17 	 0.25
 42495 	 111297 	 0.19 	 0.20
 42495 	 116898 	 0.12 	 0.21
 42495 	  51767 	 0.13 	 0.22
 42495 	 118432 	 0.16 	 0.21
 42495 	  95513 	 0.13 	 0.21
 42495 	  79171 	 0.16 	 0.20
 42495 	  93696 	 0.14 	 0.20
 42495 	 123022 	 0.16 	 0.21
 42495 	 108160 	 0.16 	 0.21
 42495 	 119270 	 0.18 	 0.24
 42495 	 130419 	 0.17 	 0.23
 42495 	  51984 	 0.16 	 0.22
 42495 	  95929 	 0.19 	 0.21
 42495 	  97187 	 0.16 	 0.21
 42495 	 101342 	 0.15 	 0.21
 42495 	  93364 	 0.14 	 0.22
 42495 	  61674 	 0.15 	 0.20
105591 	   2986 	 0.18 	 0.25
128079 	  94927 	 0.19 	 0.20
128079 	 129644 	 0.19 	 0.21
128079 	 129434 	 0.18 	 0.21
128079 	  98252 	 0.17 	 0.21
128079 	 119617 	 0.19 	 0.29
128079 	 127707 	 0.18 	 0.22
122396 	  78533 	 0.19 	 0.22
122396 	  85402 	 0.16 	 0.23
122396 	  85890 	 0.18 	 0.24
122396 	  76449 	 0.17 	 0.24
122396 	  62649 	 0.14 	 0.27
122396 	  74286 	 0.17 	 0.24
122396 	  76438 	 0.17 	 0.23
122396 	 105523 	 0.15 	 0.22
122396 	  74664 	 0.17 	 0.24
122396 	  41611 	 0.17 	 0.22
122396 	  60615 	 0.12 	 0.22
122396 	  62617 	 0.17 	 0.21
118243 	  78533 	 0.16 	 0.23
118243 	   2332 	 0.19 	 0.20
118243 	  68681 	 0.15 	 0.21
118243 	  76449 	 0.19 	 0.24
118243 	  74286 	 0.19 	 0.25
118243 	  76438 	 0.19 	 0.24
118243 	 105523 	 0.16 	 0.21
118243 	  74664 	 0.19 	 0.25
118243 	  41611 	 0.19 	 0.23
118243 	  62617 	 0.19 	 0.25
112063 	  85402 	 0.12 	 0.21
112063 	  85890 	 0.18 	 0.21
112063 	  60615 	 0.11 	 0.24
100687 	  78533 	 0.15 	 0.21
100687 	  77148 	 0.16 	 0.20
100687 	  62617 	 0.15 	 0.20
114929 	  92753 	 0.17 	 0.20
 58385 	  75641 	 0.15 	 0.26
 58385 	  31770 	 0.15 	 0.21
 58385 	  76449 	 0.13 	 0.21
 58385 	  95336 	 0.19 	 0.22
 58385 	  65192 	 0.13 	 0.27
 58385 	  62649 	 0.16 	 0.24
 58385 	  74286 	 0.13 	 0.21
 58385 	  77148 	 0.15 	 0.23
 58385 	  76438 	 0.13 	 0.22
 58385 	 105523 	 0.13 	 0.23
 58385 	  67993 	 0.16 	 0.21
 58385 	  74664 	 0.13 	 0.22
 58385 	  60615 	 0.16 	 0.23
 58385 	  62617 	 0.13 	 0.21
 58385 	  73555 	 0.16 	 0.21
105144 	  44074 	 0.18 	 0.23
105144 	  76438 	 0.14 	 0.20
105144 	  76053 	 0.17 	 0.23
130531 	  85402 	 0.10 	 0.21
130531 	  85890 	 0.12 	 0.21
130531 	  68681 	 0.15 	 0.22
 92655 	  67362 	 0.19 	 0.23
  8991 	  78533 	 0.19 	 0.27
  8991 	  76449 	 0.19 	 0.28
  8991 	  95336 	 0.16 	 0.20
  8991 	  65192 	 0.13 	 0.22
  8991 	  74286 	 0.19 	 0.28
  8991 	  76438 	 0.19 	 0.28
  8991 	 105523 	 0.13 	 0.27
  8991 	  74664 	 0.19 	 0.28
  8991 	  41611 	 0.19 	 0.25
  8991 	  60615 	 0.15 	 0.21
  8991 	  62617 	 0.19 	 0.26
 66646 	  59539 	 0.12 	 0.24
 66646 	   5103 	 0.11 	 0.21
 66646 	 107802 	 0.14 	 0.21
  3476 	  59539 	 0.19 	 0.27
  3476 	  78533 	 0.15 	 0.22
  3476 	  44074 	 0.14 	 0.21
  3476 	 108273 	 0.18 	 0.23
  3476 	 105523 	 0.10 	 0.22
 98306 	  65192 	 0.11 	 0.20
 98306 	  60615 	 0.14 	 0.21
122256 	 100225 	 0.18 	 0.20
122256 	 131017 	 0.17 	 0.25
122256 	 103296 	 0.17 	 0.29
122256 	 101365 	 0.15 	 0.20
122256 	 120998 	 0.11 	 0.29
122256 	 129421 	 0.18 	 0.21
122256 	 100744 	 0.10 	 0.22
122256 	 127382 	 0.17 	 0.24
122256 	  76123 	 0.12 	 0.22
122256 	 128822 	 0.12 	 0.24
122256 	 128079 	 0.14 	 0.22
122256 	 130531 	 0.17 	 0.25
 87194 	  70752 	 0.18 	 0.20
 87194 	 130218 	 0.16 	 0.21
 87194 	  16479 	 0.16 	 0.24
 87194 	 119311 	 0.14 	 0.20
 87194 	 128974 	 0.18 	 0.20
 87194 	 121308 	 0.14 	 0.21
 87194 	  95513 	 0.16 	 0.20
 87194 	 108160 	 0.17 	 0.20
 87194 	 130419 	 0.16 	 0.22
 87194 	  95929 	 0.19 	 0.20
 87194 	  92153 	 0.16 	 0.21
 87194 	  95496 	 0.18 	 0.20
 87194 	 118243 	 0.18 	 0.20
 87194 	   8991 	 0.18 	 0.20
103607 	  62372 	 0.19 	 0.22
103607 	  51213 	 0.15 	 0.21
103607 	  85402 	 0.15 	 0.25
103607 	  85890 	 0.16 	 0.24
103607 	 109399 	 0.19 	 0.21
103607 	  79171 	 0.19 	 0.21
103607 	 105523 	 0.11 	 0.22
103607 	  61753 	 0.13 	 0.22
