130665 	 100225 	 0.41 	 0.49
 95573 	 130665 	 0.43 	 0.41
 97838 	  94908 	 0.45 	 0.42
 95182 	   4793 	 0.40 	 0.46
106302 	 117891 	 0.44 	 0.45
110571 	 100225 	 0.46 	 0.47
 96738 	  96511 	 0.46 	 0.41
126626 	 100225 	 0.47 	 0.46
126626 	  95573 	 0.49 	 0.43
 65408 	   9967 	 0.47 	 0.41
101280 	 110641 	 0.46 	 0.45
110268 	 100617 	 0.40 	 0.43
110268 	  80370 	 0.46 	 0.40
110268 	 127533 	 0.43 	 0.42
110268 	  99902 	 0.43 	 0.45
110268 	 101280 	 0.43 	 0.41
 95442 	  94908 	 0.49 	 0.42
102078 	 100617 	 0.48 	 0.42
102078 	 117891 	 0.42 	 0.47
102078 	 117976 	 0.47 	 0.50
102078 	 106302 	 0.49 	 0.41
102078 	 103813 	 0.40 	 0.40
102503 	 101160 	 0.40 	 0.45
100909 	 126626 	 0.43 	 0.45
100909 	 103813 	 0.41 	 0.49
 99477 	 101160 	 0.46 	 0.45
 99477 	 102078 	 0.49 	 0.44
 99477 	 122840 	 0.40 	 0.43
129134 	 126869 	 0.46 	 0.46
131017 	 127649 	 0.49 	 0.45
131017 	 129859 	 0.48 	 0.42
119111 	 117891 	 0.44 	 0.46
119325 	  95573 	 0.47 	 0.41
119325 	 117951 	 0.41 	 0.41
129644 	 127533 	 0.42 	 0.47
101544 	  96511 	 0.46 	 0.42
101544 	 106205 	 0.47 	 0.45
101544 	 127533 	 0.45 	 0.42
129434 	 110268 	 0.40 	 0.41
129434 	 102078 	 0.44 	 0.43
129434 	 119111 	 0.46 	 0.42
104295 	 102503 	 0.47 	 0.42
124419 	 106302 	 0.45 	 0.42
124419 	 126626 	 0.45 	 0.45
128492 	 119111 	 0.42 	 0.43
122251 	 117976 	 0.49 	 0.41
122251 	 119111 	 0.49 	 0.44
130217 	  97838 	 0.44 	 0.43
130217 	 126626 	 0.47 	 0.50
130217 	 110268 	 0.43 	 0.42
130217 	 129644 	 0.42 	 0.47
130217 	 128492 	 0.43 	 0.50
119311 	 100225 	 0.48 	 0.40
124080 	 100225 	 0.45 	 0.45
124080 	  95573 	 0.49 	 0.42
124080 	 127533 	 0.47 	 0.48
124080 	 102078 	 0.46 	 0.40
103133 	  94908 	 0.48 	 0.46
103133 	  94927 	 0.47 	 0.45
103133 	  96511 	 0.49 	 0.41
103133 	 106302 	 0.48 	 0.41
103133 	 106205 	 0.49 	 0.44
103133 	 127533 	 0.45 	 0.44
103133 	 101280 	 0.45 	 0.46
103133 	 129434 	 0.48 	 0.48
103133 	 130217 	 0.48 	 0.42
125990 	 117976 	 0.40 	 0.42
125990 	 106302 	 0.42 	 0.40
125990 	 100909 	 0.49 	 0.43
125990 	 101510 	 0.41 	 0.49
125990 	 104295 	 0.47 	 0.47
125990 	 124419 	 0.47 	 0.41
 98252 	 101544 	 0.49 	 0.42
 73957 	  53106 	 0.43 	 0.42
118768 	 117976 	 0.45 	 0.41
118768 	  99902 	 0.45 	 0.40
118768 	  98252 	 0.47 	 0.42
101365 	 131017 	 0.49 	 0.42
  3208 	  95182 	 0.46 	 0.43
 79768 	   4793 	 0.42 	 0.45
 99159 	  97838 	 0.48 	 0.42
 99159 	  95442 	 0.49 	 0.46
 99159 	 102078 	 0.49 	 0.40
 99159 	 100909 	 0.47 	 0.40
 99159 	 129644 	 0.44 	 0.48
 99159 	 100782 	 0.48 	 0.44
122945 	  94927 	 0.48 	 0.48
122945 	 117891 	 0.43 	 0.49
122945 	 128492 	 0.43 	 0.45
119617 	  96738 	 0.45 	 0.42
 99455 	 103133 	 0.46 	 0.40
101673 	 102078 	 0.46 	 0.42
101673 	  99477 	 0.45 	 0.43
101673 	 118768 	 0.48 	 0.45
102481 	 126626 	 0.45 	 0.50
102481 	 122840 	 0.46 	 0.45
102481 	 102383 	 0.41 	 0.42
102481 	 101365 	 0.49 	 0.42
 93866 	 101160 	 0.40 	 0.41
120998 	 110641 	 0.40 	 0.41
120998 	 115173 	 0.45 	 0.46
120998 	 104295 	 0.44 	 0.41
120998 	 125839 	 0.45 	 0.43
110588 	 130665 	 0.42 	 0.49
110588 	 106302 	 0.43 	 0.44
110588 	  98252 	 0.42 	 0.49
110588 	 102481 	 0.47 	 0.46
101749 	 102503 	 0.47 	 0.42
101749 	 120998 	 0.44 	 0.41
 75566 	  65863 	 0.44 	 0.43
103677 	  97838 	 0.45 	 0.41
103677 	 106302 	 0.47 	 0.43
103677 	 103133 	 0.48 	 0.46
122600 	 119680 	 0.49 	 0.41
122600 	 127533 	 0.49 	 0.42
122600 	 101280 	 0.49 	 0.44
122600 	 130217 	 0.49 	 0.41
122600 	 125990 	 0.46 	 0.43
122600 	  99159 	 0.41 	 0.41
122600 	 102481 	 0.40 	 0.46
 83275 	  91848 	 0.42 	 0.49
 83275 	  67846 	 0.40 	 0.43
 83275 	   8179 	 0.42 	 0.50
115220 	 106302 	 0.48 	 0.42
115220 	  99477 	 0.46 	 0.43
115220 	 125990 	 0.45 	 0.45
115220 	 120998 	 0.44 	 0.41
117884 	 119680 	 0.49 	 0.40
117884 	  96738 	 0.41 	 0.41
117884 	 117951 	 0.49 	 0.40
117884 	 110588 	 0.49 	 0.50
124477 	 103133 	 0.49 	 0.43
124477 	 120998 	 0.44 	 0.43
101648 	  94908 	 0.45 	 0.43
101648 	 101280 	 0.48 	 0.46
101648 	 125990 	 0.43 	 0.43
101648 	 118768 	 0.47 	 0.41
101648 	 103677 	 0.45 	 0.41
127221 	 106302 	 0.49 	 0.41
127221 	 126626 	 0.42 	 0.40
127221 	 105970 	 0.46 	 0.40
127221 	 124080 	 0.44 	 0.48
127221 	 102481 	 0.43 	 0.44
127221 	 117884 	 0.42 	 0.41
106697 	 106302 	 0.46 	 0.41
106697 	  99477 	 0.44 	 0.46
106697 	 130217 	 0.44 	 0.42
106697 	 120998 	 0.42 	 0.42
 95781 	  94908 	 0.40 	 0.44
 95781 	 125990 	 0.42 	 0.41
 95781 	 103677 	 0.40 	 0.44
 95781 	 127221 	 0.49 	 0.41
124177 	 106567 	 0.40 	 0.48
124177 	  94908 	 0.40 	 0.43
124177 	  94927 	 0.47 	 0.49
124177 	 117891 	 0.41 	 0.41
124177 	 110268 	 0.48 	 0.42
124177 	 129644 	 0.42 	 0.48
124177 	 100782 	 0.42 	 0.42
124177 	 128492 	 0.41 	 0.41
124177 	 110588 	 0.45 	 0.41
124177 	 103677 	 0.40 	 0.41
124177 	 117884 	 0.43 	 0.40
124177 	 101648 	 0.48 	 0.46
119717 	 101544 	 0.47 	 0.45
 95409 	 116522 	 0.43 	 0.40
 95409 	 120998 	 0.45 	 0.43
124225 	  95781 	 0.49 	 0.47
124225 	 124177 	 0.48 	 0.50
 98469 	 110588 	 0.44 	 0.41
119685 	  94908 	 0.42 	 0.42
119685 	 110641 	 0.41 	 0.46
119685 	 119680 	 0.44 	 0.49
119685 	 110571 	 0.46 	 0.41
119685 	 129644 	 0.40 	 0.45
119685 	 104295 	 0.48 	 0.44
119685 	 110588 	 0.40 	 0.42
119685 	 101749 	 0.48 	 0.44
119685 	 103677 	 0.42 	 0.43
119685 	 106697 	 0.49 	 0.42
119685 	 124225 	 0.46 	 0.45
128471 	 119680 	 0.49 	 0.44
128471 	 101280 	 0.49 	 0.47
128471 	 100909 	 0.42 	 0.44
128471 	 129644 	 0.49 	 0.48
128471 	 115173 	 0.46 	 0.47
128471 	 104295 	 0.44 	 0.46
128471 	 130217 	 0.49 	 0.45
128471 	 125990 	 0.41 	 0.46
128471 	 110588 	 0.44 	 0.45
128471 	 101749 	 0.44 	 0.46
128471 	 122600 	 0.48 	 0.43
128471 	 115220 	 0.42 	 0.45
128471 	 106697 	 0.47 	 0.46
128471 	 124225 	 0.48 	 0.48
 96223 	  96511 	 0.47 	 0.45
 96223 	 119111 	 0.47 	 0.41
 96223 	 129644 	 0.44 	 0.46
 96223 	 115173 	 0.46 	 0.45
 96223 	 104295 	 0.44 	 0.44
 96223 	 124419 	 0.41 	 0.42
 96223 	 125839 	 0.42 	 0.44
 96223 	 124080 	 0.40 	 0.41
 96223 	 125990 	 0.47 	 0.42
 96223 	 101749 	 0.44 	 0.44
 96223 	 122600 	 0.43 	 0.50
 96223 	 115220 	 0.41 	 0.42
115258 	 130217 	 0.43 	 0.41
126248 	 110588 	 0.45 	 0.48
126248 	 115220 	 0.45 	 0.47
126248 	 127221 	 0.44 	 0.45
126248 	 119685 	 0.46 	 0.40
102995 	 130665 	 0.49 	 0.46
102995 	 106302 	 0.44 	 0.42
102995 	 101280 	 0.44 	 0.45
102995 	  99477 	 0.44 	 0.41
102995 	 125990 	 0.48 	 0.43
102995 	  98252 	 0.47 	 0.49
102995 	 119685 	 0.49 	 0.41
102995 	 128471 	 0.47 	 0.44
120346 	 101510 	 0.46 	 0.47
120346 	  98252 	 0.46 	 0.46
120346 	 101648 	 0.48 	 0.44
  2267 	  43129 	 0.49 	 0.41
 82463 	  79768 	 0.43 	 0.43
101486 	 100225 	 0.49 	 0.46
101486 	  95573 	 0.48 	 0.40
101486 	 119717 	 0.43 	 0.44
 86335 	  75641 	 0.40 	 0.45
 61797 	  63310 	 0.48 	 0.47
 61797 	  75641 	 0.40 	 0.43
 61797 	 125161 	 0.40 	 0.42
 61797 	  77148 	 0.43 	 0.48
117213 	 127855 	 0.41 	 0.46
117213 	 126216 	 0.48 	 0.42
 94005 	  75566 	 0.44 	 0.47
123976 	 106302 	 0.49 	 0.41
123976 	 101280 	 0.43 	 0.43
123976 	 102503 	 0.48 	 0.50
123976 	 125990 	 0.42 	 0.41
123976 	  98252 	 0.43 	 0.48
123976 	  95781 	 0.49 	 0.44
123976 	  96223 	 0.43 	 0.42
129747 	 101544 	 0.48 	 0.40
129747 	 124419 	 0.43 	 0.43
129747 	 122945 	 0.49 	 0.44
129747 	 122600 	 0.49 	 0.46
129747 	 124477 	 0.49 	 0.41
129747 	 119685 	 0.47 	 0.41
117950 	 100225 	 0.44 	 0.41
117950 	  96738 	 0.47 	 0.41
117950 	 101510 	 0.41 	 0.40
117950 	 117884 	 0.45 	 0.44
117950 	 119717 	 0.47 	 0.47
117950 	  95790 	 0.42 	 0.43
109086 	  94264 	 0.48 	 0.44
122891 	  99159 	 0.45 	 0.44
124881 	 127533 	 0.48 	 0.44
124881 	 101280 	 0.48 	 0.45
124881 	 102503 	 0.48 	 0.43
124881 	 120998 	 0.41 	 0.41
124881 	  96223 	 0.41 	 0.44
113610 	 100225 	 0.48 	 0.45
113610 	 127221 	 0.47 	 0.43
113610 	 119685 	 0.45 	 0.42
103091 	  96738 	 0.45 	 0.43
103091 	 117951 	 0.47 	 0.42
103091 	 119717 	 0.46 	 0.44
103091 	  95790 	 0.46 	 0.40
110898 	 100909 	 0.48 	 0.49
110898 	 119685 	 0.48 	 0.40
110898 	  96223 	 0.44 	 0.40
 93696 	 105455 	 0.47 	 0.42
110974 	 102078 	 0.47 	 0.47
110974 	 124177 	 0.46 	 0.40
110974 	  96223 	 0.47 	 0.46
123022 	 106567 	 0.43 	 0.42
123022 	 130217 	 0.41 	 0.42
123022 	  99159 	 0.41 	 0.44
123022 	 110974 	 0.48 	 0.45
118234 	 102503 	 0.46 	 0.41
118234 	 102383 	 0.49 	 0.40
118234 	 117884 	 0.47 	 0.47
115883 	 127221 	 0.46 	 0.50
115883 	 119685 	 0.41 	 0.41
121157 	  97838 	 0.46 	 0.42
 31394 	   3208 	 0.40 	 0.43
123045 	  94908 	 0.43 	 0.43
123045 	 124080 	 0.41 	 0.41
123045 	  98252 	 0.45 	 0.48
123045 	 103677 	 0.43 	 0.41
126651 	 126974 	 0.49 	 0.50
113681 	  94908 	 0.40 	 0.49
113681 	 100909 	 0.40 	 0.49
113681 	 124419 	 0.47 	 0.50
113681 	 124080 	 0.49 	 0.47
113681 	 103133 	 0.43 	 0.42
113681 	 101365 	 0.47 	 0.45
113681 	 120998 	 0.44 	 0.42
113681 	 110588 	 0.43 	 0.47
113681 	 103677 	 0.40 	 0.48
113681 	 121157 	 0.47 	 0.42
 66563 	  75566 	 0.47 	 0.49
100172 	  98252 	 0.47 	 0.42
100172 	 102481 	 0.46 	 0.41
100172 	 118234 	 0.49 	 0.40
128300 	 100225 	 0.47 	 0.46
128300 	 106205 	 0.46 	 0.42
128300 	 100909 	 0.45 	 0.46
128300 	  99477 	 0.41 	 0.48
128300 	  98252 	 0.49 	 0.50
128300 	 110588 	 0.45 	 0.48
128300 	 113681 	 0.42 	 0.41
101850 	 117891 	 0.44 	 0.41
101850 	 117976 	 0.45 	 0.44
101850 	 129434 	 0.49 	 0.42
 91740 	 129644 	 0.40 	 0.40
 91740 	 116522 	 0.46 	 0.43
 80885 	  82463 	 0.46 	 0.42
103733 	 103813 	 0.48 	 0.41
103733 	 101160 	 0.44 	 0.44
103733 	 100909 	 0.42 	 0.40
103733 	 104295 	 0.43 	 0.46
103733 	 101749 	 0.43 	 0.47
103733 	 110974 	 0.46 	 0.44
106244 	 106567 	 0.42 	 0.46
106244 	 117891 	 0.40 	 0.43
106244 	 100909 	 0.47 	 0.45
106244 	 129644 	 0.43 	 0.47
106244 	 111666 	 0.44 	 0.48
106244 	 110588 	 0.48 	 0.47
106244 	 127221 	 0.49 	 0.42
108765 	 110641 	 0.47 	 0.49
108765 	 106302 	 0.43 	 0.41
108765 	 106205 	 0.43 	 0.44
108765 	 101280 	 0.42 	 0.43
108765 	 130217 	 0.42 	 0.41
108765 	  98252 	 0.43 	 0.41
108765 	  99455 	 0.47 	 0.43
108765 	 115220 	 0.49 	 0.49
108765 	 127221 	 0.47 	 0.42
108765 	  95781 	 0.43 	 0.43
108765 	 124177 	 0.48 	 0.41
108765 	 115883 	 0.43 	 0.44
108765 	 113681 	 0.41 	 0.44
126646 	 106302 	 0.40 	 0.43
126646 	 103733 	 0.41 	 0.45
103038 	 106302 	 0.45 	 0.42
103038 	 101280 	 0.47 	 0.41
103038 	 103813 	 0.46 	 0.47
103038 	 102078 	 0.49 	 0.40
103038 	  98252 	 0.40 	 0.45
103038 	  99455 	 0.43 	 0.41
103038 	 124477 	 0.46 	 0.47
103038 	 128471 	 0.44 	 0.43
103038 	  96223 	 0.46 	 0.42
103038 	 101809 	 0.49 	 0.41
103038 	 128300 	 0.47 	 0.43
103038 	 103733 	 0.42 	 0.41
103038 	 100737 	 0.49 	 0.41
103038 	 108765 	 0.48 	 0.46
126048 	 125990 	 0.43 	 0.49
126048 	 122945 	 0.45 	 0.42
126048 	 120998 	 0.44 	 0.46
126048 	 124177 	 0.49 	 0.46
126048 	  96223 	 0.48 	 0.45
126574 	 100225 	 0.40 	 0.46
126574 	 123976 	 0.44 	 0.41
126574 	 117950 	 0.45 	 0.43
127707 	 106567 	 0.46 	 0.49
127707 	 119680 	 0.43 	 0.45
127707 	 101280 	 0.45 	 0.49
127707 	 115173 	 0.40 	 0.47
127707 	 104295 	 0.43 	 0.46
127707 	 130217 	 0.45 	 0.47
127707 	 110588 	 0.43 	 0.45
127707 	 101749 	 0.43 	 0.45
127707 	 115220 	 0.43 	 0.44
127707 	 106697 	 0.41 	 0.46
127707 	 102995 	 0.43 	 0.43
127707 	 103038 	 0.42 	 0.42
126274 	 110268 	 0.42 	 0.42
126274 	 102078 	 0.41 	 0.42
126274 	 103133 	 0.41 	 0.48
126274 	  99159 	 0.42 	 0.49
126274 	 119685 	 0.42 	 0.42
124069 	 102078 	 0.45 	 0.44
124069 	 125990 	 0.46 	 0.44
124069 	 118768 	 0.43 	 0.40
124069 	  95781 	 0.45 	 0.44
124069 	 119685 	 0.44 	 0.43
124069 	  96223 	 0.40 	 0.42
103084 	  99477 	 0.49 	 0.49
103084 	 125990 	 0.48 	 0.45
103084 	  98252 	 0.47 	 0.49
103084 	 120998 	 0.42 	 0.43
103084 	 119685 	 0.49 	 0.43
103084 	 128471 	 0.45 	 0.45
103084 	  96223 	 0.42 	 0.42
103084 	 127707 	 0.41 	 0.45
130419 	   2524 	 0.47 	 0.40
117924 	 101510 	 0.46 	 0.42
117924 	 119111 	 0.47 	 0.43
117924 	 125161 	 0.43 	 0.43
117924 	 119112 	 0.44 	 0.44
128707 	 128397 	 0.49 	 0.46
128707 	 119617 	 0.40 	 0.40
 96495 	 124080 	 0.47 	 0.40
101248 	 119111 	 0.45 	 0.41
124765 	 100617 	 0.45 	 0.45
124765 	 119680 	 0.42 	 0.42
124765 	 106302 	 0.46 	 0.42
124765 	 127533 	 0.46 	 0.40
124765 	  99902 	 0.48 	 0.48
124765 	 101280 	 0.46 	 0.42
124765 	 102503 	 0.43 	 0.43
124765 	  99477 	 0.42 	 0.45
124765 	 125990 	 0.42 	 0.40
124765 	  95781 	 0.46 	 0.44
124765 	  96223 	 0.43 	 0.42
124765 	 129747 	 0.40 	 0.42
124765 	 106244 	 0.46 	 0.46
102704 	 100225 	 0.44 	 0.42
102704 	 101160 	 0.40 	 0.43
102704 	 123976 	 0.48 	 0.48
102704 	 118234 	 0.43 	 0.42
102704 	 124765 	 0.46 	 0.45
111569 	  99455 	 0.41 	 0.48
111569 	 102481 	 0.44 	 0.46
111569 	 127221 	 0.49 	 0.48
111569 	 119685 	 0.47 	 0.45
111569 	  96223 	 0.45 	 0.43
111569 	 102995 	 0.46 	 0.49
111569 	 113610 	 0.41 	 0.47
111569 	 106244 	 0.42 	 0.42
124365 	 125990 	 0.40 	 0.44
124365 	  99159 	 0.48 	 0.46
124365 	 117950 	 0.48 	 0.42
124365 	 100172 	 0.45 	 0.41
113690 	 103133 	 0.49 	 0.43
113690 	 120998 	 0.44 	 0.43
113690 	 103038 	 0.49 	 0.47
108883 	 115173 	 0.44 	 0.41
108883 	 125839 	 0.40 	 0.46
108883 	 119112 	 0.44 	 0.43
108883 	 106697 	 0.40 	 0.40
108883 	 124225 	 0.47 	 0.42
108883 	 103084 	 0.48 	 0.45
128822 	 128397 	 0.49 	 0.45
128822 	 127451 	 0.48 	 0.44
128822 	 129208 	 0.46 	 0.50
123702 	 100909 	 0.43 	 0.46
123702 	 101365 	 0.45 	 0.43
123702 	 110588 	 0.48 	 0.49
102759 	  96511 	 0.43 	 0.40
102759 	  96738 	 0.43 	 0.42
102759 	 126248 	 0.48 	 0.43
102759 	 101486 	 0.46 	 0.42
126225 	  96511 	 0.43 	 0.41
126225 	 115173 	 0.43 	 0.48
126225 	 104295 	 0.41 	 0.46
126225 	 124419 	 0.48 	 0.45
126225 	 125839 	 0.40 	 0.47
126225 	 103133 	 0.41 	 0.45
126225 	 101749 	 0.41 	 0.47
126225 	 115220 	 0.41 	 0.45
126225 	 127221 	 0.42 	 0.41
126225 	 106697 	 0.40 	 0.44
126225 	 124225 	 0.40 	 0.47
126225 	 102995 	 0.40 	 0.44
126225 	 124881 	 0.48 	 0.48
126225 	 113610 	 0.40 	 0.44
126225 	 103038 	 0.40 	 0.46
126225 	 103084 	 0.40 	 0.45
 95748 	 106567 	 0.41 	 0.46
 95748 	 100909 	 0.41 	 0.44
 95748 	 108765 	 0.49 	 0.43
117793 	 100225 	 0.47 	 0.45
117793 	 106205 	 0.46 	 0.43
117793 	 100909 	 0.45 	 0.45
117793 	  99477 	 0.41 	 0.45
117793 	  98252 	 0.49 	 0.48
117793 	 110588 	 0.45 	 0.48
125108 	 126651 	 0.41 	 0.40
117490 	  94908 	 0.41 	 0.45
117490 	 127533 	 0.49 	 0.43
117490 	 101280 	 0.49 	 0.45
117490 	  99477 	 0.40 	 0.49
117490 	 130217 	 0.49 	 0.43
117490 	 124080 	 0.41 	 0.43
117490 	 111666 	 0.40 	 0.44
117490 	  99159 	 0.43 	 0.43
117490 	 103677 	 0.41 	 0.43
117490 	 129747 	 0.40 	 0.43
117490 	 103084 	 0.45 	 0.42
117344 	 101280 	 0.41 	 0.46
117344 	 115173 	 0.46 	 0.41
117344 	 130217 	 0.41 	 0.47
117344 	 103677 	 0.48 	 0.49
 97464 	  99159 	 0.46 	 0.44
 97464 	 124177 	 0.44 	 0.41
113639 	 130665 	 0.48 	 0.50
113639 	 127533 	 0.44 	 0.42
113639 	  99902 	 0.42 	 0.50
113639 	 126626 	 0.49 	 0.49
113639 	 101280 	 0.46 	 0.44
113639 	 102503 	 0.48 	 0.44
113639 	  99477 	 0.43 	 0.47
113639 	 130217 	 0.46 	 0.42
113639 	 125990 	 0.48 	 0.43
113639 	  95781 	 0.49 	 0.45
113639 	 129747 	 0.41 	 0.46
113639 	 102704 	 0.46 	 0.44
 98993 	  97838 	 0.48 	 0.42
 98993 	  95442 	 0.49 	 0.46
 98993 	 102078 	 0.49 	 0.40
 98993 	 100909 	 0.47 	 0.40
 98993 	 129644 	 0.44 	 0.48
 98993 	 100782 	 0.48 	 0.44
 98993 	 122891 	 0.43 	 0.44
 98993 	 123022 	 0.41 	 0.44
 98993 	 126274 	 0.42 	 0.49
 98993 	 124365 	 0.45 	 0.46
 98993 	 117490 	 0.43 	 0.43
 98993 	  97464 	 0.48 	 0.44
117925 	 117976 	 0.47 	 0.45
117925 	 100225 	 0.46 	 0.40
117925 	 119717 	 0.42 	 0.40
101626 	 128471 	 0.46 	 0.47
101626 	  96223 	 0.48 	 0.43
101626 	 127707 	 0.45 	 0.46
101626 	 102704 	 0.49 	 0.41
101626 	 108883 	 0.41 	 0.40
101626 	 126225 	 0.43 	 0.45
101626 	 117490 	 0.40 	 0.41
129161 	 117976 	 0.44 	 0.46
129161 	  97207 	 0.49 	 0.40
 98813 	 129208 	 0.42 	 0.41
 98813 	 100744 	 0.45 	 0.49
 98813 	 103602 	 0.40 	 0.46
 61674 	  66563 	 0.44 	 0.41
124281 	 130665 	 0.45 	 0.49
124281 	 106302 	 0.46 	 0.49
124281 	 127533 	 0.46 	 0.44
124281 	 101280 	 0.48 	 0.46
124281 	 102503 	 0.46 	 0.44
124281 	 105970 	 0.45 	 0.41
124281 	 130217 	 0.48 	 0.43
124281 	 125990 	 0.42 	 0.44
124281 	  99159 	 0.46 	 0.45
124281 	 128471 	 0.40 	 0.48
124281 	 129747 	 0.48 	 0.48
124281 	 123022 	 0.42 	 0.42
124281 	 103733 	 0.48 	 0.48
124281 	 117793 	 0.40 	 0.49
124281 	  98993 	 0.46 	 0.45
 96106 	 103133 	 0.40 	 0.41
 96106 	 123976 	 0.48 	 0.45
 96106 	 108765 	 0.43 	 0.43
111453 	  92509 	 0.49 	 0.47
128928 	 131018 	 0.47 	 0.40
128928 	 102503 	 0.43 	 0.49
128928 	 115173 	 0.48 	 0.41
128928 	 125839 	 0.44 	 0.48
128928 	 117884 	 0.44 	 0.44
128928 	 124225 	 0.43 	 0.43
128928 	 126248 	 0.46 	 0.42
128928 	 126048 	 0.43 	 0.40
128928 	 102704 	 0.46 	 0.47
128928 	 124281 	 0.43 	 0.41
128079 	 129859 	 0.40 	 0.42
128079 	 127451 	 0.42 	 0.40
128079 	 129208 	 0.46 	 0.47
122396 	 119112 	 0.42 	 0.42
118243 	 117976 	 0.47 	 0.44
118243 	 102704 	 0.49 	 0.42
112063 	 102503 	 0.47 	 0.41
112063 	 120998 	 0.44 	 0.46
112063 	 119685 	 0.45 	 0.44
112063 	 128471 	 0.44 	 0.46
112063 	  96223 	 0.44 	 0.44
112063 	 127707 	 0.43 	 0.45
112063 	 126225 	 0.41 	 0.46
100687 	 106567 	 0.41 	 0.47
100687 	 126626 	 0.42 	 0.49
100687 	 101160 	 0.44 	 0.41
100687 	 100909 	 0.48 	 0.40
100687 	  99477 	 0.42 	 0.49
100687 	 119111 	 0.44 	 0.41
100687 	 124080 	 0.43 	 0.46
100687 	 111666 	 0.42 	 0.46
100687 	 122945 	 0.42 	 0.41
100687 	 110588 	 0.44 	 0.49
100687 	 128471 	 0.43 	 0.44
100687 	  96223 	 0.40 	 0.40
100687 	 101486 	 0.46 	 0.40
100687 	 123702 	 0.44 	 0.46
100687 	 117793 	 0.40 	 0.47
100687 	 124281 	 0.43 	 0.41
130833 	 130387 	 0.40 	 0.50
130833 	 126869 	 0.40 	 0.49
130833 	 109370 	 0.44 	 0.42
 58385 	  66563 	 0.47 	 0.42
  3476 	 126974 	 0.42 	 0.40
 98306 	  94927 	 0.45 	 0.49
 98306 	 130665 	 0.44 	 0.43
 98306 	 106302 	 0.45 	 0.45
 98306 	 126626 	 0.48 	 0.44
 98306 	 103813 	 0.49 	 0.47
 98306 	  99477 	 0.41 	 0.44
 98306 	 102481 	 0.47 	 0.45
 98306 	 128471 	 0.49 	 0.43
 98306 	  96223 	 0.44 	 0.43
 98306 	 113610 	 0.46 	 0.46
 98306 	 108765 	 0.49 	 0.45
 98306 	 127707 	 0.45 	 0.43
 98306 	 111569 	 0.48 	 0.48
 98306 	 108883 	 0.47 	 0.45
 98306 	 128928 	 0.41 	 0.43
122256 	 119111 	 0.44 	 0.49
122256 	  86335 	 0.43 	 0.43
122256 	 117950 	 0.42 	 0.46
122256 	 100172 	 0.43 	 0.44
122256 	 101850 	 0.42 	 0.47
103607 	 106567 	 0.46 	 0.46
103607 	 110641 	 0.40 	 0.44
103607 	 101280 	 0.44 	 0.46
103607 	 100909 	 0.44 	 0.44
103607 	 129644 	 0.41 	 0.46
103607 	 115173 	 0.49 	 0.47
103607 	 104295 	 0.47 	 0.46
103607 	 124419 	 0.44 	 0.45
103607 	 130217 	 0.41 	 0.44
103607 	 111666 	 0.48 	 0.47
103607 	 125990 	 0.43 	 0.44
103607 	 102481 	 0.41 	 0.46
103607 	 110588 	 0.42 	 0.44
103607 	 101749 	 0.47 	 0.46
103607 	 122600 	 0.41 	 0.43
103607 	 115220 	 0.47 	 0.44
103607 	 123976 	 0.45 	 0.47
103607 	 129747 	 0.49 	 0.47
103607 	 124881 	 0.44 	 0.48
103607 	 103038 	 0.49 	 0.43
103607 	 126048 	 0.41 	 0.46
103607 	 124069 	 0.47 	 0.46
103607 	 124765 	 0.45 	 0.47
103607 	 113639 	 0.46 	 0.48
103607 	 101626 	 0.49 	 0.47
103607 	 128928 	 0.45 	 0.45
103607 	 112063 	 0.47 	 0.45
103607 	 100687 	 0.42 	 0.42
