113401 	 106567 	 0.35 	 0.11
 94927 	 113401 	 0.33 	 0.11
118052 	  94927 	 0.38 	 0.11
 96511 	 113401 	 0.32 	 0.11
130387 	 127102 	 0.33 	 0.11
117891 	 113401 	 0.34 	 0.11
117891 	 118052 	 0.33 	 0.11
117976 	  94927 	 0.33 	 0.11
117976 	 118052 	 0.31 	 0.16
117976 	 117891 	 0.38 	 0.11
110641 	  96511 	 0.33 	 0.18
100225 	 106567 	 0.38 	 0.11
100225 	 113401 	 0.35 	 0.16
100225 	  94927 	 0.34 	 0.11
100225 	 117891 	 0.35 	 0.11
100225 	 119680 	 0.34 	 0.11
130665 	 113401 	 0.32 	 0.11
 95573 	 106567 	 0.36 	 0.11
 95573 	 113401 	 0.33 	 0.16
 95573 	  94927 	 0.33 	 0.11
 95573 	 117891 	 0.32 	 0.11
 80076 	 102380 	 0.31 	 0.10
127242 	 110641 	 0.30 	 0.14
 97838 	 102380 	 0.34 	 0.15
 97838 	 110641 	 0.37 	 0.12
106302 	 113401 	 0.30 	 0.11
106302 	 117976 	 0.31 	 0.11
128844 	 130387 	 0.31 	 0.11
106205 	 110641 	 0.39 	 0.14
 66388 	 127102 	 0.35 	 0.15
 66388 	  59539 	 0.31 	 0.15
 66388 	 126869 	 0.37 	 0.15
 66388 	 128844 	 0.34 	 0.15
127533 	 113401 	 0.32 	 0.16
127533 	  96511 	 0.30 	 0.11
127533 	 117976 	 0.33 	 0.16
127533 	 119680 	 0.32 	 0.11
127533 	 100225 	 0.34 	 0.16
127533 	  95573 	 0.33 	 0.16
127533 	  80370 	 0.32 	 0.11
127533 	  76155 	 0.31 	 0.16
114621 	  94927 	 0.32 	 0.11
109693 	  66388 	 0.30 	 0.19
 99902 	 102380 	 0.33 	 0.15
122022 	   5543 	 0.31 	 0.18
 96738 	 119680 	 0.31 	 0.11
 96738 	 130665 	 0.32 	 0.11
 70752 	 118052 	 0.32 	 0.11
 70752 	 110641 	 0.33 	 0.18
  8980 	  94927 	 0.30 	 0.18
130780 	 117976 	 0.32 	 0.11
 91848 	  81305 	 0.32 	 0.11
 91848 	  80370 	 0.32 	 0.11
 91848 	 127533 	 0.32 	 0.16
125052 	 126040 	 0.39 	 0.13
107934 	 106567 	 0.35 	 0.11
107934 	  94927 	 0.31 	 0.11
107934 	 117891 	 0.31 	 0.11
107934 	 130780 	 0.31 	 0.11
129131 	 106205 	 0.34 	 0.16
129131 	 125052 	 0.30 	 0.10
131018 	  96738 	 0.39 	 0.11
126200 	 102380 	 0.31 	 0.18
126626 	  96511 	 0.38 	 0.18
126626 	  97838 	 0.34 	 0.12
126626 	  66388 	 0.31 	 0.11
124999 	 126040 	 0.39 	 0.13
124999 	 129131 	 0.36 	 0.10
130983 	 130387 	 0.32 	 0.11
130983 	  66388 	 0.33 	 0.15
114379 	  92014 	 0.30 	 0.14
131151 	 102380 	 0.32 	 0.18
126721 	  66388 	 0.34 	 0.19
102278 	 130387 	 0.33 	 0.11
102278 	 126869 	 0.33 	 0.11
102278 	 126040 	 0.32 	 0.11
102278 	  66388 	 0.33 	 0.15
101280 	 113401 	 0.34 	 0.16
101280 	  96511 	 0.33 	 0.11
101280 	 117976 	 0.37 	 0.16
101280 	 119680 	 0.33 	 0.11
101280 	 100225 	 0.36 	 0.16
101280 	  95573 	 0.36 	 0.16
101280 	  80370 	 0.31 	 0.11
101280 	  91848 	 0.31 	 0.16
110268 	 117976 	 0.30 	 0.11
110268 	  91848 	 0.35 	 0.11
103813 	 113401 	 0.34 	 0.16
103813 	  96511 	 0.33 	 0.11
103813 	 117976 	 0.34 	 0.16
103813 	 119680 	 0.34 	 0.11
103813 	  95573 	 0.35 	 0.16
103813 	 109693 	 0.31 	 0.11
103813 	 131018 	 0.30 	 0.11
103813 	 110268 	 0.35 	 0.11
101160 	 117976 	 0.35 	 0.11
101160 	  91848 	 0.36 	 0.11
101160 	 103813 	 0.39 	 0.11
127649 	  80076 	 0.34 	 0.11
127649 	   5543 	 0.31 	 0.14
127649 	 126040 	 0.37 	 0.11
127649 	  66388 	 0.34 	 0.15
127649 	 129131 	 0.35 	 0.16
127649 	 102278 	 0.30 	 0.11
 95603 	 106567 	 0.31 	 0.11
 95603 	 113401 	 0.31 	 0.16
 95603 	 117891 	 0.31 	 0.11
 95603 	 130665 	 0.35 	 0.11
 95603 	 110571 	 0.37 	 0.11
 95603 	  96738 	 0.39 	 0.16
 95603 	 101280 	 0.30 	 0.16
 95603 	 103813 	 0.30 	 0.16
 63310 	  65408 	 0.40 	 0.16
 95442 	  80076 	 0.30 	 0.11
  7012 	 130780 	 0.34 	 0.11
  5646 	  91848 	 0.35 	 0.11
  5646 	  85402 	 0.35 	 0.14
  5646 	  63310 	 0.39 	 0.11
 94332 	  76155 	 0.32 	 0.16
 94332 	  91848 	 0.35 	 0.16
 31490 	 127102 	 0.32 	 0.11
 31490 	 130387 	 0.38 	 0.11
 31490 	 117891 	 0.31 	 0.14
 31490 	 126869 	 0.34 	 0.11
 31490 	 126040 	 0.30 	 0.11
 31490 	 128844 	 0.31 	 0.11
 31490 	 130780 	 0.32 	 0.14
 31490 	 130983 	 0.32 	 0.11
 31490 	 102278 	 0.31 	 0.11
 69026 	  91848 	 0.30 	 0.11
129859 	 126040 	 0.35 	 0.13
129859 	 127649 	 0.33 	 0.13
102078 	 106567 	 0.37 	 0.11
102078 	 119680 	 0.31 	 0.11
102078 	  97838 	 0.32 	 0.16
102078 	 127533 	 0.35 	 0.16
102078 	 131018 	 0.32 	 0.11
102078 	 101280 	 0.39 	 0.16
102078 	 110268 	 0.33 	 0.11
102078 	 101160 	 0.31 	 0.11
102503 	 110641 	 0.39 	 0.14
111407 	 117891 	 0.31 	 0.11
122840 	 127533 	 0.39 	 0.11
122840 	  91848 	 0.37 	 0.11
122840 	 101280 	 0.38 	 0.11
122840 	 103813 	 0.31 	 0.11
122840 	  90147 	 0.31 	 0.11
100909 	  97838 	 0.35 	 0.16
 99477 	 102380 	 0.31 	 0.18
117951 	 100225 	 0.34 	 0.16
117951 	  95573 	 0.35 	 0.16
117951 	  96738 	 0.32 	 0.16
117951 	 131018 	 0.30 	 0.11
117951 	  95603 	 0.37 	 0.16
105970 	 106567 	 0.38 	 0.11
105970 	 107934 	 0.35 	 0.16
105970 	 122840 	 0.31 	 0.11
 75641 	  95182 	 0.34 	 0.10
 75641 	  65408 	 0.31 	 0.10
 75641 	  69026 	 0.35 	 0.13
131017 	 118052 	 0.32 	 0.11
131017 	 117976 	 0.33 	 0.11
131017 	 107934 	 0.32 	 0.11
131017 	 103813 	 0.31 	 0.11
131017 	  95603 	 0.31 	 0.11
131017 	   7012 	 0.30 	 0.11
131017 	 102078 	 0.31 	 0.11
 72459 	  80076 	 0.35 	 0.10
 72459 	  97838 	 0.32 	 0.13
 72459 	  66388 	 0.33 	 0.12
 72459 	 122022 	 0.32 	 0.13
 72459 	 127649 	 0.30 	 0.10
 72459 	  31490 	 0.38 	 0.13
101510 	 102380 	 0.37 	 0.10
101510 	 110641 	 0.39 	 0.14
101510 	  80076 	 0.35 	 0.11
101510 	 126626 	 0.40 	 0.14
 44074 	  62372 	 0.32 	 0.16
 44074 	  18307 	 0.30 	 0.16
 44074 	  29716 	 0.32 	 0.16
127855 	  66388 	 0.38 	 0.15
127855 	  70752 	 0.31 	 0.14
127855 	 113027 	 0.31 	 0.14
127451 	 117976 	 0.35 	 0.11
127451 	   7012 	 0.31 	 0.11
130218 	 117976 	 0.31 	 0.11
130218 	  80076 	 0.36 	 0.14
130218 	  66388 	 0.33 	 0.11
130218 	  96738 	 0.30 	 0.11
130218 	   7012 	 0.31 	 0.11
130218 	 113290 	 0.32 	 0.11
130218 	 127855 	 0.33 	 0.14
 85890 	 117891 	 0.30 	 0.18
 85890 	 117976 	 0.36 	 0.11
 85890 	 127533 	 0.30 	 0.11
 85890 	 101280 	 0.33 	 0.11
 31770 	   5646 	 0.40 	 0.10
119111 	 106567 	 0.34 	 0.11
119111 	 113401 	 0.30 	 0.16
119111 	 119680 	 0.30 	 0.11
119111 	 100225 	 0.31 	 0.16
119111 	  97838 	 0.32 	 0.16
119111 	 130780 	 0.31 	 0.11
119111 	 103813 	 0.40 	 0.16
119111 	 101160 	 0.33 	 0.11
119111 	 131017 	 0.33 	 0.11
119325 	  92014 	 0.33 	 0.11
119325 	 113027 	 0.36 	 0.14
129644 	 113401 	 0.33 	 0.11
129644 	 100225 	 0.36 	 0.11
129644 	 107934 	 0.34 	 0.11
129644 	 131018 	 0.33 	 0.18
129644 	 102078 	 0.36 	 0.11
129644 	 105970 	 0.36 	 0.11
129644 	 119111 	 0.35 	 0.11
101544 	 117976 	 0.32 	 0.16
101544 	  97838 	 0.33 	 0.16
101544 	  96738 	 0.37 	 0.16
101544 	 110268 	 0.32 	 0.11
101544 	 103813 	 0.38 	 0.16
101544 	 101160 	 0.34 	 0.11
101544 	 129644 	 0.30 	 0.11
118363 	 102380 	 0.36 	 0.18
118363 	 110641 	 0.35 	 0.14
118363 	  80076 	 0.36 	 0.11
118363 	  66388 	 0.34 	 0.15
118363 	 126626 	 0.36 	 0.14
118363 	 101160 	 0.32 	 0.14
118363 	 130218 	 0.32 	 0.14
100782 	 129131 	 0.30 	 0.16
 53106 	  75030 	 0.30 	 0.11
 53106 	   5646 	 0.32 	 0.14
105815 	 117081 	 0.33 	 0.16
105815 	 129859 	 0.31 	 0.13
105815 	 131017 	 0.33 	 0.11
129960 	 126040 	 0.34 	 0.16
129960 	 126200 	 0.34 	 0.16
129960 	 113027 	 0.30 	 0.12
129960 	 127649 	 0.32 	 0.16
129960 	  31490 	 0.37 	 0.14
129960 	 130218 	 0.34 	 0.12
129960 	 118363 	 0.31 	 0.16
101892 	 106567 	 0.34 	 0.11
101892 	 113401 	 0.36 	 0.16
101892 	  94927 	 0.34 	 0.11
101892 	 117891 	 0.33 	 0.11
101892 	 100225 	 0.34 	 0.16
101892 	 130665 	 0.33 	 0.11
101892 	  95573 	 0.31 	 0.16
101892 	 106302 	 0.32 	 0.11
101892 	 127533 	 0.31 	 0.16
101892 	 110571 	 0.31 	 0.11
101892 	 101280 	 0.33 	 0.16
101892 	 103813 	 0.35 	 0.16
101892 	 113290 	 0.35 	 0.16
101892 	 119111 	 0.32 	 0.16
101892 	 129644 	 0.33 	 0.11
126216 	  66388 	 0.33 	 0.11
126216 	  95603 	 0.32 	 0.11
 85972 	  28241 	 0.31 	 0.11
 85972 	   7012 	 0.35 	 0.11
 85972 	  65863 	 0.32 	 0.11
129434 	 113401 	 0.35 	 0.11
129434 	 118052 	 0.32 	 0.11
129434 	 117976 	 0.33 	 0.11
129434 	 100225 	 0.38 	 0.11
129434 	  95573 	 0.33 	 0.11
129434 	 107934 	 0.31 	 0.11
129434 	  85890 	 0.31 	 0.18
129434 	 101892 	 0.34 	 0.11
115173 	 113401 	 0.34 	 0.16
115173 	  96511 	 0.34 	 0.11
115173 	 119680 	 0.34 	 0.11
115173 	 100225 	 0.39 	 0.16
115173 	  95573 	 0.37 	 0.16
115173 	 109693 	 0.33 	 0.11
115173 	  70752 	 0.32 	 0.11
115173 	 107934 	 0.33 	 0.16
115173 	 131018 	 0.33 	 0.11
115173 	 110268 	 0.33 	 0.11
115173 	 101160 	 0.33 	 0.11
115173 	  95603 	 0.32 	 0.16
115173 	 102078 	 0.35 	 0.16
115173 	 122840 	 0.36 	 0.11
115173 	 105970 	 0.39 	 0.16
115173 	 119111 	 0.33 	 0.16
104295 	  97838 	 0.38 	 0.16
124419 	 113401 	 0.32 	 0.11
124419 	  96511 	 0.35 	 0.18
124419 	 119680 	 0.33 	 0.18
124419 	 100225 	 0.36 	 0.11
124419 	 127533 	 0.40 	 0.11
124419 	 131018 	 0.39 	 0.18
124419 	 102078 	 0.38 	 0.11
124419 	 101892 	 0.35 	 0.11
128492 	 113401 	 0.33 	 0.11
128492 	 118052 	 0.33 	 0.11
128492 	 117976 	 0.36 	 0.11
128492 	 100225 	 0.36 	 0.11
128492 	  95573 	 0.33 	 0.11
128492 	  95603 	 0.32 	 0.11
128492 	 111407 	 0.31 	 0.11
128492 	 101892 	 0.34 	 0.11
 91637 	  97838 	 0.31 	 0.17
 91637 	  66388 	 0.34 	 0.11
 91637 	 109693 	 0.32 	 0.12
 91637 	 126721 	 0.33 	 0.12
 91637 	 101160 	 0.32 	 0.12
 91637 	 126216 	 0.32 	 0.19
102383 	  72459 	 0.32 	 0.10
122251 	 106302 	 0.34 	 0.11
122251 	 127533 	 0.30 	 0.16
122251 	 101280 	 0.33 	 0.16
122251 	 103813 	 0.31 	 0.16
 68681 	  15511 	 0.33 	 0.18
 68681 	 102078 	 0.30 	 0.11
 68681 	  44074 	 0.33 	 0.11
125161 	   4793 	 0.35 	 0.16
125161 	 102380 	 0.36 	 0.11
125161 	 102278 	 0.33 	 0.12
125161 	 101510 	 0.32 	 0.12
 72992 	  81305 	 0.32 	 0.11
 72992 	  76155 	 0.32 	 0.16
 72992 	  63310 	 0.38 	 0.16
  2911 	 106302 	 0.31 	 0.16
 16479 	  78533 	 0.33 	 0.16
 16479 	  62372 	 0.34 	 0.16
 16479 	  18307 	 0.33 	 0.16
 16479 	  63310 	 0.34 	 0.16
 16479 	  68681 	 0.35 	 0.11
 65887 	   9595 	 0.39 	 0.19
 36327 	 118363 	 0.33 	 0.17
 36327 	 129960 	 0.30 	 0.10
130217 	 113401 	 0.31 	 0.16
130217 	 117976 	 0.34 	 0.16
130217 	 119680 	 0.31 	 0.11
130217 	 100225 	 0.33 	 0.16
130217 	  95573 	 0.32 	 0.16
130217 	  80370 	 0.32 	 0.11
130217 	 106302 	 0.40 	 0.11
130217 	  91848 	 0.32 	 0.16
130217 	 102078 	 0.35 	 0.16
130217 	 122840 	 0.39 	 0.11
130217 	  85890 	 0.31 	 0.11
130217 	 101892 	 0.30 	 0.16
130217 	 124419 	 0.39 	 0.11
130217 	 122251 	 0.31 	 0.16
119311 	  92014 	 0.33 	 0.11
119311 	 113027 	 0.36 	 0.14
128762 	 128397 	 0.33 	 0.11
128762 	  99902 	 0.32 	 0.16
128762 	 124999 	 0.36 	 0.13
128762 	 129134 	 0.32 	 0.14
125839 	 113401 	 0.32 	 0.11
125839 	 100225 	 0.38 	 0.11
125839 	 109693 	 0.32 	 0.18
125839 	 131018 	 0.32 	 0.18
125839 	 102078 	 0.32 	 0.11
125839 	 105970 	 0.33 	 0.11
125839 	 101892 	 0.34 	 0.11
 43129 	  75030 	 0.32 	 0.11
 43129 	  36327 	 0.33 	 0.17
 77153 	  69026 	 0.38 	 0.15
  8179 	   5646 	 0.31 	 0.11
  8179 	  85972 	 0.33 	 0.11
109370 	  66388 	 0.31 	 0.19
109370 	   7012 	 0.31 	 0.11
109370 	 129859 	 0.37 	 0.16
109370 	 129134 	 0.36 	 0.18
109370 	  58481 	 0.36 	 0.11
109370 	 105815 	 0.32 	 0.11
  2622 	   5646 	 0.39 	 0.14
  2622 	  65887 	 0.34 	 0.15
 97207 	 118052 	 0.32 	 0.11
 97207 	 117976 	 0.36 	 0.11
 97207 	 125052 	 0.34 	 0.16
 97207 	 129859 	 0.37 	 0.16
116522 	 106567 	 0.38 	 0.11
116522 	 113401 	 0.30 	 0.16
116522 	  94927 	 0.31 	 0.11
116522 	  96511 	 0.31 	 0.11
116522 	 117891 	 0.32 	 0.11
116522 	 100225 	 0.33 	 0.16
116522 	 130665 	 0.32 	 0.11
116522 	  95573 	 0.33 	 0.16
116522 	 106302 	 0.31 	 0.11
116522 	 127533 	 0.33 	 0.16
116522 	 110571 	 0.35 	 0.11
116522 	 101280 	 0.36 	 0.16
116522 	 103813 	 0.34 	 0.16
116522 	 129644 	 0.37 	 0.11
116522 	 129434 	 0.33 	 0.11
116522 	  94785 	 0.30 	 0.16
116522 	 115173 	 0.39 	 0.16
116522 	 128492 	 0.33 	 0.11
116522 	 130217 	 0.32 	 0.16
 91880 	 117976 	 0.32 	 0.11
 91880 	 105200 	 0.35 	 0.11
103133 	  99902 	 0.40 	 0.16
101463 	  92014 	 0.33 	 0.11
101463 	  70752 	 0.30 	 0.14
101463 	 126721 	 0.31 	 0.16
101463 	 126216 	 0.38 	 0.14
 95336 	   5646 	 0.32 	 0.13
 95336 	 101510 	 0.30 	 0.10
114673 	 116522 	 0.34 	 0.16
 96012 	 113401 	 0.30 	 0.11
 96012 	  96738 	 0.39 	 0.11
 96012 	 101280 	 0.31 	 0.11
 96012 	 103813 	 0.31 	 0.11
 96012 	 117951 	 0.33 	 0.11
 96012 	 115173 	 0.34 	 0.11
 96012 	 116522 	 0.31 	 0.11
111666 	 113401 	 0.34 	 0.11
111666 	 100225 	 0.37 	 0.11
111666 	 107934 	 0.34 	 0.11
111666 	 131018 	 0.33 	 0.18
111666 	 102078 	 0.37 	 0.11
111666 	 105970 	 0.37 	 0.11
111666 	 119111 	 0.34 	 0.11
111666 	 101892 	 0.34 	 0.11
111666 	 116522 	 0.38 	 0.11
125990 	 113401 	 0.31 	 0.16
125990 	  96511 	 0.31 	 0.11
125990 	 119680 	 0.32 	 0.11
125990 	 100225 	 0.35 	 0.16
125990 	  95573 	 0.34 	 0.16
125990 	  91848 	 0.31 	 0.16
125990 	 110268 	 0.38 	 0.11
125990 	 102078 	 0.39 	 0.16
125990 	 122840 	 0.37 	 0.11
125990 	  85890 	 0.34 	 0.11
125990 	 101892 	 0.31 	 0.16
125990 	 122251 	 0.35 	 0.16
125990 	 116522 	 0.35 	 0.16
129208 	   7012 	 0.36 	 0.11
 98252 	 102380 	 0.33 	 0.18
 98252 	  66388 	 0.30 	 0.15
 98252 	 125161 	 0.32 	 0.12
 73957 	  76155 	 0.38 	 0.11
 73957 	 127533 	 0.32 	 0.11
 73957 	 126626 	 0.31 	 0.18
 73957 	 101280 	 0.34 	 0.11
 73957 	  66308 	 0.34 	 0.12
 73957 	  67846 	 0.31 	 0.14
 73957 	  52894 	 0.31 	 0.18
 73957 	 130217 	 0.31 	 0.11
 73957 	  43129 	 0.30 	 0.14
 73957 	 125990 	 0.34 	 0.11
118768 	 106567 	 0.30 	 0.11
118768 	 100617 	 0.36 	 0.16
118768 	 117891 	 0.38 	 0.11
118768 	 130665 	 0.31 	 0.11
118768 	 106302 	 0.32 	 0.11
118768 	 131018 	 0.31 	 0.11
118768 	 101280 	 0.32 	 0.16
118768 	 110268 	 0.34 	 0.11
118768 	 103813 	 0.34 	 0.16
118768 	 101160 	 0.31 	 0.11
118768 	 131017 	 0.31 	 0.11
118768 	  85890 	 0.33 	 0.11
118768 	 129644 	 0.30 	 0.11
118768 	 129434 	 0.36 	 0.11
118768 	 128492 	 0.38 	 0.11
118768 	 130217 	 0.31 	 0.16
118768 	  97207 	 0.37 	 0.11
118768 	 111666 	 0.31 	 0.11
118768 	 125990 	 0.33 	 0.16
 85142 	  91848 	 0.34 	 0.16
 69633 	  65887 	 0.32 	 0.15
128974 	 106567 	 0.34 	 0.18
128974 	  94927 	 0.33 	 0.18
128974 	 110641 	 0.36 	 0.18
128974 	 100225 	 0.38 	 0.11
128974 	  95573 	 0.34 	 0.11
128974 	 127533 	 0.36 	 0.11
128974 	 110571 	 0.32 	 0.18
128974 	 126626 	 0.35 	 0.18
128974 	 101280 	 0.37 	 0.11
128974 	  95603 	 0.32 	 0.11
128974 	 130217 	 0.35 	 0.11
128974 	 116522 	 0.34 	 0.11
128974 	 125990 	 0.34 	 0.11
101365 	  95573 	 0.31 	 0.11
101365 	 127533 	 0.32 	 0.11
101365 	 124999 	 0.32 	 0.16
101365 	 101280 	 0.32 	 0.11
101365 	 103813 	 0.33 	 0.11
101365 	 129134 	 0.30 	 0.18
101365 	 115173 	 0.33 	 0.11
101365 	  36327 	 0.35 	 0.10
101365 	 130217 	 0.31 	 0.11
101365 	 116522 	 0.31 	 0.11
101365 	 125990 	 0.34 	 0.11
  3208 	  65408 	 0.36 	 0.16
  3208 	  69026 	 0.34 	 0.11
 79768 	  63310 	 0.33 	 0.11
 79768 	   3208 	 0.37 	 0.11
 99159 	 117976 	 0.33 	 0.11
 99159 	 110641 	 0.40 	 0.18
 99159 	 100225 	 0.39 	 0.11
 99159 	  95573 	 0.40 	 0.11
 99159 	  95603 	 0.32 	 0.11
 99159 	 122251 	 0.31 	 0.11
 99159 	 116522 	 0.34 	 0.11
 99159 	 118768 	 0.36 	 0.11
 66221 	  63310 	 0.33 	 0.16
 66221 	  75641 	 0.34 	 0.10
 66221 	  72459 	 0.35 	 0.11
 66221 	  65887 	 0.33 	 0.15
 66221 	   3208 	 0.37 	 0.16
 65192 	  94927 	 0.31 	 0.18
 65192 	 117891 	 0.31 	 0.18
 65192 	  80076 	 0.31 	 0.14
 65192 	  99902 	 0.34 	 0.17
 65192 	 102078 	 0.37 	 0.14
 65192 	 102503 	 0.32 	 0.14
 65192 	  99477 	 0.32 	 0.14
 65192 	 119111 	 0.38 	 0.14
 65192 	 129434 	 0.32 	 0.18
 65192 	  99159 	 0.32 	 0.18
122945 	 118052 	 0.32 	 0.11
122945 	 117976 	 0.33 	 0.11
122945 	  91848 	 0.32 	 0.11
122945 	 102078 	 0.37 	 0.11
122945 	 119111 	 0.39 	 0.11
122945 	 101544 	 0.38 	 0.11
122945 	  91637 	 0.31 	 0.19
122945 	 122251 	 0.31 	 0.11
122945 	 116522 	 0.30 	 0.11
122945 	  73957 	 0.33 	 0.18
122945 	 118768 	 0.33 	 0.11
119617 	 117951 	 0.31 	 0.11
119617 	  99159 	 0.30 	 0.18
107458 	 106567 	 0.38 	 0.11
107458 	  94927 	 0.33 	 0.11
107458 	 117891 	 0.32 	 0.11
107458 	 107934 	 0.34 	 0.16
107458 	 129644 	 0.36 	 0.11
107458 	  58481 	 0.33 	 0.16
107458 	 129434 	 0.35 	 0.11
107458 	 115173 	 0.37 	 0.16
107458 	 128492 	 0.32 	 0.11
107458 	 125839 	 0.34 	 0.11
107458 	 111666 	 0.36 	 0.11
107458 	 101365 	 0.32 	 0.11
 99455 	 102380 	 0.31 	 0.18
 99455 	 109693 	 0.34 	 0.14
 99455 	  65192 	 0.34 	 0.14
101673 	  94927 	 0.36 	 0.11
101673 	 117891 	 0.32 	 0.11
101673 	 117976 	 0.38 	 0.16
101673 	 127533 	 0.30 	 0.16
101673 	 101280 	 0.32 	 0.16
101673 	 103813 	 0.30 	 0.16
101673 	 101160 	 0.32 	 0.11
101673 	 101544 	 0.31 	 0.16
101673 	 129434 	 0.30 	 0.11
101673 	 122251 	 0.32 	 0.16
101673 	  16479 	 0.31 	 0.16
101673 	 130217 	 0.30 	 0.16
101673 	 125990 	 0.33 	 0.16
101673 	  99159 	 0.34 	 0.11
114259 	  62372 	 0.31 	 0.11
114259 	  66388 	 0.30 	 0.19
114259 	  44074 	 0.32 	 0.11
114259 	 125161 	 0.30 	 0.16
114259 	 103296 	 0.31 	 0.11
102481 	 102380 	 0.34 	 0.18
102481 	  80076 	 0.33 	 0.11
102481 	  85402 	 0.33 	 0.11
119112 	 102078 	 0.33 	 0.11
119112 	 117951 	 0.38 	 0.11
  2524 	  66388 	 0.35 	 0.15
  2524 	 119325 	 0.35 	 0.11
  2524 	 119311 	 0.35 	 0.11
 93866 	  81305 	 0.32 	 0.11
 93866 	 127533 	 0.35 	 0.16
 93866 	  91848 	 0.34 	 0.16
 93866 	 101280 	 0.33 	 0.16
 93866 	 110268 	 0.35 	 0.11
 93866 	 103813 	 0.30 	 0.16
 93866 	   5646 	 0.37 	 0.11
 93866 	 122840 	 0.32 	 0.11
 93866 	 119111 	 0.33 	 0.16
 93866 	 101544 	 0.32 	 0.16
 93866 	 130217 	 0.35 	 0.16
 93866 	 125990 	 0.31 	 0.16
 93866 	 122945 	 0.34 	 0.11
115606 	 100617 	 0.31 	 0.16
120998 	  94927 	 0.39 	 0.11
120998 	  59539 	 0.34 	 0.16
120998 	 117891 	 0.38 	 0.11
120998 	 130665 	 0.32 	 0.11
120998 	  95573 	 0.31 	 0.16
120998 	 106302 	 0.30 	 0.11
120998 	 110571 	 0.32 	 0.11
120998 	 109693 	 0.34 	 0.11
120998 	 107934 	 0.36 	 0.16
120998 	 131018 	 0.35 	 0.11
120998 	 101280 	 0.31 	 0.16
120998 	 103813 	 0.33 	 0.16
120998 	 101160 	 0.31 	 0.11
120998 	  91926 	 0.34 	 0.11
120998 	 122840 	 0.31 	 0.11
120998 	 105970 	 0.36 	 0.16
120998 	 124419 	 0.38 	 0.11
120998 	 128492 	 0.38 	 0.11
120998 	 116522 	 0.33 	 0.16
120998 	  96012 	 0.31 	 0.11
120998 	 122945 	 0.35 	 0.11
120998 	 119617 	 0.30 	 0.11
 15972 	  88141 	 0.33 	 0.11
 15972 	  44074 	 0.30 	 0.16
 15972 	  16479 	 0.34 	 0.16
110588 	 113401 	 0.33 	 0.16
110588 	  96511 	 0.32 	 0.11
110588 	 119680 	 0.34 	 0.11
110588 	 100225 	 0.38 	 0.16
110588 	  95573 	 0.37 	 0.16
110588 	 109693 	 0.34 	 0.11
110588 	  70752 	 0.32 	 0.11
110588 	 107934 	 0.32 	 0.16
110588 	 131018 	 0.33 	 0.11
110588 	  95603 	 0.31 	 0.16
110588 	 102078 	 0.35 	 0.16
110588 	 111407 	 0.30 	 0.16
110588 	 131017 	 0.31 	 0.11
110588 	 119111 	 0.31 	 0.16
110588 	 116522 	 0.38 	 0.16
110588 	  96012 	 0.32 	 0.11
110588 	  73957 	 0.32 	 0.11
110588 	 101365 	 0.31 	 0.11
110588 	 122945 	 0.36 	 0.11
110588 	 107458 	 0.31 	 0.16
101749 	  97838 	 0.37 	 0.16
108174 	  79310 	 0.35 	 0.16
  2251 	  62372 	 0.35 	 0.11
  2251 	  18307 	 0.36 	 0.11
  2251 	  29716 	 0.33 	 0.11
  2251 	 122840 	 0.30 	 0.18
  2251 	  72459 	 0.31 	 0.13
  2251 	  16479 	 0.33 	 0.11
  2251 	  15972 	 0.34 	 0.11
 75566 	  80370 	 0.33 	 0.14
 75566 	 101160 	 0.31 	 0.14
 75566 	  95442 	 0.30 	 0.11
 75566 	   5646 	 0.33 	 0.14
 75566 	 122840 	 0.32 	 0.14
 75566 	  53106 	 0.35 	 0.11
 75566 	  43129 	 0.37 	 0.11
 75566 	  73957 	 0.37 	 0.14
 52224 	  90154 	 0.30 	 0.19
 52224 	  75641 	 0.30 	 0.15
122600 	 113401 	 0.31 	 0.11
122600 	 118052 	 0.31 	 0.11
122600 	 100225 	 0.34 	 0.11
122600 	  95573 	 0.33 	 0.11
122600 	 107934 	 0.30 	 0.11
122600 	  95603 	 0.32 	 0.11
122600 	 111407 	 0.33 	 0.11
122600 	 119325 	 0.31 	 0.14
122600 	 119311 	 0.32 	 0.14
122600 	 116522 	 0.35 	 0.11
122600 	 118768 	 0.34 	 0.11
122600 	 128974 	 0.31 	 0.18
122600 	 107458 	 0.33 	 0.11
 62649 	   5646 	 0.36 	 0.12
 94602 	  66388 	 0.32 	 0.17
 58632 	  91637 	 0.31 	 0.13
 83275 	   4793 	 0.31 	 0.11
 83275 	  39337 	 0.40 	 0.16
 83275 	 101160 	 0.31 	 0.11
 83275 	 122840 	 0.32 	 0.11
 62268 	 127102 	 0.33 	 0.16
 62268 	 128844 	 0.32 	 0.16
 62268 	  66388 	 0.31 	 0.19
 62268 	 130983 	 0.33 	 0.16
115220 	  97838 	 0.37 	 0.16
107489 	 120998 	 0.32 	 0.16
 58416 	  93950 	 0.31 	 0.16
 58416 	  91637 	 0.35 	 0.13
 52786 	   5543 	 0.31 	 0.18
 52786 	  72459 	 0.32 	 0.13
117884 	 106302 	 0.39 	 0.11
117884 	 109693 	 0.32 	 0.11
117884 	 114379 	 0.30 	 0.11
117884 	 110268 	 0.34 	 0.11
117884 	 101160 	 0.36 	 0.11
117884 	 102078 	 0.38 	 0.16
117884 	 122840 	 0.31 	 0.11
117884 	 119111 	 0.35 	 0.16
117884 	 101892 	 0.33 	 0.16
117884 	 116522 	 0.30 	 0.16
117884 	 118768 	 0.34 	 0.16
117884 	 101365 	 0.31 	 0.11
117884 	 122945 	 0.39 	 0.11
117884 	 120998 	 0.33 	 0.16
124477 	 113401 	 0.33 	 0.11
124477 	 100225 	 0.36 	 0.11
124477 	 127533 	 0.38 	 0.11
124477 	 109693 	 0.34 	 0.18
124477 	 107934 	 0.30 	 0.11
124477 	 131018 	 0.33 	 0.18
124477 	 102078 	 0.31 	 0.11
124477 	 105970 	 0.32 	 0.11
124477 	 101892 	 0.34 	 0.11
124477 	 130217 	 0.38 	 0.11
124477 	 125990 	 0.39 	 0.11
124477 	  99159 	 0.37 	 0.18
124477 	 107458 	 0.31 	 0.11
101648 	 102380 	 0.31 	 0.18
101648 	 127242 	 0.37 	 0.11
101648 	 127649 	 0.32 	 0.11
101648 	 128762 	 0.34 	 0.11
127221 	 113401 	 0.32 	 0.16
127221 	 118052 	 0.30 	 0.16
127221 	 117976 	 0.36 	 0.16
127221 	 100225 	 0.32 	 0.16
127221 	 130665 	 0.38 	 0.11
127221 	 127533 	 0.36 	 0.16
127221 	 109693 	 0.34 	 0.11
127221 	   8980 	 0.31 	 0.11
127221 	 130780 	 0.34 	 0.11
127221 	 101280 	 0.39 	 0.16
127221 	 110268 	 0.37 	 0.11
127221 	 101160 	 0.39 	 0.11
127221 	  91926 	 0.31 	 0.11
127221 	 102078 	 0.35 	 0.16
127221 	 122840 	 0.39 	 0.11
127221 	 131017 	 0.33 	 0.11
127221 	 119111 	 0.31 	 0.16
127221 	 122251 	 0.33 	 0.16
127221 	 130217 	 0.36 	 0.16
127221 	  97207 	 0.32 	 0.11
127221 	 116522 	 0.33 	 0.16
127221 	 125990 	 0.36 	 0.16
127221 	 128974 	 0.33 	 0.11
127221 	 101365 	 0.31 	 0.11
 95781 	 100225 	 0.32 	 0.11
 95781 	  99902 	 0.36 	 0.12
 95781 	 103813 	 0.39 	 0.11
 95781 	 102078 	 0.37 	 0.11
 95781 	 119111 	 0.38 	 0.11
 95781 	 101892 	 0.33 	 0.11
 95781 	 130217 	 0.39 	 0.11
 95781 	 116522 	 0.33 	 0.11
 95781 	  98252 	 0.35 	 0.14
 95781 	  99159 	 0.36 	 0.18
 95781 	 102481 	 0.36 	 0.14
 95781 	 117884 	 0.38 	 0.11
124177 	 100617 	 0.36 	 0.16
124177 	 118052 	 0.31 	 0.16
124177 	 117976 	 0.31 	 0.16
124177 	 100225 	 0.30 	 0.16
124177 	 130665 	 0.34 	 0.11
124177 	 127533 	 0.31 	 0.16
124177 	 110571 	 0.39 	 0.11
124177 	  99902 	 0.37 	 0.16
124177 	   8980 	 0.34 	 0.11
124177 	 101280 	 0.32 	 0.16
124177 	 103813 	 0.37 	 0.16
124177 	 101160 	 0.38 	 0.11
124177 	 102078 	 0.34 	 0.16
124177 	 122840 	 0.35 	 0.11
124177 	  85972 	 0.31 	 0.11
124177 	 130217 	 0.31 	 0.16
124177 	 116522 	 0.31 	 0.16
124177 	 125990 	 0.32 	 0.16
124177 	 129208 	 0.31 	 0.11
124177 	 118768 	 0.35 	 0.16
124177 	 122945 	 0.37 	 0.11
124177 	 122600 	 0.38 	 0.11
124177 	 107489 	 0.33 	 0.16
 65782 	  91848 	 0.38 	 0.16
116898 	   5103 	 0.30 	 0.11
100142 	  85972 	 0.31 	 0.11
 28201 	  73957 	 0.31 	 0.14
 28201 	  75566 	 0.36 	 0.11
 74885 	  94927 	 0.31 	 0.11
 74885 	 117891 	 0.31 	 0.11
 74885 	  99902 	 0.33 	 0.11
 74885 	 129434 	 0.32 	 0.11
 74885 	 128492 	 0.31 	 0.11
 74885 	  99159 	 0.32 	 0.11
105156 	 126626 	 0.37 	 0.18
105156 	 117884 	 0.31 	 0.11
119717 	 130665 	 0.35 	 0.11
119717 	  76155 	 0.33 	 0.16
119717 	 110571 	 0.34 	 0.11
119717 	  96738 	 0.38 	 0.16
119717 	 101280 	 0.30 	 0.16
119717 	 103813 	 0.31 	 0.16
119717 	 117951 	 0.31 	 0.16
119717 	 125990 	 0.30 	 0.16
119717 	 120998 	 0.32 	 0.16
 95409 	 113401 	 0.33 	 0.11
 95409 	 117976 	 0.30 	 0.11
 95409 	 100225 	 0.37 	 0.11
 95409 	 127533 	 0.39 	 0.11
 95409 	 131018 	 0.33 	 0.18
 95409 	 124999 	 0.32 	 0.16
 95409 	 105970 	 0.30 	 0.11
 95409 	 101892 	 0.32 	 0.11
 95409 	 130217 	 0.38 	 0.11
 95409 	 107458 	 0.33 	 0.11
124225 	 113401 	 0.34 	 0.16
124225 	 100225 	 0.36 	 0.16
124225 	 109693 	 0.33 	 0.11
124225 	 107934 	 0.34 	 0.16
124225 	 110268 	 0.35 	 0.11
124225 	 101160 	 0.37 	 0.11
124225 	 102078 	 0.37 	 0.16
124225 	 122840 	 0.37 	 0.11
124225 	 105970 	 0.37 	 0.16
124225 	 119111 	 0.33 	 0.16
124225 	 101892 	 0.34 	 0.16
124225 	 116522 	 0.37 	 0.16
124225 	 118768 	 0.31 	 0.16
124225 	 128974 	 0.33 	 0.11
124225 	 101365 	 0.32 	 0.11
124225 	 107458 	 0.35 	 0.16
 99213 	 100617 	 0.33 	 0.12
 99213 	 113401 	 0.35 	 0.11
 99213 	 118052 	 0.33 	 0.11
 99213 	 110641 	 0.33 	 0.18
 99213 	 100225 	 0.34 	 0.11
 99213 	  95573 	 0.32 	 0.11
 99213 	 127242 	 0.34 	 0.14
 99213 	  66388 	 0.31 	 0.11
 99213 	 127533 	 0.32 	 0.11
 99213 	 129131 	 0.31 	 0.12
 99213 	 101280 	 0.34 	 0.11
 99213 	 103813 	 0.35 	 0.11
 99213 	 117081 	 0.32 	 0.11
 99213 	 102078 	 0.34 	 0.11
 99213 	 101510 	 0.35 	 0.14
 99213 	 127855 	 0.30 	 0.14
 99213 	 119111 	 0.35 	 0.11
 99213 	 118363 	 0.34 	 0.14
 99213 	 129960 	 0.30 	 0.12
 99213 	 115173 	 0.37 	 0.11
 99213 	 130217 	 0.32 	 0.11
 99213 	 128762 	 0.33 	 0.14
 99213 	 125990 	 0.32 	 0.11
 99213 	 110588 	 0.36 	 0.11
 99213 	 117884 	 0.34 	 0.11
 99213 	 127221 	 0.32 	 0.11
 99213 	 124177 	 0.31 	 0.11
 99213 	 124225 	 0.36 	 0.11
 98469 	 100617 	 0.35 	 0.12
 98469 	  95573 	 0.36 	 0.11
 98469 	 127533 	 0.35 	 0.11
 98469 	  99902 	 0.35 	 0.12
 98469 	 129131 	 0.34 	 0.12
 98469 	 101280 	 0.39 	 0.11
 98469 	  95603 	 0.30 	 0.11
 98469 	 102078 	 0.31 	 0.11
 98469 	 113290 	 0.31 	 0.11
 98469 	 127855 	 0.31 	 0.14
 98469 	 119111 	 0.33 	 0.11
 98469 	  58481 	 0.30 	 0.11
 98469 	 118363 	 0.40 	 0.14
 98469 	 129960 	 0.31 	 0.12
 98469 	 130217 	 0.35 	 0.11
 98469 	 116522 	 0.33 	 0.11
 98469 	 125990 	 0.36 	 0.11
 98469 	 102481 	 0.35 	 0.14
 98469 	 117884 	 0.37 	 0.11
 98469 	 127221 	 0.33 	 0.11
 98469 	 124225 	 0.39 	 0.11
119685 	 113401 	 0.33 	 0.11
119685 	 127533 	 0.38 	 0.11
119685 	 101280 	 0.39 	 0.11
119685 	 103813 	 0.39 	 0.11
119685 	 102078 	 0.35 	 0.11
119685 	 119111 	 0.36 	 0.11
119685 	 130217 	 0.37 	 0.11
119685 	 116522 	 0.32 	 0.11
119685 	 125990 	 0.38 	 0.11
119685 	 117884 	 0.37 	 0.11
128471 	  96511 	 0.35 	 0.18
128471 	  97838 	 0.32 	 0.12
128471 	 106205 	 0.36 	 0.14
128471 	  66388 	 0.32 	 0.11
128471 	 101510 	 0.38 	 0.14
128471 	 118363 	 0.34 	 0.14
128471 	 102383 	 0.39 	 0.14
128471 	 128974 	 0.38 	 0.18
128471 	 116898 	 0.30 	 0.18
 77148 	   5646 	 0.34 	 0.10
 77148 	  69026 	 0.40 	 0.18
 77148 	  74885 	 0.34 	 0.13
 96223 	 100617 	 0.36 	 0.16
 96223 	 113401 	 0.30 	 0.16
 96223 	  94927 	 0.40 	 0.11
 96223 	 100225 	 0.30 	 0.16
 96223 	 130665 	 0.38 	 0.11
 96223 	 110571 	 0.39 	 0.11
 96223 	  99902 	 0.38 	 0.16
 96223 	 130780 	 0.31 	 0.11
 96223 	 102078 	 0.40 	 0.16
 96223 	 122251 	 0.31 	 0.16
 96223 	 116522 	 0.31 	 0.16
 96223 	 128974 	 0.30 	 0.11
 96223 	 122945 	 0.32 	 0.11
 96223 	 117884 	 0.39 	 0.16
 96223 	  99213 	 0.31 	 0.11
 96223 	  98469 	 0.33 	 0.11
 70314 	  63310 	 0.30 	 0.11
 70314 	   3208 	 0.35 	 0.11
115258 	  95603 	 0.39 	 0.11
115258 	  99477 	 0.38 	 0.14
115258 	 101510 	 0.33 	 0.14
115258 	 116522 	 0.35 	 0.11
115258 	 120998 	 0.32 	 0.11
115258 	 124177 	 0.38 	 0.11
115258 	 119717 	 0.36 	 0.11
115258 	  99213 	 0.35 	 0.18
115258 	  96223 	 0.38 	 0.11
 69513 	 127533 	 0.33 	 0.11
 69513 	  91848 	 0.39 	 0.11
 69513 	 101280 	 0.31 	 0.11
 69513 	 130217 	 0.32 	 0.11
 69513 	 125990 	 0.32 	 0.11
 69513 	  75566 	 0.31 	 0.14
 87759 	  77148 	 0.39 	 0.10
126248 	  59539 	 0.31 	 0.11
126248 	 101892 	 0.30 	 0.11
126248 	 120998 	 0.37 	 0.11
120346 	 106567 	 0.31 	 0.11
120346 	  97838 	 0.32 	 0.16
120346 	 127533 	 0.33 	 0.16
120346 	 114621 	 0.30 	 0.16
120346 	 131018 	 0.31 	 0.11
120346 	 101280 	 0.35 	 0.16
120346 	 110268 	 0.39 	 0.11
120346 	 103813 	 0.33 	 0.16
120346 	 101160 	 0.38 	 0.11
120346 	 122840 	 0.30 	 0.11
120346 	 129644 	 0.31 	 0.11
120346 	 124419 	 0.32 	 0.11
120346 	  16479 	 0.33 	 0.16
120346 	 130217 	 0.34 	 0.16
120346 	  97207 	 0.38 	 0.11
120346 	  91880 	 0.32 	 0.11
120346 	 111666 	 0.30 	 0.11
120346 	 125990 	 0.36 	 0.16
120346 	  99159 	 0.38 	 0.11
120346 	 122945 	 0.36 	 0.11
120346 	 119112 	 0.35 	 0.11
120346 	  93866 	 0.37 	 0.16
120346 	 117884 	 0.31 	 0.16
120346 	 124177 	 0.39 	 0.16
120346 	 124225 	 0.31 	 0.16
118432 	 117976 	 0.30 	 0.11
118432 	  96738 	 0.30 	 0.11
118432 	  72459 	 0.32 	 0.13
118432 	 118768 	 0.33 	 0.11
118432 	 117884 	 0.34 	 0.11
118432 	 128471 	 0.38 	 0.18
  2267 	  76155 	 0.31 	 0.16
115465 	 100617 	 0.36 	 0.14
115465 	 126869 	 0.33 	 0.17
115465 	  66388 	 0.33 	 0.12
115465 	 118363 	 0.32 	 0.17
115465 	  94602 	 0.32 	 0.19
107890 	 113027 	 0.31 	 0.11
107890 	 107458 	 0.32 	 0.16
 95790 	 130665 	 0.32 	 0.11
 95790 	 110571 	 0.37 	 0.11
 95790 	 117951 	 0.33 	 0.16
 95790 	 120998 	 0.30 	 0.16
 95790 	 115258 	 0.35 	 0.11
 95350 	  95442 	 0.30 	 0.14
 95350 	 117951 	 0.30 	 0.11
 95350 	 118363 	 0.31 	 0.14
 95350 	 122251 	 0.30 	 0.11
 95350 	 122945 	 0.31 	 0.18
 95350 	   2524 	 0.30 	 0.14
101486 	 118052 	 0.31 	 0.11
101486 	 117976 	 0.38 	 0.11
101486 	 127533 	 0.39 	 0.11
101486 	  96738 	 0.37 	 0.11
101486 	 103813 	 0.39 	 0.11
101486 	  95603 	 0.38 	 0.11
101486 	 102078 	 0.37 	 0.11
101486 	 122251 	 0.37 	 0.11
101486 	 125161 	 0.32 	 0.16
101486 	  16479 	 0.31 	 0.11
101486 	 130217 	 0.39 	 0.11
101486 	 101673 	 0.33 	 0.11
101486 	  93866 	 0.33 	 0.11
101486 	 120346 	 0.39 	 0.11
101486 	  95790 	 0.38 	 0.11
101809 	 100617 	 0.34 	 0.12
101809 	 113401 	 0.34 	 0.11
101809 	 118052 	 0.38 	 0.11
101809 	 110641 	 0.37 	 0.18
101809 	 100225 	 0.31 	 0.11
101809 	  95573 	 0.31 	 0.11
101809 	 127242 	 0.38 	 0.14
101809 	  99902 	 0.32 	 0.12
101809 	 129131 	 0.31 	 0.12
101809 	 101280 	 0.31 	 0.11
101809 	 103813 	 0.36 	 0.11
101809 	 127649 	 0.35 	 0.14
101809 	 101510 	 0.31 	 0.14
101809 	 119111 	 0.31 	 0.11
101809 	 100782 	 0.31 	 0.14
101809 	 128762 	 0.34 	 0.14
101809 	 118768 	 0.38 	 0.11
101809 	 102481 	 0.31 	 0.14
101809 	 110588 	 0.39 	 0.11
101809 	 117884 	 0.37 	 0.11
101809 	 101648 	 0.34 	 0.14
101809 	 127221 	 0.33 	 0.11
101809 	 124177 	 0.37 	 0.11
101809 	 124225 	 0.40 	 0.11
101809 	 120346 	 0.40 	 0.11
 86335 	 117891 	 0.30 	 0.11
 86335 	 117976 	 0.36 	 0.16
 86335 	 127533 	 0.31 	 0.16
 86335 	 101280 	 0.34 	 0.16
 86335 	 101160 	 0.31 	 0.11
 86335 	  63310 	 0.39 	 0.16
 86335 	 102078 	 0.34 	 0.16
 86335 	 119111 	 0.37 	 0.16
 86335 	 129434 	 0.30 	 0.11
 86335 	 130217 	 0.31 	 0.16
 86335 	 125990 	 0.34 	 0.16
 86335 	 118768 	 0.33 	 0.16
 86335 	  99159 	 0.34 	 0.11
 86335 	 122945 	 0.30 	 0.11
 86335 	 101673 	 0.34 	 0.16
 86335 	 120346 	 0.38 	 0.16
 86335 	 101486 	 0.34 	 0.11
 61797 	 117976 	 0.34 	 0.16
 61797 	  95182 	 0.30 	 0.16
 61797 	 101280 	 0.31 	 0.16
 61797 	 102078 	 0.33 	 0.16
 61797 	 119111 	 0.33 	 0.16
 61797 	 122251 	 0.34 	 0.16
 61797 	 125990 	 0.33 	 0.16
 61797 	  99159 	 0.31 	 0.11
 61797 	 101673 	 0.31 	 0.16
 61797 	 120346 	 0.35 	 0.16
 61797 	 101486 	 0.34 	 0.11
 95513 	 106567 	 0.34 	 0.18
 95513 	  94927 	 0.33 	 0.18
 95513 	 110641 	 0.32 	 0.18
 95513 	 100225 	 0.35 	 0.11
 95513 	  95573 	 0.33 	 0.11
 95513 	 127533 	 0.34 	 0.11
 95513 	 110571 	 0.32 	 0.18
 95513 	 126626 	 0.34 	 0.18
 95513 	 101280 	 0.35 	 0.11
 95513 	  95603 	 0.31 	 0.11
 95513 	 130217 	 0.33 	 0.11
 95513 	 116522 	 0.30 	 0.11
 95513 	 125990 	 0.33 	 0.11
 95513 	 122600 	 0.31 	 0.18
 95513 	 127221 	 0.33 	 0.11
 95513 	 124225 	 0.34 	 0.11
 95513 	  99213 	 0.34 	 0.18
 95513 	 128471 	 0.36 	 0.18
 95513 	  96223 	 0.30 	 0.11
 95513 	 101809 	 0.33 	 0.18
117213 	  66388 	 0.35 	 0.19
117213 	  31490 	 0.36 	 0.14
123976 	 109693 	 0.32 	 0.11
123976 	  96738 	 0.40 	 0.16
123976 	  70752 	 0.32 	 0.11
123976 	 114379 	 0.30 	 0.11
123976 	 110268 	 0.31 	 0.11
123976 	 101160 	 0.31 	 0.11
123976 	 102078 	 0.31 	 0.16
123976 	 122840 	 0.33 	 0.11
123976 	 117951 	 0.32 	 0.16
123976 	 105970 	 0.32 	 0.16
123976 	 101892 	 0.31 	 0.16
123976 	 116522 	 0.33 	 0.16
123976 	 128974 	 0.30 	 0.11
123976 	 122945 	 0.39 	 0.11
123976 	  99213 	 0.32 	 0.11
123976 	  98469 	 0.34 	 0.11
123976 	 118432 	 0.33 	 0.11
123976 	 101809 	 0.36 	 0.11
123976 	  95513 	 0.30 	 0.11
 18023 	  31490 	 0.32 	 0.11
 18023 	  93950 	 0.32 	 0.11
 18023 	   2524 	 0.35 	 0.11
 65978 	   9595 	 0.34 	 0.15
 65978 	  65408 	 0.39 	 0.12
 65978 	   2622 	 0.38 	 0.12
129747 	 113401 	 0.35 	 0.16
129747 	  96511 	 0.33 	 0.11
129747 	 117976 	 0.37 	 0.16
129747 	 119680 	 0.33 	 0.11
129747 	 100225 	 0.38 	 0.16
129747 	  95573 	 0.36 	 0.16
129747 	  91848 	 0.32 	 0.16
129747 	 110268 	 0.37 	 0.11
129747 	  95603 	 0.30 	 0.16
129747 	 102078 	 0.39 	 0.16
129747 	 122840 	 0.36 	 0.11
129747 	  85890 	 0.35 	 0.11
129747 	 101892 	 0.34 	 0.16
129747 	 122251 	 0.35 	 0.16
129747 	 116522 	 0.34 	 0.16
129747 	  96012 	 0.31 	 0.11
129747 	  73957 	 0.33 	 0.11
129747 	 118768 	 0.32 	 0.16
129747 	 128974 	 0.37 	 0.11
129747 	 101365 	 0.34 	 0.11
129747 	 101673 	 0.33 	 0.16
129747 	  93866 	 0.31 	 0.16
129747 	 120998 	 0.32 	 0.16
129747 	 127221 	 0.39 	 0.16
129747 	 124177 	 0.34 	 0.16
129747 	 119717 	 0.31 	 0.16
129747 	  99213 	 0.35 	 0.11
129747 	  98469 	 0.39 	 0.11
129747 	  69513 	 0.31 	 0.11
129747 	 120346 	 0.35 	 0.16
129747 	 101809 	 0.32 	 0.11
129747 	  86335 	 0.34 	 0.16
129747 	  61797 	 0.34 	 0.16
129747 	  95513 	 0.36 	 0.11
117950 	 117976 	 0.31 	 0.16
117950 	  95573 	 0.39 	 0.16
117950 	  97838 	 0.34 	 0.16
117950 	 127533 	 0.35 	 0.16
117950 	 131018 	 0.39 	 0.11
117950 	 101280 	 0.35 	 0.16
117950 	 110268 	 0.32 	 0.11
117950 	 103813 	 0.32 	 0.16
117950 	 101160 	 0.34 	 0.11
117950 	  95603 	 0.37 	 0.16
117950 	 130217 	 0.35 	 0.16
117950 	  96012 	 0.39 	 0.11
117950 	 125990 	 0.35 	 0.16
117950 	  99159 	 0.40 	 0.11
117950 	  65192 	 0.31 	 0.14
117950 	 122945 	 0.32 	 0.11
117950 	 101673 	 0.36 	 0.16
117950 	  93866 	 0.32 	 0.16
117950 	  87759 	 0.31 	 0.19
117950 	  86335 	 0.30 	 0.16
117950 	 123976 	 0.37 	 0.16
117950 	 129747 	 0.34 	 0.16
122891 	 102380 	 0.31 	 0.15
122891 	 110641 	 0.34 	 0.12
122891 	 126626 	 0.37 	 0.12
122891 	 100909 	 0.34 	 0.16
122891 	 104295 	 0.36 	 0.16
122891 	  91637 	 0.34 	 0.17
122891 	  36327 	 0.30 	 0.10
122891 	 128762 	 0.31 	 0.16
122891 	 118768 	 0.35 	 0.16
122891 	 101749 	 0.36 	 0.16
122891 	 115220 	 0.34 	 0.16
122891 	 106697 	 0.40 	 0.16
122891 	 128471 	 0.34 	 0.12
122891 	 102995 	 0.36 	 0.16
122891 	 101809 	 0.31 	 0.12
 79171 	  88141 	 0.33 	 0.11
 79171 	  15511 	 0.31 	 0.11
 79171 	  16479 	 0.33 	 0.16
 79171 	  76449 	 0.32 	 0.16
 79171 	   2251 	 0.35 	 0.11
 79171 	  74286 	 0.32 	 0.16
 79171 	  76438 	 0.32 	 0.16
124881 	 113401 	 0.32 	 0.11
124881 	  96511 	 0.33 	 0.18
124881 	 119680 	 0.34 	 0.18
124881 	 100225 	 0.38 	 0.11
124881 	 131018 	 0.36 	 0.18
124881 	 101160 	 0.31 	 0.18
124881 	 102078 	 0.36 	 0.11
124881 	 105970 	 0.31 	 0.11
124881 	 101892 	 0.36 	 0.11
124881 	 107458 	 0.32 	 0.11
126974 	 125052 	 0.39 	 0.13
126974 	 127649 	 0.39 	 0.11
126974 	 130218 	 0.32 	 0.14
126974 	 102481 	 0.38 	 0.11
126974 	  98469 	 0.35 	 0.14
129421 	 128397 	 0.33 	 0.14
129421 	 107934 	 0.33 	 0.11
129421 	 124999 	 0.35 	 0.16
129421 	 103813 	 0.31 	 0.11
129421 	 102078 	 0.34 	 0.11
129421 	 129134 	 0.34 	 0.18
129421 	 119111 	 0.30 	 0.11
129421 	 101892 	 0.32 	 0.11
129421 	 115173 	 0.35 	 0.11
129421 	 120998 	 0.30 	 0.11
129421 	 110588 	 0.33 	 0.11
129421 	 117884 	 0.31 	 0.11
129421 	 127221 	 0.33 	 0.11
129421 	 124225 	 0.36 	 0.11
113610 	 119680 	 0.37 	 0.18
113610 	 101892 	 0.31 	 0.11
113610 	 116522 	 0.35 	 0.11
113610 	  96012 	 0.40 	 0.18
113610 	 118768 	 0.32 	 0.11
113610 	 119617 	 0.36 	 0.18
113610 	 120998 	 0.33 	 0.11
103091 	 117976 	 0.37 	 0.11
103091 	  90154 	 0.30 	 0.15
103091 	  95573 	 0.38 	 0.11
103091 	 127533 	 0.39 	 0.11
103091 	  91848 	 0.33 	 0.11
103091 	 126626 	 0.37 	 0.18
103091 	 101280 	 0.39 	 0.11
103091 	 103813 	 0.35 	 0.11
103091 	  95603 	 0.35 	 0.11
103091 	 130217 	 0.40 	 0.11
103091 	 125990 	 0.39 	 0.11
103091 	 118768 	 0.30 	 0.11
103091 	 101673 	 0.33 	 0.11
103091 	  93866 	 0.38 	 0.11
103091 	 128471 	 0.30 	 0.18
103091 	 123976 	 0.38 	 0.11
103091 	 129747 	 0.39 	 0.11
 67993 	  90154 	 0.38 	 0.18
 67993 	   5646 	 0.32 	 0.10
 67993 	  69026 	 0.34 	 0.18
 67993 	  74885 	 0.36 	 0.13
 98991 	 128397 	 0.35 	 0.11
 98991 	  80076 	 0.34 	 0.11
 98991 	 125052 	 0.33 	 0.13
 98991 	 124999 	 0.31 	 0.13
 98991 	 125161 	 0.34 	 0.12
110898 	 113401 	 0.34 	 0.16
110898 	  96511 	 0.34 	 0.11
110898 	 117976 	 0.30 	 0.16
110898 	 119680 	 0.34 	 0.11
110898 	  95573 	 0.37 	 0.16
110898 	 106302 	 0.39 	 0.11
110898 	 109693 	 0.30 	 0.11
110898 	 131018 	 0.31 	 0.11
110898 	 110268 	 0.33 	 0.11
110898 	 101160 	 0.36 	 0.11
110898 	  95603 	 0.31 	 0.16
110898 	 102078 	 0.38 	 0.16
110898 	 119111 	 0.38 	 0.16
110898 	 101544 	 0.36 	 0.16
110898 	 101892 	 0.36 	 0.16
110898 	 116522 	 0.35 	 0.16
110898 	  96012 	 0.32 	 0.11
110898 	  73957 	 0.31 	 0.11
110898 	 118768 	 0.32 	 0.16
110898 	 101365 	 0.34 	 0.11
110898 	 120998 	 0.33 	 0.16
110898 	  95781 	 0.40 	 0.11
110898 	 124177 	 0.36 	 0.16
110898 	 119717 	 0.30 	 0.16
110898 	  99213 	 0.35 	 0.11
110898 	 101486 	 0.35 	 0.11
110898 	 101809 	 0.37 	 0.11
110898 	 129421 	 0.30 	 0.11
110898 	 103091 	 0.32 	 0.11
 61753 	   5646 	 0.31 	 0.12
 58883 	  63310 	 0.37 	 0.11
 58883 	   3208 	 0.39 	 0.11
110974 	 113401 	 0.35 	 0.16
110974 	 118052 	 0.34 	 0.16
110974 	  96511 	 0.36 	 0.11
110974 	 117976 	 0.37 	 0.16
110974 	 119680 	 0.35 	 0.11
110974 	 100225 	 0.38 	 0.16
110974 	  95573 	 0.34 	 0.16
110974 	 109693 	 0.35 	 0.11
110974 	  88333 	 0.30 	 0.11
110974 	  70752 	 0.33 	 0.11
110974 	 130780 	 0.35 	 0.11
110974 	 131018 	 0.30 	 0.11
110974 	 110268 	 0.35 	 0.11
110974 	 101160 	 0.39 	 0.11
110974 	  95603 	 0.32 	 0.16
110974 	 122840 	 0.32 	 0.11
110974 	 105970 	 0.34 	 0.16
110974 	 131017 	 0.36 	 0.11
110974 	 101544 	 0.33 	 0.16
110974 	 101892 	 0.37 	 0.16
110974 	 122251 	 0.38 	 0.16
110974 	 116522 	 0.35 	 0.16
110974 	  96012 	 0.30 	 0.11
110974 	 118768 	 0.37 	 0.16
110974 	 101365 	 0.33 	 0.11
110974 	 107458 	 0.30 	 0.16
110974 	 101673 	 0.30 	 0.16
110974 	 120998 	 0.35 	 0.16
110974 	  99213 	 0.37 	 0.11
110974 	 120346 	 0.34 	 0.16
110974 	 101486 	 0.33 	 0.11
110974 	 101809 	 0.40 	 0.11
110974 	 129421 	 0.32 	 0.11
123022 	 110641 	 0.35 	 0.14
123022 	  80076 	 0.31 	 0.11
123022 	 126626 	 0.36 	 0.14
123022 	  62268 	 0.32 	 0.16
123022 	 128471 	 0.35 	 0.14
118234 	  99902 	 0.34 	 0.16
118234 	  65192 	 0.32 	 0.14
118234 	 122891 	 0.31 	 0.16
115883 	  92014 	 0.32 	 0.11
115883 	 100782 	 0.31 	 0.11
115883 	 101463 	 0.31 	 0.11
115883 	 101648 	 0.31 	 0.11
115883 	  98469 	 0.33 	 0.14
115883 	 101809 	 0.33 	 0.14
103973 	  92014 	 0.31 	 0.11
103973 	  66388 	 0.32 	 0.15
 52250 	 109693 	 0.31 	 0.10
 52250 	 127855 	 0.34 	 0.18
 52250 	   4363 	 0.39 	 0.18
 52250 	 129960 	 0.35 	 0.10
 52250 	  85972 	 0.31 	 0.10
 52250 	  36327 	 0.31 	 0.13
 52250 	   2524 	 0.35 	 0.18
 52250 	 103091 	 0.32 	 0.10
121157 	 110641 	 0.40 	 0.18
121157 	 100225 	 0.40 	 0.11
121157 	 111407 	 0.33 	 0.11
121157 	  67362 	 0.32 	 0.11
121157 	 115173 	 0.35 	 0.11
121157 	 124225 	 0.32 	 0.11
121157 	 107890 	 0.31 	 0.11
 31394 	  63310 	 0.35 	 0.11
 31394 	  67672 	 0.36 	 0.12
123045 	 109693 	 0.32 	 0.14
123045 	  72459 	 0.31 	 0.16
123045 	 118363 	 0.32 	 0.11
123045 	  91637 	 0.31 	 0.15
123045 	  75566 	 0.31 	 0.11
  7303 	   7012 	 0.31 	 0.10
  7303 	 105815 	 0.40 	 0.10
 92509 	  99159 	 0.32 	 0.11
 92509 	 123976 	 0.32 	 0.16
113681 	 102380 	 0.31 	 0.18
113681 	 131018 	 0.34 	 0.14
 75661 	   2986 	 0.32 	 0.16
 75661 	 101160 	 0.33 	 0.12
 75661 	  95442 	 0.31 	 0.16
 75661 	 122840 	 0.33 	 0.12
 75661 	  53106 	 0.32 	 0.16
 75661 	  85142 	 0.35 	 0.16
 75661 	  28201 	 0.39 	 0.16
 75661 	    514 	 0.33 	 0.16
100172 	 118052 	 0.31 	 0.11
100172 	 127533 	 0.37 	 0.11
100172 	 101280 	 0.40 	 0.11
100172 	 103813 	 0.36 	 0.11
100172 	 117951 	 0.31 	 0.11
100172 	 122251 	 0.38 	 0.11
100172 	 125161 	 0.31 	 0.16
100172 	  16479 	 0.30 	 0.11
100172 	 130217 	 0.37 	 0.11
100172 	 125990 	 0.39 	 0.11
100172 	 101673 	 0.36 	 0.11
100172 	  93866 	 0.35 	 0.11
100172 	 117884 	 0.34 	 0.11
100172 	  86335 	 0.36 	 0.11
100172 	  61797 	 0.31 	 0.11
100172 	 129747 	 0.40 	 0.11
100172 	 117950 	 0.35 	 0.11
100172 	 110898 	 0.33 	 0.11
100172 	 110974 	 0.36 	 0.11
108160 	 102380 	 0.36 	 0.18
108160 	 102481 	 0.31 	 0.11
108160 	  98991 	 0.30 	 0.11
 77586 	  70752 	 0.30 	 0.18
 77586 	 127649 	 0.31 	 0.14
128300 	  97838 	 0.36 	 0.16
128300 	  66388 	 0.32 	 0.15
128300 	 122891 	 0.38 	 0.16
101850 	 106567 	 0.35 	 0.11
101850 	 102380 	 0.30 	 0.18
101850 	 130665 	 0.33 	 0.11
101850 	 127533 	 0.37 	 0.16
101850 	 110571 	 0.31 	 0.11
101850 	 107934 	 0.30 	 0.16
101850 	 131018 	 0.35 	 0.11
101850 	 101280 	 0.39 	 0.16
101850 	 110268 	 0.38 	 0.11
101850 	 103813 	 0.38 	 0.16
101850 	 101160 	 0.36 	 0.11
101850 	  85890 	 0.39 	 0.11
101850 	 129644 	 0.36 	 0.11
101850 	 115173 	 0.33 	 0.16
101850 	 128492 	 0.39 	 0.11
101850 	  16479 	 0.32 	 0.16
101850 	 130217 	 0.38 	 0.16
101850 	  97207 	 0.37 	 0.11
101850 	 111666 	 0.35 	 0.11
101850 	 125990 	 0.40 	 0.16
101850 	 110588 	 0.33 	 0.16
101850 	 122600 	 0.35 	 0.11
101850 	 117884 	 0.38 	 0.16
101850 	 127221 	 0.31 	 0.16
101850 	 124177 	 0.38 	 0.16
101850 	  95409 	 0.31 	 0.11
101850 	 124225 	 0.36 	 0.16
101850 	  99213 	 0.36 	 0.11
101850 	 126248 	 0.33 	 0.11
101850 	 118432 	 0.38 	 0.11
101850 	  86335 	 0.35 	 0.16
101850 	  61797 	 0.34 	 0.16
101850 	 123976 	 0.30 	 0.16
101850 	 129747 	 0.39 	 0.16
101850 	 117950 	 0.36 	 0.16
101850 	 129421 	 0.35 	 0.11
101850 	 113610 	 0.34 	 0.11
101850 	 103091 	 0.38 	 0.11
101850 	 110898 	 0.35 	 0.16
101850 	 110974 	 0.39 	 0.16
 91740 	 127533 	 0.37 	 0.11
 91740 	 101280 	 0.38 	 0.11
 91740 	 103813 	 0.33 	 0.11
 91740 	 101544 	 0.30 	 0.11
 91740 	 115173 	 0.35 	 0.11
 91740 	 130217 	 0.37 	 0.11
 91740 	 125990 	 0.36 	 0.11
 91740 	 101673 	 0.32 	 0.11
 91740 	 110588 	 0.39 	 0.11
 91740 	 127221 	 0.32 	 0.11
 91740 	 124177 	 0.31 	 0.11
 91740 	 124225 	 0.39 	 0.11
 91740 	 120346 	 0.30 	 0.11
 91740 	 129747 	 0.37 	 0.11
 91740 	 117950 	 0.36 	 0.11
 91740 	 110898 	 0.31 	 0.11
 91740 	 110974 	 0.31 	 0.11
 59944 	  63310 	 0.38 	 0.11
 59944 	  75641 	 0.32 	 0.13
 80885 	   3208 	 0.36 	 0.11
 70788 	  77153 	 0.32 	 0.10
 70788 	  69633 	 0.30 	 0.17
 70788 	  77148 	 0.34 	 0.12
 70788 	  65978 	 0.39 	 0.10
103733 	 100617 	 0.38 	 0.16
103733 	 117976 	 0.35 	 0.16
103733 	 100225 	 0.31 	 0.16
103733 	 130665 	 0.36 	 0.11
103733 	 127533 	 0.36 	 0.16
103733 	 110571 	 0.38 	 0.11
103733 	  99902 	 0.38 	 0.16
103733 	 101280 	 0.38 	 0.16
103733 	 110268 	 0.39 	 0.11
103733 	 102078 	 0.32 	 0.16
103733 	 122840 	 0.36 	 0.11
103733 	 131017 	 0.30 	 0.11
103733 	 127451 	 0.34 	 0.11
103733 	 130218 	 0.30 	 0.11
103733 	  85972 	 0.32 	 0.11
103733 	 130217 	 0.36 	 0.16
103733 	  97207 	 0.33 	 0.11
103733 	 116522 	 0.32 	 0.16
103733 	 125990 	 0.37 	 0.16
103733 	 129208 	 0.37 	 0.11
103733 	 118768 	 0.31 	 0.16
103733 	 101365 	 0.32 	 0.11
103733 	 122945 	 0.39 	 0.11
103733 	 107489 	 0.31 	 0.16
103733 	 117884 	 0.38 	 0.16
103733 	  99213 	 0.35 	 0.11
103733 	  98469 	 0.32 	 0.11
103733 	 115258 	 0.38 	 0.11
103733 	 120346 	 0.35 	 0.16
103733 	 101809 	 0.32 	 0.11
103733 	 129747 	 0.39 	 0.16
103733 	 110898 	 0.38 	 0.16
103733 	 101850 	 0.34 	 0.16
103733 	  91740 	 0.37 	 0.11
 74664 	  79171 	 0.32 	 0.16
106244 	 113401 	 0.30 	 0.11
106244 	 100225 	 0.32 	 0.11
106244 	 127533 	 0.38 	 0.11
106244 	  99902 	 0.37 	 0.12
106244 	 101280 	 0.39 	 0.11
106244 	 103813 	 0.40 	 0.11
106244 	 102078 	 0.37 	 0.11
106244 	 119111 	 0.38 	 0.11
106244 	 101892 	 0.33 	 0.11
106244 	   2911 	 0.30 	 0.16
106244 	 130217 	 0.36 	 0.11
106244 	 116522 	 0.33 	 0.11
106244 	 125990 	 0.38 	 0.11
106244 	  98252 	 0.35 	 0.14
106244 	  99159 	 0.37 	 0.18
106244 	 102481 	 0.36 	 0.14
106244 	 117884 	 0.39 	 0.11
100737 	 100617 	 0.34 	 0.12
100737 	 113401 	 0.34 	 0.11
100737 	 118052 	 0.38 	 0.11
100737 	 110641 	 0.37 	 0.18
100737 	 100225 	 0.31 	 0.11
100737 	  95573 	 0.31 	 0.11
100737 	 127242 	 0.38 	 0.14
100737 	  99902 	 0.32 	 0.12
100737 	 129131 	 0.31 	 0.12
100737 	 101280 	 0.31 	 0.11
100737 	 103813 	 0.36 	 0.11
100737 	 127649 	 0.35 	 0.14
100737 	 101510 	 0.31 	 0.14
100737 	 119111 	 0.31 	 0.11
100737 	 100782 	 0.31 	 0.14
100737 	 128762 	 0.34 	 0.14
100737 	 118768 	 0.38 	 0.11
100737 	 102481 	 0.31 	 0.14
100737 	 110588 	 0.39 	 0.11
100737 	 117884 	 0.37 	 0.11
100737 	 101648 	 0.34 	 0.14
100737 	 127221 	 0.33 	 0.11
100737 	 124177 	 0.37 	 0.11
100737 	 124225 	 0.40 	 0.11
100737 	 120346 	 0.40 	 0.11
100737 	 123976 	 0.36 	 0.11
100737 	 129747 	 0.32 	 0.11
100737 	 122891 	 0.31 	 0.12
100737 	 110898 	 0.37 	 0.11
100737 	 110974 	 0.40 	 0.11
100737 	 115883 	 0.33 	 0.14
100737 	 103733 	 0.32 	 0.11
108765 	 100617 	 0.39 	 0.16
108765 	 101486 	 0.30 	 0.11
108765 	 122891 	 0.31 	 0.16
119270 	 113401 	 0.33 	 0.11
119270 	 118052 	 0.37 	 0.11
119270 	 110641 	 0.30 	 0.18
119270 	  66388 	 0.34 	 0.19
119270 	 103813 	 0.32 	 0.11
119270 	  95603 	 0.33 	 0.11
119270 	 102078 	 0.34 	 0.11
119270 	 119111 	 0.32 	 0.11
119270 	 126216 	 0.38 	 0.18
119270 	 115173 	 0.33 	 0.11
119270 	 118768 	 0.33 	 0.11
119270 	 110588 	 0.32 	 0.11
119270 	 117884 	 0.32 	 0.11
119270 	 127221 	 0.30 	 0.11
119270 	 124225 	 0.31 	 0.11
119270 	  96223 	 0.31 	 0.11
119270 	 123976 	 0.31 	 0.11
119270 	 110898 	 0.33 	 0.11
119270 	 110974 	 0.36 	 0.11
126646 	 113401 	 0.35 	 0.11
126646 	  59539 	 0.30 	 0.11
126646 	 118052 	 0.32 	 0.11
126646 	 117976 	 0.36 	 0.11
126646 	 100225 	 0.36 	 0.11
126646 	  95573 	 0.33 	 0.11
126646 	 107934 	 0.34 	 0.11
126646 	  85890 	 0.31 	 0.18
126646 	 101892 	 0.35 	 0.11
126646 	 116522 	 0.33 	 0.11
126646 	 118768 	 0.37 	 0.11
126646 	  65192 	 0.32 	 0.18
126646 	 107458 	 0.35 	 0.11
126646 	 101673 	 0.31 	 0.11
126646 	  93866 	 0.31 	 0.11
126646 	  74885 	 0.33 	 0.11
126646 	  86335 	 0.31 	 0.11
108254 	 106567 	 0.38 	 0.11
108254 	 100617 	 0.30 	 0.16
108254 	  94927 	 0.33 	 0.11
108254 	 117891 	 0.34 	 0.11
108254 	 100225 	 0.34 	 0.16
108254 	 130665 	 0.31 	 0.11
108254 	 127533 	 0.33 	 0.16
108254 	 130780 	 0.30 	 0.11
108254 	 107934 	 0.31 	 0.16
108254 	 101280 	 0.37 	 0.16
108254 	 103813 	 0.37 	 0.16
108254 	 102078 	 0.35 	 0.16
108254 	 131017 	 0.33 	 0.11
108254 	 129644 	 0.36 	 0.11
108254 	 101544 	 0.30 	 0.16
108254 	 105815 	 0.31 	 0.16
108254 	 101892 	 0.35 	 0.16
108254 	 129434 	 0.36 	 0.11
108254 	 115173 	 0.35 	 0.16
108254 	 128492 	 0.33 	 0.11
108254 	 130217 	 0.33 	 0.16
108254 	 125839 	 0.32 	 0.11
108254 	 109370 	 0.32 	 0.11
108254 	 116522 	 0.31 	 0.16
108254 	 114673 	 0.33 	 0.16
108254 	 111666 	 0.37 	 0.11
108254 	 125990 	 0.35 	 0.16
108254 	 101365 	 0.36 	 0.11
108254 	 110588 	 0.34 	 0.16
108254 	 122600 	 0.34 	 0.11
108254 	 124477 	 0.34 	 0.11
108254 	  95409 	 0.35 	 0.11
108254 	 124225 	 0.36 	 0.16
108254 	  99213 	 0.33 	 0.11
108254 	  98469 	 0.37 	 0.11
108254 	 101486 	 0.32 	 0.11
108254 	 101809 	 0.30 	 0.11
108254 	  61797 	 0.33 	 0.16
108254 	 129747 	 0.37 	 0.16
108254 	 124881 	 0.32 	 0.11
108254 	 110898 	 0.34 	 0.16
108254 	 110974 	 0.36 	 0.16
108254 	 100172 	 0.33 	 0.11
108254 	  91740 	 0.31 	 0.11
108254 	 100737 	 0.30 	 0.11
108254 	 126646 	 0.36 	 0.11
103038 	 113401 	 0.31 	 0.16
103038 	  96511 	 0.36 	 0.11
103038 	 119680 	 0.36 	 0.11
103038 	 100225 	 0.37 	 0.16
103038 	  95573 	 0.36 	 0.16
103038 	 127533 	 0.39 	 0.16
103038 	 109693 	 0.31 	 0.11
103038 	  70752 	 0.36 	 0.11
103038 	 131018 	 0.37 	 0.11
103038 	 105970 	 0.31 	 0.16
103038 	 131017 	 0.39 	 0.11
103038 	 119111 	 0.31 	 0.16
103038 	 126216 	 0.30 	 0.11
103038 	 130217 	 0.38 	 0.16
103038 	  97207 	 0.30 	 0.11
103038 	 116522 	 0.34 	 0.16
103038 	  96012 	 0.32 	 0.11
103038 	 125990 	 0.40 	 0.16
103038 	 118768 	 0.37 	 0.16
103038 	 101365 	 0.31 	 0.11
103038 	  99159 	 0.37 	 0.11
103038 	 122945 	 0.32 	 0.11
103038 	 120998 	 0.35 	 0.16
103038 	 101850 	 0.35 	 0.16
126048 	 113401 	 0.33 	 0.11
126048 	 118052 	 0.30 	 0.11
126048 	 100225 	 0.38 	 0.11
126048 	 107934 	 0.35 	 0.11
126048 	 131018 	 0.35 	 0.18
126048 	 102078 	 0.36 	 0.11
126048 	 105970 	 0.39 	 0.11
126048 	 101892 	 0.35 	 0.11
126048 	 116522 	 0.39 	 0.11
126048 	 107458 	 0.33 	 0.11
 99548 	 128397 	 0.34 	 0.14
 99548 	 125052 	 0.32 	 0.16
 99548 	 124999 	 0.31 	 0.16
 99548 	   7012 	 0.35 	 0.11
 99548 	  72459 	 0.37 	 0.13
 99548 	 125161 	 0.33 	 0.16
 86131 	  95182 	 0.39 	 0.11
126574 	  96738 	 0.36 	 0.11
126574 	  94332 	 0.30 	 0.11
126574 	 117951 	 0.31 	 0.11
126574 	  99159 	 0.32 	 0.18
126574 	 120998 	 0.30 	 0.11
126574 	 129747 	 0.31 	 0.11
126574 	 113610 	 0.37 	 0.18
 66058 	  91848 	 0.34 	 0.11
 66058 	  36327 	 0.31 	 0.10
 66058 	  94005 	 0.30 	 0.11
 66058 	  66563 	 0.36 	 0.11
127707 	 113401 	 0.34 	 0.11
127707 	 117976 	 0.31 	 0.11
127707 	 100225 	 0.38 	 0.11
127707 	  95573 	 0.34 	 0.11
127707 	  96738 	 0.31 	 0.11
127707 	  95603 	 0.31 	 0.11
127707 	  31490 	 0.31 	 0.14
127707 	 101892 	 0.31 	 0.11
127707 	 118768 	 0.34 	 0.11
127707 	 127221 	 0.40 	 0.11
127707 	 124177 	 0.34 	 0.11
127707 	  96223 	 0.40 	 0.11
127707 	 101850 	 0.33 	 0.11
127707 	 103733 	 0.37 	 0.11
 94837 	 129960 	 0.36 	 0.16
 94837 	 117213 	 0.32 	 0.16
126274 	  80076 	 0.32 	 0.11
126274 	  85402 	 0.30 	 0.11
126274 	 101160 	 0.37 	 0.14
126274 	 127649 	 0.32 	 0.11
126274 	 122840 	 0.34 	 0.14
126274 	  99213 	 0.35 	 0.14
126274 	  98469 	 0.40 	 0.14
126274 	 126974 	 0.34 	 0.11
126274 	 123045 	 0.38 	 0.11
124069 	 113401 	 0.31 	 0.11
124069 	  96511 	 0.34 	 0.18
124069 	 119680 	 0.35 	 0.18
124069 	 100225 	 0.36 	 0.11
124069 	 106205 	 0.38 	 0.14
124069 	 119111 	 0.31 	 0.11
124069 	 101892 	 0.33 	 0.11
124069 	  96012 	 0.32 	 0.18
124069 	 107458 	 0.30 	 0.11
124069 	 120998 	 0.39 	 0.11
124069 	 120346 	 0.39 	 0.11
124069 	 108254 	 0.32 	 0.11
119890 	 107934 	 0.31 	 0.16
119890 	 131017 	 0.31 	 0.11
119890 	  58481 	 0.33 	 0.16
119890 	 101365 	 0.30 	 0.11
119890 	  93866 	 0.31 	 0.16
119890 	   7303 	 0.35 	 0.10
 41611 	  79171 	 0.32 	 0.16
127382 	 125052 	 0.40 	 0.16
127382 	 124999 	 0.36 	 0.16
127382 	   7012 	 0.39 	 0.11
127382 	  31490 	 0.32 	 0.14
127382 	 118768 	 0.30 	 0.11
127382 	 110588 	 0.32 	 0.11
127382 	 127221 	 0.33 	 0.11
127382 	 124177 	 0.39 	 0.11
127382 	 100142 	 0.34 	 0.11
127382 	 124225 	 0.30 	 0.11
127382 	 120346 	 0.34 	 0.11
127382 	 101850 	 0.32 	 0.11
127382 	 103733 	 0.37 	 0.11
127382 	 103038 	 0.30 	 0.11
 60615 	   5646 	 0.30 	 0.12
 60615 	  31490 	 0.32 	 0.14
 60615 	 102503 	 0.31 	 0.16
 60615 	  99477 	 0.31 	 0.16
 60615 	  99455 	 0.32 	 0.16
 60615 	 102481 	 0.34 	 0.16
 60615 	  77148 	 0.32 	 0.17
 60615 	 118234 	 0.31 	 0.16
103084 	 122891 	 0.39 	 0.16
130419 	  66388 	 0.35 	 0.12
130419 	 101463 	 0.35 	 0.16
 68575 	  39079 	 0.32 	 0.18
 68575 	  75566 	 0.30 	 0.14
 68575 	 124477 	 0.32 	 0.18
 68575 	 103733 	 0.30 	 0.11
117924 	 106567 	 0.32 	 0.11
117924 	 117976 	 0.33 	 0.16
117924 	 100225 	 0.30 	 0.16
117924 	 106302 	 0.31 	 0.11
117924 	 127533 	 0.31 	 0.16
117924 	 101280 	 0.35 	 0.16
117924 	 103813 	 0.34 	 0.16
117924 	 129644 	 0.31 	 0.11
117924 	 101892 	 0.35 	 0.16
117924 	 115173 	 0.33 	 0.16
117924 	 130217 	 0.31 	 0.16
117924 	 111666 	 0.31 	 0.11
117924 	 125990 	 0.37 	 0.16
117924 	 101365 	 0.31 	 0.11
117924 	  99159 	 0.33 	 0.11
117924 	 122945 	 0.30 	 0.11
117924 	 110588 	 0.31 	 0.16
117924 	 117884 	 0.32 	 0.16
117924 	 124225 	 0.32 	 0.16
117924 	  99213 	 0.35 	 0.11
117924 	  98469 	 0.36 	 0.11
117924 	  95350 	 0.31 	 0.11
117924 	 101486 	 0.35 	 0.11
117924 	 101809 	 0.33 	 0.11
117924 	  61797 	 0.31 	 0.16
117924 	 129747 	 0.36 	 0.16
117924 	 110898 	 0.34 	 0.16
117924 	 110974 	 0.36 	 0.16
117924 	 106244 	 0.30 	 0.11
117924 	 100737 	 0.33 	 0.11
117924 	 119270 	 0.31 	 0.11
117924 	 108254 	 0.39 	 0.16
117924 	 126048 	 0.32 	 0.11
117924 	 124069 	 0.31 	 0.11
 62617 	  79171 	 0.33 	 0.16
128707 	 100225 	 0.38 	 0.11
128707 	  95573 	 0.36 	 0.11
128707 	  96738 	 0.32 	 0.11
128707 	 125052 	 0.37 	 0.16
128707 	 124999 	 0.34 	 0.16
128707 	  95603 	 0.34 	 0.11
128707 	   7012 	 0.33 	 0.11
128707 	 129859 	 0.33 	 0.16
128707 	 127451 	 0.37 	 0.18
128707 	 101544 	 0.33 	 0.11
128707 	 117884 	 0.36 	 0.11
128707 	 119717 	 0.35 	 0.11
128707 	  95790 	 0.36 	 0.11
128707 	 123976 	 0.32 	 0.11
128707 	 117950 	 0.37 	 0.11
128707 	 118234 	 0.36 	 0.11
128707 	  92509 	 0.30 	 0.11
126992 	 102278 	 0.35 	 0.11
126992 	  31490 	 0.32 	 0.11
126992 	  94602 	 0.33 	 0.12
 96495 	 106567 	 0.35 	 0.11
 96495 	  94927 	 0.38 	 0.11
 96495 	 117891 	 0.33 	 0.11
 96495 	 130665 	 0.36 	 0.11
 96495 	 110571 	 0.39 	 0.11
 96495 	  99902 	 0.32 	 0.16
 96495 	  96738 	 0.37 	 0.16
 96495 	 103813 	 0.32 	 0.16
 96495 	 117951 	 0.32 	 0.16
 96495 	 129434 	 0.32 	 0.11
 96495 	 115173 	 0.35 	 0.16
 96495 	 128492 	 0.33 	 0.11
 96495 	  97207 	 0.32 	 0.11
 96495 	 118768 	 0.33 	 0.16
 96495 	 120998 	 0.35 	 0.16
 96495 	 110588 	 0.33 	 0.16
 96495 	 122600 	 0.33 	 0.11
 96495 	 115258 	 0.39 	 0.11
 96495 	 120346 	 0.33 	 0.16
 96495 	 101486 	 0.36 	 0.11
 96495 	 101809 	 0.34 	 0.11
 96495 	 117950 	 0.38 	 0.16
 96495 	 103091 	 0.37 	 0.11
 96495 	 110898 	 0.32 	 0.16
 96495 	 110974 	 0.32 	 0.16
 96495 	 101850 	 0.32 	 0.16
 96495 	 100737 	 0.34 	 0.11
 96495 	 126646 	 0.33 	 0.11
 96495 	 103038 	 0.37 	 0.16
 96495 	 127707 	 0.31 	 0.11
 96495 	 127382 	 0.32 	 0.11
 96495 	 128707 	 0.33 	 0.11
 51984 	  58416 	 0.31 	 0.16
 51984 	  98991 	 0.31 	 0.11
 51984 	  77586 	 0.30 	 0.14
105872 	 107489 	 0.31 	 0.16
101248 	 117976 	 0.35 	 0.11
101248 	  90154 	 0.32 	 0.15
101248 	 125990 	 0.30 	 0.11
101248 	 101850 	 0.31 	 0.11
124765 	 101486 	 0.32 	 0.11
124765 	 122891 	 0.40 	 0.16
 95929 	  96511 	 0.32 	 0.11
 95929 	 100225 	 0.35 	 0.16
 95929 	  95573 	 0.33 	 0.16
 95929 	 106302 	 0.31 	 0.11
 95929 	 127533 	 0.34 	 0.16
 95929 	 101280 	 0.36 	 0.16
 95929 	  95603 	 0.31 	 0.16
 95929 	 130218 	 0.32 	 0.11
 95929 	 129644 	 0.33 	 0.11
 95929 	 124419 	 0.31 	 0.11
 95929 	 130217 	 0.33 	 0.16
 95929 	 125839 	 0.34 	 0.11
 95929 	  96012 	 0.31 	 0.11
 95929 	 111666 	 0.34 	 0.11
 95929 	 125990 	 0.33 	 0.16
 95929 	 124477 	 0.34 	 0.11
 95929 	 127221 	 0.34 	 0.16
 95929 	  95781 	 0.30 	 0.11
 95929 	  95409 	 0.34 	 0.11
 95929 	 124225 	 0.34 	 0.16
 95929 	 119685 	 0.32 	 0.11
 95929 	  96223 	 0.30 	 0.16
 95929 	 126248 	 0.31 	 0.11
 95929 	 123976 	 0.30 	 0.16
 95929 	 129747 	 0.36 	 0.16
 95929 	 124881 	 0.32 	 0.11
 95929 	 113610 	 0.31 	 0.11
 95929 	 106244 	 0.31 	 0.11
 95929 	 126048 	 0.32 	 0.11
 95929 	 124069 	 0.31 	 0.11
 97187 	  92014 	 0.34 	 0.11
 97187 	  70752 	 0.31 	 0.14
 97187 	 126721 	 0.31 	 0.16
 97187 	 126216 	 0.38 	 0.14
 97187 	 115883 	 0.30 	 0.11
 90122 	  67846 	 0.32 	 0.14
 66016 	 117976 	 0.31 	 0.16
 66016 	 130780 	 0.40 	 0.11
 66016 	 131017 	 0.34 	 0.11
 66016 	 127451 	 0.34 	 0.11
 66016 	 130218 	 0.33 	 0.11
 66016 	 109370 	 0.32 	 0.11
 66016 	  93866 	 0.34 	 0.16
 66016 	 120998 	 0.30 	 0.16
 66016 	 110588 	 0.33 	 0.16
 66016 	   7303 	 0.30 	 0.10
 66016 	  91740 	 0.33 	 0.11
 66016 	 127382 	 0.36 	 0.11
 66016 	 128707 	 0.33 	 0.11
102704 	  65192 	 0.32 	 0.14
102704 	  60615 	 0.30 	 0.16
131601 	 118768 	 0.33 	 0.16
111569 	  97838 	 0.33 	 0.16
111569 	 122891 	 0.31 	 0.16
101342 	  92014 	 0.33 	 0.11
101342 	  66388 	 0.30 	 0.15
101342 	  70752 	 0.31 	 0.14
101342 	 126721 	 0.32 	 0.16
101342 	 129960 	 0.39 	 0.16
101342 	 115883 	 0.30 	 0.11
 68241 	  99902 	 0.31 	 0.19
124365 	 113401 	 0.30 	 0.11
124365 	 118052 	 0.30 	 0.11
124365 	 117976 	 0.38 	 0.11
124365 	 110641 	 0.36 	 0.18
124365 	  95573 	 0.38 	 0.11
124365 	 127533 	 0.40 	 0.11
124365 	  95603 	 0.33 	 0.11
124365 	 115173 	 0.34 	 0.11
124365 	 122251 	 0.33 	 0.11
124365 	 130217 	 0.39 	 0.11
124365 	 116522 	 0.31 	 0.11
124365 	 118768 	 0.37 	 0.11
124365 	 101673 	 0.33 	 0.11
124365 	 110588 	 0.34 	 0.11
124365 	 119717 	 0.35 	 0.11
124365 	 124225 	 0.35 	 0.11
124365 	 128471 	 0.39 	 0.18
124365 	  96223 	 0.30 	 0.11
124365 	 120346 	 0.36 	 0.11
124365 	  86335 	 0.33 	 0.11
124365 	  61797 	 0.34 	 0.11
124365 	 123976 	 0.36 	 0.11
124365 	 108254 	 0.36 	 0.11
124365 	 103038 	 0.33 	 0.11
124365 	 117924 	 0.34 	 0.11
124365 	  96495 	 0.31 	 0.11
124365 	  95929 	 0.30 	 0.11
 97422 	 100617 	 0.34 	 0.12
 97422 	 110641 	 0.39 	 0.18
 97422 	  95573 	 0.34 	 0.11
 97422 	 127533 	 0.34 	 0.11
 97422 	  99902 	 0.32 	 0.12
 97422 	 129131 	 0.31 	 0.12
 97422 	 101280 	 0.37 	 0.11
 97422 	 103813 	 0.39 	 0.11
 97422 	 102078 	 0.32 	 0.11
 97422 	 101510 	 0.39 	 0.14
 97422 	 119111 	 0.35 	 0.11
 97422 	 118363 	 0.36 	 0.14
 97422 	 130217 	 0.34 	 0.11
 97422 	 116522 	 0.31 	 0.11
 97422 	 125990 	 0.34 	 0.11
 97422 	 102481 	 0.32 	 0.14
 97422 	 110588 	 0.40 	 0.11
 97422 	 117884 	 0.35 	 0.11
 97422 	 127221 	 0.32 	 0.11
 97422 	 124225 	 0.38 	 0.11
 97422 	  96223 	 0.32 	 0.11
 97422 	 123976 	 0.33 	 0.11
 97422 	 129747 	 0.38 	 0.11
 97422 	 126974 	 0.32 	 0.14
 97422 	 115883 	 0.32 	 0.14
 97422 	 101850 	 0.30 	 0.11
 97422 	 103733 	 0.30 	 0.11
 97422 	 108254 	 0.38 	 0.11
 97422 	 103038 	 0.36 	 0.11
 97422 	 126274 	 0.38 	 0.14
 97422 	 117924 	 0.37 	 0.11
113690 	 113401 	 0.33 	 0.11
113690 	 100225 	 0.36 	 0.11
113690 	 127533 	 0.38 	 0.11
113690 	 109693 	 0.34 	 0.18
113690 	 107934 	 0.30 	 0.11
113690 	 131018 	 0.33 	 0.18
113690 	 102078 	 0.31 	 0.11
113690 	 105970 	 0.32 	 0.11
113690 	 101892 	 0.34 	 0.11
113690 	 130217 	 0.38 	 0.11
113690 	 125990 	 0.39 	 0.11
113690 	  99159 	 0.37 	 0.18
113690 	 107458 	 0.31 	 0.11
113690 	 108254 	 0.34 	 0.11
113690 	  68575 	 0.32 	 0.18
113690 	  95929 	 0.34 	 0.11
113690 	 102704 	 0.37 	 0.14
 94367 	  94927 	 0.30 	 0.18
 94367 	 118052 	 0.32 	 0.11
 94367 	 117891 	 0.32 	 0.18
 94367 	 117976 	 0.30 	 0.11
 94367 	  97838 	 0.31 	 0.12
 94367 	 126626 	 0.30 	 0.18
 94367 	 103813 	 0.31 	 0.11
 94367 	  31490 	 0.31 	 0.14
 94367 	  99477 	 0.32 	 0.14
 94367 	  72459 	 0.32 	 0.13
 94367 	 129434 	 0.32 	 0.18
 94367 	 128492 	 0.30 	 0.18
 94367 	 110898 	 0.31 	 0.11
 94367 	 110974 	 0.31 	 0.11
 94367 	 123022 	 0.33 	 0.14
 94367 	 101850 	 0.30 	 0.11
 94367 	 126646 	 0.32 	 0.18
108883 	 100617 	 0.33 	 0.16
108883 	 117891 	 0.38 	 0.11
108883 	 130665 	 0.33 	 0.11
108883 	 127533 	 0.30 	 0.16
108883 	 110571 	 0.36 	 0.11
108883 	 109693 	 0.30 	 0.11
108883 	  99902 	 0.33 	 0.16
108883 	  88333 	 0.30 	 0.11
108883 	   8980 	 0.32 	 0.11
108883 	 101280 	 0.31 	 0.16
108883 	 110268 	 0.34 	 0.11
108883 	 103813 	 0.36 	 0.16
108883 	 101160 	 0.37 	 0.11
108883 	  91926 	 0.31 	 0.11
108883 	 122840 	 0.32 	 0.11
108883 	 129434 	 0.36 	 0.11
108883 	 128492 	 0.38 	 0.11
108883 	  97207 	 0.31 	 0.11
108883 	 116522 	 0.30 	 0.16
108883 	 125990 	 0.31 	 0.16
108883 	 122945 	 0.34 	 0.11
108883 	 120998 	 0.37 	 0.16
108883 	 110588 	 0.35 	 0.16
108883 	 122600 	 0.35 	 0.11
108883 	 117884 	 0.34 	 0.16
108883 	  99213 	 0.30 	 0.11
108883 	 115258 	 0.36 	 0.11
108883 	 101809 	 0.34 	 0.11
108883 	 129747 	 0.33 	 0.16
108883 	 110898 	 0.35 	 0.16
108883 	 110974 	 0.39 	 0.16
108883 	 100737 	 0.34 	 0.11
108883 	 126646 	 0.38 	 0.11
108883 	 103038 	 0.38 	 0.16
108883 	 127707 	 0.34 	 0.11
108883 	 127382 	 0.32 	 0.11
128822 	  94927 	 0.38 	 0.18
128822 	 117891 	 0.32 	 0.18
128822 	   5543 	 0.32 	 0.18
128822 	 126040 	 0.35 	 0.14
128822 	  66388 	 0.35 	 0.11
128822 	 129131 	 0.34 	 0.12
128822 	 126721 	 0.30 	 0.12
128822 	 102278 	 0.32 	 0.14
128822 	 130986 	 0.31 	 0.14
128822 	 129434 	 0.34 	 0.18
128822 	 115173 	 0.33 	 0.11
128822 	 124419 	 0.33 	 0.18
128822 	 128492 	 0.31 	 0.18
128822 	 128762 	 0.37 	 0.14
128822 	 118768 	 0.34 	 0.11
128822 	 120998 	 0.39 	 0.11
128822 	 110588 	 0.30 	 0.11
128822 	 127221 	 0.35 	 0.11
128822 	 124177 	 0.39 	 0.11
128822 	 124225 	 0.34 	 0.11
128822 	 124881 	 0.33 	 0.18
128822 	 126974 	 0.39 	 0.14
128822 	 100744 	 0.36 	 0.11
128822 	 101850 	 0.35 	 0.11
128822 	 103733 	 0.35 	 0.11
128822 	 126646 	 0.35 	 0.18
128822 	 128707 	 0.36 	 0.18
128822 	  96495 	 0.32 	 0.11
128822 	  66016 	 0.34 	 0.11
128822 	 108883 	 0.32 	 0.11
128975 	 127102 	 0.31 	 0.11
128975 	 130387 	 0.40 	 0.11
128975 	  80076 	 0.32 	 0.11
128975 	   5543 	 0.32 	 0.14
128975 	 128844 	 0.34 	 0.11
128975 	  66388 	 0.33 	 0.15
128975 	  70752 	 0.36 	 0.14
128975 	 130983 	 0.32 	 0.11
128975 	 102278 	 0.31 	 0.11
128975 	  72459 	 0.32 	 0.10
128975 	 129960 	 0.39 	 0.16
128975 	 102481 	 0.32 	 0.11
128975 	 101809 	 0.33 	 0.14
128975 	 122891 	 0.33 	 0.16
128975 	 115883 	 0.37 	 0.11
128975 	  77586 	 0.34 	 0.14
128975 	 100737 	 0.33 	 0.14
128975 	 126274 	 0.32 	 0.11
128975 	 126992 	 0.37 	 0.11
123702 	 113401 	 0.35 	 0.11
123702 	  95573 	 0.37 	 0.11
123702 	  76155 	 0.31 	 0.11
123702 	 101160 	 0.34 	 0.18
123702 	  95603 	 0.32 	 0.11
123702 	 102078 	 0.36 	 0.11
123702 	 119111 	 0.35 	 0.11
123702 	 101544 	 0.34 	 0.11
123702 	 101892 	 0.34 	 0.11
123702 	 116522 	 0.35 	 0.11
123702 	 118768 	 0.31 	 0.11
123702 	 107458 	 0.30 	 0.11
123702 	 120998 	 0.31 	 0.11
123702 	 127221 	 0.40 	 0.11
123702 	 124177 	 0.35 	 0.11
123702 	 119717 	 0.31 	 0.11
123702 	  96223 	 0.38 	 0.11
123702 	 123045 	 0.33 	 0.14
123702 	 101850 	 0.34 	 0.11
123702 	 103733 	 0.38 	 0.11
123702 	 108254 	 0.31 	 0.11
123702 	 117924 	 0.33 	 0.11
123702 	  96495 	 0.33 	 0.11
123702 	 108883 	 0.35 	 0.11
102759 	 100617 	 0.33 	 0.12
102759 	 113401 	 0.32 	 0.11
102759 	 127533 	 0.31 	 0.11
102759 	 101280 	 0.33 	 0.11
102759 	 103813 	 0.35 	 0.11
102759 	  95603 	 0.37 	 0.11
102759 	 117951 	 0.35 	 0.11
102759 	 119111 	 0.30 	 0.11
102759 	 101544 	 0.40 	 0.11
102759 	 130986 	 0.35 	 0.14
102759 	 115173 	 0.32 	 0.11
102759 	 130217 	 0.30 	 0.11
102759 	 101463 	 0.32 	 0.14
102759 	 125990 	 0.31 	 0.11
102759 	 110588 	 0.32 	 0.11
102759 	 119717 	 0.34 	 0.11
102759 	 124225 	 0.31 	 0.11
102759 	  96223 	 0.31 	 0.11
102759 	  95790 	 0.34 	 0.11
102759 	 129747 	 0.33 	 0.11
102759 	 117950 	 0.34 	 0.11
102759 	 110898 	 0.35 	 0.11
102759 	 110974 	 0.33 	 0.11
102759 	 115883 	 0.30 	 0.14
102759 	 126274 	 0.31 	 0.14
102759 	  96495 	 0.35 	 0.11
102759 	  97187 	 0.32 	 0.14
102759 	 101342 	 0.31 	 0.14
126225 	 100617 	 0.36 	 0.16
126225 	  99902 	 0.35 	 0.16
126225 	 129131 	 0.31 	 0.16
113068 	  96738 	 0.32 	 0.11
113068 	  95603 	 0.30 	 0.11
113068 	 117951 	 0.33 	 0.11
113068 	 101544 	 0.32 	 0.11
113068 	 117884 	 0.32 	 0.11
113068 	  95790 	 0.30 	 0.11
113068 	 117950 	 0.32 	 0.11
 95748 	 118052 	 0.32 	 0.11
 95748 	  96511 	 0.39 	 0.18
 95748 	 106205 	 0.32 	 0.14
 95748 	 127533 	 0.36 	 0.11
 95748 	  99902 	 0.38 	 0.12
 95748 	 101280 	 0.37 	 0.11
 95748 	 103813 	 0.37 	 0.11
 95748 	 119111 	 0.33 	 0.11
 95748 	   2911 	 0.33 	 0.16
 95748 	 130217 	 0.35 	 0.11
 95748 	 116522 	 0.30 	 0.11
 95748 	 125990 	 0.36 	 0.11
 95748 	  98252 	 0.37 	 0.14
 95748 	 118768 	 0.35 	 0.11
 95748 	  99159 	 0.35 	 0.18
 95748 	 102481 	 0.37 	 0.14
 95748 	 120998 	 0.31 	 0.11
 95748 	 117884 	 0.39 	 0.11
 95748 	 129747 	 0.39 	 0.11
 95748 	 110898 	 0.37 	 0.11
 95748 	 113681 	 0.39 	 0.14
 95748 	 101850 	 0.35 	 0.11
 95748 	 102704 	 0.35 	 0.14
 90406 	  94908 	 0.31 	 0.11
 90406 	  94927 	 0.31 	 0.13
 90406 	 117891 	 0.32 	 0.13
 90406 	  99902 	 0.33 	 0.13
 90406 	  90147 	 0.30 	 0.11
 90406 	 102503 	 0.32 	 0.10
 90406 	  99477 	 0.31 	 0.10
 90406 	 129434 	 0.32 	 0.13
 90406 	 128492 	 0.32 	 0.13
 90406 	 124080 	 0.30 	 0.11
 90406 	  99159 	 0.32 	 0.13
 90406 	  99455 	 0.33 	 0.10
 90406 	 103677 	 0.31 	 0.11
 90406 	  90137 	 0.30 	 0.11
 90406 	 118234 	 0.32 	 0.11
 90406 	 126646 	 0.33 	 0.13
 90406 	 102704 	 0.31 	 0.10
117793 	  97838 	 0.34 	 0.16
117793 	 122891 	 0.36 	 0.16
125108 	 102380 	 0.32 	 0.11
125108 	 127242 	 0.33 	 0.13
125108 	 126040 	 0.35 	 0.13
125108 	 107934 	 0.30 	 0.13
125108 	 101510 	 0.31 	 0.13
125108 	 127855 	 0.30 	 0.13
125108 	   4363 	 0.36 	 0.13
125108 	 129960 	 0.32 	 0.10
125108 	  96012 	 0.31 	 0.16
125108 	 107458 	 0.36 	 0.13
125108 	 127382 	 0.38 	 0.16
125108 	 128707 	 0.32 	 0.16
117490 	 117976 	 0.36 	 0.11
117490 	 109693 	 0.32 	 0.18
117490 	  91848 	 0.34 	 0.11
117490 	 103813 	 0.39 	 0.11
117490 	 102078 	 0.34 	 0.11
117490 	 105970 	 0.31 	 0.11
117490 	 119111 	 0.34 	 0.11
117490 	 101544 	 0.33 	 0.11
117490 	 118363 	 0.33 	 0.14
117490 	  91637 	 0.31 	 0.19
117490 	 125161 	 0.30 	 0.16
117490 	 118768 	 0.32 	 0.11
117490 	 101673 	 0.32 	 0.11
117490 	  93866 	 0.36 	 0.11
117490 	 120998 	 0.36 	 0.11
117490 	 110588 	 0.35 	 0.11
117490 	   2251 	 0.30 	 0.18
117490 	  75566 	 0.30 	 0.14
117490 	 117884 	 0.37 	 0.11
117490 	 120346 	 0.38 	 0.11
117490 	  86335 	 0.32 	 0.11
117490 	  61797 	 0.30 	 0.11
117490 	 123976 	 0.38 	 0.11
117490 	 117950 	 0.33 	 0.11
117490 	 110898 	 0.37 	 0.11
117490 	  75661 	 0.31 	 0.12
117490 	 101850 	 0.37 	 0.11
117490 	 103038 	 0.30 	 0.11
117490 	 108883 	 0.37 	 0.11
117490 	 128822 	 0.32 	 0.18
117344 	 129131 	 0.31 	 0.16
117344 	  95350 	 0.31 	 0.14
 97464 	 101510 	 0.38 	 0.11
 97464 	  91637 	 0.31 	 0.15
 97464 	  73957 	 0.30 	 0.14
 97464 	  95350 	 0.31 	 0.14
 97464 	 101809 	 0.31 	 0.14
 97464 	 115883 	 0.30 	 0.11
 97464 	 100737 	 0.31 	 0.14
 69636 	  65887 	 0.31 	 0.15
 69636 	  70788 	 0.31 	 0.17
113639 	 113401 	 0.32 	 0.16
113639 	 118052 	 0.34 	 0.16
113639 	 100225 	 0.38 	 0.16
113639 	 110268 	 0.34 	 0.11
113639 	 101160 	 0.30 	 0.11
113639 	 102078 	 0.39 	 0.16
113639 	 105970 	 0.31 	 0.16
113639 	 101892 	 0.34 	 0.16
113639 	  97207 	 0.31 	 0.11
113639 	 116522 	 0.38 	 0.16
113639 	 118768 	 0.36 	 0.16
113639 	 128974 	 0.32 	 0.11
113639 	 101365 	 0.32 	 0.11
113639 	 122945 	 0.36 	 0.11
113639 	 107458 	 0.31 	 0.16
113639 	 107489 	 0.33 	 0.16
113639 	  99213 	 0.40 	 0.11
113639 	 120346 	 0.35 	 0.16
113639 	  95513 	 0.32 	 0.11
113639 	 129421 	 0.31 	 0.11
113639 	 121157 	 0.31 	 0.11
113639 	  91740 	 0.33 	 0.11
113639 	 119270 	 0.35 	 0.11
113639 	 108254 	 0.30 	 0.16
113639 	 127382 	 0.34 	 0.11
113639 	  95929 	 0.32 	 0.16
113639 	 124365 	 0.33 	 0.11
113639 	  97422 	 0.38 	 0.11
113639 	 128822 	 0.34 	 0.11
113639 	 102759 	 0.31 	 0.11
113639 	 117490 	 0.35 	 0.11
 52076 	  65408 	 0.37 	 0.14
 52076 	  85402 	 0.30 	 0.14
 52076 	   5646 	 0.35 	 0.10
 52076 	  85890 	 0.37 	 0.18
 52076 	  95336 	 0.34 	 0.12
 52076 	  10274 	 0.34 	 0.18
 52076 	  70314 	 0.38 	 0.18
 52076 	  58883 	 0.34 	 0.18
 52076 	  31394 	 0.37 	 0.18
 34899 	  10217 	 0.30 	 0.17
 94032 	  92014 	 0.30 	 0.14
 98993 	 117976 	 0.33 	 0.11
 98993 	 110641 	 0.40 	 0.18
 98993 	 100225 	 0.39 	 0.11
 98993 	  95573 	 0.40 	 0.11
 98993 	  95603 	 0.32 	 0.11
 98993 	 122251 	 0.31 	 0.11
 98993 	 116522 	 0.34 	 0.11
 98993 	 118768 	 0.36 	 0.11
 98993 	  65192 	 0.32 	 0.18
 98993 	 101673 	 0.34 	 0.11
 98993 	 127221 	 0.37 	 0.11
 98993 	 124177 	 0.33 	 0.11
 98993 	  74885 	 0.32 	 0.11
 98993 	 119717 	 0.35 	 0.11
 98993 	  96223 	 0.37 	 0.11
 98993 	 120346 	 0.38 	 0.11
 98993 	  95790 	 0.32 	 0.11
 98993 	  86335 	 0.34 	 0.11
 98993 	  61797 	 0.31 	 0.11
 98993 	 117950 	 0.40 	 0.11
 98993 	  92509 	 0.32 	 0.11
 98993 	 103733 	 0.35 	 0.11
 98993 	 103038 	 0.37 	 0.11
 98993 	 117924 	 0.33 	 0.11
 98993 	  96495 	 0.36 	 0.11
 98993 	 108883 	 0.31 	 0.11
 98993 	  90406 	 0.32 	 0.13
129520 	 126869 	 0.39 	 0.16
129520 	 126040 	 0.39 	 0.16
129520 	 106205 	 0.36 	 0.16
129520 	  66388 	 0.32 	 0.12
129520 	 107934 	 0.33 	 0.16
129520 	  95442 	 0.34 	 0.16
129520 	 127855 	 0.32 	 0.16
129520 	 100782 	 0.33 	 0.16
129520 	 130986 	 0.32 	 0.16
129520 	 128762 	 0.39 	 0.16
129520 	  92527 	 0.32 	 0.16
129520 	 101648 	 0.33 	 0.16
129520 	 122891 	 0.36 	 0.13
129520 	  98991 	 0.31 	 0.16
129520 	 123022 	 0.33 	 0.16
129520 	 115883 	 0.32 	 0.16
129520 	 103973 	 0.33 	 0.16
129520 	 123045 	 0.33 	 0.16
129520 	 126274 	 0.37 	 0.16
129520 	 117344 	 0.34 	 0.16
129520 	  97464 	 0.30 	 0.16
 91849 	 117976 	 0.36 	 0.10
 91849 	  66388 	 0.34 	 0.17
 91849 	 126721 	 0.33 	 0.18
 91849 	 129960 	 0.36 	 0.18
 91849 	  62268 	 0.33 	 0.18
117925 	 119680 	 0.31 	 0.11
117925 	  95573 	 0.35 	 0.16
117925 	 127533 	 0.37 	 0.16
117925 	 131018 	 0.34 	 0.11
117925 	 101280 	 0.37 	 0.16
117925 	 103813 	 0.34 	 0.16
117925 	 101160 	 0.34 	 0.11
117925 	  95603 	 0.38 	 0.16
117925 	 126216 	 0.31 	 0.11
117925 	 130217 	 0.38 	 0.16
117925 	  96012 	 0.34 	 0.11
117925 	 125990 	 0.37 	 0.16
117925 	 118768 	 0.32 	 0.16
117925 	  99159 	 0.39 	 0.11
117925 	 122945 	 0.31 	 0.11
117925 	 119617 	 0.37 	 0.11
117925 	  93866 	 0.35 	 0.16
117925 	 127221 	 0.33 	 0.16
117925 	  95790 	 0.37 	 0.16
117925 	 123976 	 0.37 	 0.16
117925 	 129747 	 0.36 	 0.16
117925 	 110898 	 0.32 	 0.16
117925 	 110974 	 0.33 	 0.16
117925 	 100172 	 0.35 	 0.11
117925 	 101850 	 0.33 	 0.16
117925 	 103733 	 0.32 	 0.16
117925 	 126574 	 0.40 	 0.11
117925 	 128707 	 0.37 	 0.11
117925 	  96495 	 0.35 	 0.16
117925 	 123702 	 0.31 	 0.11
117925 	 102759 	 0.35 	 0.11
117925 	 113068 	 0.36 	 0.11
117925 	 117490 	 0.31 	 0.11
117925 	  98993 	 0.39 	 0.11
107802 	 114259 	 0.30 	 0.11
103602 	  92865 	 0.33 	 0.11
103602 	  97207 	 0.36 	 0.11
103602 	 101365 	 0.33 	 0.11
103602 	 100172 	 0.34 	 0.11
 93364 	 108127 	 0.31 	 0.12
125120 	 106302 	 0.31 	 0.16
125120 	  92250 	 0.30 	 0.13
125120 	 127855 	 0.31 	 0.13
125120 	 105815 	 0.35 	 0.13
125120 	 129960 	 0.33 	 0.10
125120 	  97207 	 0.39 	 0.16
125120 	 129208 	 0.39 	 0.16
125120 	  95781 	 0.33 	 0.16
125120 	 126974 	 0.40 	 0.13
125120 	 129421 	 0.30 	 0.16
125120 	 126651 	 0.39 	 0.13
125120 	 106244 	 0.32 	 0.16
125120 	 127382 	 0.33 	 0.16
125120 	 128707 	 0.32 	 0.16
125120 	 126225 	 0.36 	 0.13
101626 	 113401 	 0.33 	 0.16
101626 	  96511 	 0.33 	 0.11
101626 	 119680 	 0.34 	 0.11
101626 	 100225 	 0.38 	 0.16
101626 	  95573 	 0.36 	 0.16
101626 	 109693 	 0.35 	 0.11
101626 	  70752 	 0.30 	 0.11
101626 	 107934 	 0.32 	 0.16
101626 	 131018 	 0.33 	 0.11
101626 	 110268 	 0.32 	 0.11
101626 	 101160 	 0.32 	 0.11
101626 	  95603 	 0.31 	 0.16
101626 	 102078 	 0.34 	 0.16
101626 	 122840 	 0.35 	 0.11
101626 	 105970 	 0.36 	 0.16
101626 	 119111 	 0.32 	 0.16
101626 	 116522 	 0.37 	 0.16
101626 	  96012 	 0.32 	 0.11
101626 	 101365 	 0.31 	 0.11
101626 	 107458 	 0.35 	 0.16
101626 	 129421 	 0.34 	 0.11
101626 	 121157 	 0.33 	 0.11
101626 	 101850 	 0.33 	 0.16
101626 	  91740 	 0.33 	 0.11
101626 	 108254 	 0.32 	 0.16
101626 	 117924 	 0.32 	 0.16
101626 	  96495 	 0.34 	 0.16
101626 	 124365 	 0.32 	 0.11
101626 	 128822 	 0.32 	 0.11
129161 	 127102 	 0.30 	 0.11
129161 	 128822 	 0.38 	 0.14
129161 	 128975 	 0.37 	 0.11
 31821 	 107934 	 0.33 	 0.14
 98813 	 130780 	 0.36 	 0.11
 98813 	 125052 	 0.31 	 0.13
 98813 	  97207 	 0.38 	 0.11
 98813 	 101365 	 0.40 	 0.11
 98813 	 127382 	 0.36 	 0.11
 98813 	 128707 	 0.39 	 0.11
 61674 	  91848 	 0.30 	 0.11
 61674 	 101160 	 0.31 	 0.18
 61674 	   5646 	 0.35 	 0.18
 61674 	 122840 	 0.33 	 0.18
 61674 	 123045 	 0.31 	 0.14
 61674 	 117490 	 0.30 	 0.18
121983 	 107890 	 0.31 	 0.11
125231 	  97838 	 0.39 	 0.16
125231 	 131018 	 0.39 	 0.14
125231 	 126721 	 0.31 	 0.16
125231 	 128471 	 0.38 	 0.14
 92153 	  95573 	 0.33 	 0.11
 92153 	 127855 	 0.31 	 0.14
 92153 	 103038 	 0.30 	 0.11
 95496 	 129208 	 0.30 	 0.11
 95496 	 103733 	 0.32 	 0.16
 92477 	 109693 	 0.32 	 0.11
 92477 	 101892 	 0.35 	 0.16
 92477 	  99213 	 0.33 	 0.11
 92477 	  98469 	 0.34 	 0.11
 92477 	 119270 	 0.34 	 0.11
 92477 	  97422 	 0.35 	 0.11
 66612 	  70788 	 0.37 	 0.17
 97373 	 100617 	 0.35 	 0.12
 97373 	 113401 	 0.38 	 0.11
 97373 	 117976 	 0.35 	 0.11
 97373 	 110641 	 0.34 	 0.18
 97373 	 100225 	 0.34 	 0.11
 97373 	  95573 	 0.30 	 0.11
 97373 	  80076 	 0.33 	 0.14
 97373 	  66388 	 0.34 	 0.11
 97373 	 127533 	 0.33 	 0.11
 97373 	 101280 	 0.35 	 0.11
 97373 	 103813 	 0.38 	 0.11
 97373 	 101510 	 0.34 	 0.14
 97373 	 127855 	 0.31 	 0.14
 97373 	 119111 	 0.33 	 0.11
 97373 	 118363 	 0.38 	 0.14
 97373 	 129960 	 0.32 	 0.12
 97373 	 115173 	 0.38 	 0.11
 97373 	 122251 	 0.31 	 0.11
 97373 	 130217 	 0.32 	 0.11
 97373 	 128762 	 0.31 	 0.14
 97373 	 125990 	 0.34 	 0.11
 97373 	  93866 	 0.30 	 0.11
 97373 	 110588 	 0.36 	 0.11
 97373 	 117884 	 0.34 	 0.11
 97373 	 127221 	 0.37 	 0.11
 97373 	 124177 	 0.33 	 0.11
 97373 	 124225 	 0.37 	 0.11
 97373 	  96223 	 0.30 	 0.11
 97373 	 123976 	 0.31 	 0.11
 97373 	 129747 	 0.36 	 0.11
 97373 	 122891 	 0.31 	 0.12
 97373 	 126974 	 0.32 	 0.14
 97373 	 110898 	 0.37 	 0.11
 97373 	 110974 	 0.38 	 0.11
 97373 	 103733 	 0.36 	 0.11
 97373 	 108254 	 0.35 	 0.11
 97373 	 103038 	 0.32 	 0.11
 97373 	 126274 	 0.36 	 0.14
 97373 	 117924 	 0.37 	 0.11
 97373 	  95929 	 0.38 	 0.11
 97373 	 108883 	 0.32 	 0.11
 97373 	 113639 	 0.35 	 0.11
 97373 	  92477 	 0.34 	 0.11
124281 	 113401 	 0.34 	 0.16
124281 	 118052 	 0.32 	 0.16
124281 	 100225 	 0.35 	 0.16
124281 	 109693 	 0.35 	 0.11
124281 	  70752 	 0.35 	 0.11
124281 	 130780 	 0.31 	 0.11
124281 	 107934 	 0.31 	 0.16
124281 	 110268 	 0.32 	 0.11
124281 	 101160 	 0.32 	 0.11
124281 	 102078 	 0.40 	 0.16
124281 	 111407 	 0.31 	 0.16
124281 	 122840 	 0.34 	 0.11
124281 	 131017 	 0.32 	 0.11
124281 	 119111 	 0.36 	 0.16
124281 	 101892 	 0.34 	 0.16
124281 	 122251 	 0.32 	 0.16
124281 	 116522 	 0.37 	 0.16
124281 	 118768 	 0.32 	 0.16
124281 	 128974 	 0.33 	 0.11
124281 	 101365 	 0.30 	 0.11
124281 	 122945 	 0.40 	 0.11
124281 	 107458 	 0.34 	 0.16
124281 	  99213 	 0.36 	 0.11
124281 	  98469 	 0.39 	 0.11
124281 	 101809 	 0.40 	 0.11
124281 	  95513 	 0.34 	 0.11
124281 	 129421 	 0.34 	 0.11
124281 	 121157 	 0.31 	 0.11
124281 	 101850 	 0.34 	 0.16
124281 	  91740 	 0.34 	 0.11
124281 	 100737 	 0.40 	 0.11
124281 	 119270 	 0.35 	 0.11
124281 	 108254 	 0.33 	 0.16
124281 	 117924 	 0.33 	 0.16
124281 	  95929 	 0.34 	 0.16
124281 	 124365 	 0.33 	 0.11
124281 	  97422 	 0.38 	 0.11
124281 	 128822 	 0.32 	 0.11
124281 	 102759 	 0.31 	 0.11
124281 	 117490 	 0.40 	 0.11
124281 	  97373 	 0.35 	 0.11
 96106 	 100617 	 0.37 	 0.16
 96106 	  96511 	 0.39 	 0.14
 96106 	  99902 	 0.38 	 0.16
 96106 	 126721 	 0.32 	 0.16
 96106 	 102503 	 0.34 	 0.11
 96106 	  99477 	 0.37 	 0.11
 96106 	 129960 	 0.30 	 0.16
 96106 	   2911 	 0.32 	 0.13
 96106 	  99455 	 0.36 	 0.11
111453 	  92014 	 0.35 	 0.12
111453 	 100225 	 0.30 	 0.10
111453 	  52768 	 0.32 	 0.10
111453 	 129131 	 0.33 	 0.18
111453 	 114379 	 0.32 	 0.16
111453 	 117884 	 0.32 	 0.10
111453 	 115258 	 0.31 	 0.16
111453 	 123976 	 0.36 	 0.10
 89982 	  95182 	 0.33 	 0.11
105591 	 118052 	 0.31 	 0.10
105591 	   8980 	 0.30 	 0.16
105591 	 127649 	 0.33 	 0.12
105591 	 127855 	 0.37 	 0.12
105591 	 129960 	 0.39 	 0.10
105591 	 126216 	 0.39 	 0.16
105591 	   2524 	 0.31 	 0.12
105591 	 128975 	 0.33 	 0.12
105591 	  91849 	 0.34 	 0.14
128928 	 100617 	 0.32 	 0.16
128928 	  97838 	 0.32 	 0.16
128928 	 122891 	 0.34 	 0.16
128079 	 130780 	 0.40 	 0.11
128079 	 100142 	 0.34 	 0.16
128079 	 100744 	 0.33 	 0.16
128079 	 127382 	 0.37 	 0.11
128079 	 128822 	 0.35 	 0.11
128079 	  98813 	 0.34 	 0.16
122396 	 100617 	 0.32 	 0.16
122396 	 117891 	 0.31 	 0.11
122396 	 106302 	 0.32 	 0.11
122396 	  99902 	 0.33 	 0.16
122396 	 101280 	 0.31 	 0.16
122396 	 102078 	 0.38 	 0.16
122396 	 131017 	 0.30 	 0.11
122396 	 128492 	 0.31 	 0.11
122396 	 125990 	 0.30 	 0.16
122396 	  99159 	 0.31 	 0.11
122396 	 122600 	 0.31 	 0.11
122396 	  99213 	 0.31 	 0.11
122396 	  98469 	 0.31 	 0.11
122396 	  95350 	 0.31 	 0.11
122396 	 101486 	 0.32 	 0.11
122396 	 110974 	 0.33 	 0.16
122396 	 100172 	 0.34 	 0.11
122396 	 106244 	 0.32 	 0.11
122396 	 119270 	 0.34 	 0.11
122396 	 103038 	 0.31 	 0.16
122396 	 124365 	 0.31 	 0.11
122396 	  97422 	 0.32 	 0.11
122396 	  94367 	 0.32 	 0.11
122396 	  98993 	 0.31 	 0.11
122396 	  97373 	 0.30 	 0.11
118243 	 100225 	 0.36 	 0.16
118243 	  95573 	 0.34 	 0.16
118243 	 127533 	 0.33 	 0.16
118243 	  96738 	 0.36 	 0.16
118243 	 131018 	 0.33 	 0.11
118243 	 101280 	 0.33 	 0.16
118243 	 101160 	 0.33 	 0.11
118243 	  95603 	 0.34 	 0.16
118243 	  31490 	 0.31 	 0.11
118243 	 130217 	 0.34 	 0.16
118243 	  96012 	 0.31 	 0.11
118243 	 125990 	 0.33 	 0.16
118243 	 118768 	 0.33 	 0.16
118243 	 122945 	 0.30 	 0.11
118243 	 119617 	 0.36 	 0.11
118243 	  93866 	 0.34 	 0.16
118243 	 119717 	 0.39 	 0.16
118243 	  95790 	 0.37 	 0.16
118243 	 123976 	 0.34 	 0.16
118243 	 129747 	 0.32 	 0.16
118243 	 101850 	 0.39 	 0.16
118243 	 126574 	 0.38 	 0.11
118243 	 128707 	 0.36 	 0.11
118243 	  96495 	 0.35 	 0.16
118243 	 102759 	 0.34 	 0.11
118243 	 117490 	 0.31 	 0.11
112063 	 122891 	 0.36 	 0.16
100687 	  96511 	 0.31 	 0.11
100687 	 117976 	 0.36 	 0.16
100687 	 119680 	 0.32 	 0.11
100687 	 100225 	 0.33 	 0.16
100687 	  95573 	 0.34 	 0.16
100687 	 106302 	 0.39 	 0.11
100687 	 130780 	 0.33 	 0.11
100687 	  91848 	 0.31 	 0.16
100687 	 107934 	 0.31 	 0.16
100687 	 110268 	 0.36 	 0.11
100687 	 102078 	 0.36 	 0.16
100687 	 122840 	 0.35 	 0.11
100687 	 131017 	 0.32 	 0.11
100687 	  85890 	 0.35 	 0.11
100687 	 101544 	 0.39 	 0.16
100687 	 124419 	 0.37 	 0.11
100687 	 122251 	 0.31 	 0.16
100687 	 125839 	 0.40 	 0.11
100687 	 116522 	 0.33 	 0.16
100687 	  73957 	 0.34 	 0.11
100687 	 118768 	 0.32 	 0.16
100687 	 128974 	 0.33 	 0.11
100687 	 101365 	 0.31 	 0.11
100687 	 101673 	 0.35 	 0.16
100687 	  93866 	 0.31 	 0.16
100687 	 120998 	 0.34 	 0.16
100687 	 122600 	 0.40 	 0.11
100687 	 124477 	 0.37 	 0.11
100687 	 127221 	 0.34 	 0.16
100687 	  95781 	 0.39 	 0.11
100687 	 124177 	 0.30 	 0.16
100687 	  95409 	 0.38 	 0.11
100687 	  99213 	 0.30 	 0.11
100687 	  98469 	 0.34 	 0.11
100687 	 119685 	 0.37 	 0.11
100687 	  69513 	 0.31 	 0.11
100687 	 126248 	 0.38 	 0.11
100687 	 120346 	 0.35 	 0.16
100687 	  86335 	 0.33 	 0.16
100687 	  61797 	 0.33 	 0.16
100687 	  95513 	 0.31 	 0.11
100687 	 123976 	 0.38 	 0.16
100687 	 117950 	 0.39 	 0.16
100687 	 124881 	 0.40 	 0.11
100687 	 103091 	 0.37 	 0.11
100687 	 100172 	 0.39 	 0.11
100687 	 101850 	 0.37 	 0.16
100687 	 103733 	 0.34 	 0.16
100687 	 106244 	 0.37 	 0.11
100687 	 108254 	 0.33 	 0.16
100687 	 103038 	 0.37 	 0.16
100687 	 117924 	 0.34 	 0.16
100687 	  95929 	 0.31 	 0.16
100687 	  66016 	 0.33 	 0.16
100687 	  97422 	 0.33 	 0.11
100687 	 113690 	 0.37 	 0.11
100687 	  95748 	 0.34 	 0.11
100687 	 113639 	 0.39 	 0.16
100687 	 117925 	 0.36 	 0.16
100687 	  97373 	 0.32 	 0.11
100687 	 118243 	 0.32 	 0.16
130833 	 117976 	 0.36 	 0.11
130833 	 102278 	 0.34 	 0.14
130833 	   7012 	 0.35 	 0.11
130833 	 117081 	 0.30 	 0.11
130833 	 101673 	 0.31 	 0.11
130833 	 124177 	 0.33 	 0.11
130833 	 100142 	 0.35 	 0.11
130833 	 120346 	 0.32 	 0.11
130833 	 108883 	 0.30 	 0.11
130833 	 128975 	 0.40 	 0.14
130833 	  98813 	 0.33 	 0.11
 58385 	  80370 	 0.32 	 0.18
 58385 	 127533 	 0.31 	 0.11
 58385 	 101160 	 0.31 	 0.18
 58385 	   5646 	 0.38 	 0.18
 58385 	 122840 	 0.32 	 0.18
 58385 	  67846 	 0.36 	 0.14
 58385 	  53106 	 0.37 	 0.14
 58385 	  43129 	 0.40 	 0.14
 58385 	  28201 	 0.32 	 0.14
 58385 	 123045 	 0.31 	 0.14
 58385 	 117490 	 0.30 	 0.18
130531 	 107934 	 0.31 	 0.11
130531 	 124999 	 0.38 	 0.16
130531 	   7012 	 0.35 	 0.11
130531 	  31490 	 0.31 	 0.14
130531 	 118768 	 0.33 	 0.11
130531 	 127221 	 0.31 	 0.11
130531 	 124177 	 0.39 	 0.11
130531 	 120346 	 0.36 	 0.11
130531 	 101850 	 0.34 	 0.11
130531 	 103733 	 0.34 	 0.11
130531 	  96495 	 0.32 	 0.11
130531 	  66016 	 0.37 	 0.11
130531 	 125108 	 0.34 	 0.16
130531 	 113639 	 0.32 	 0.11
130531 	 125120 	 0.35 	 0.16
 69502 	  10217 	 0.34 	 0.17
 69502 	  65887 	 0.35 	 0.15
 92655 	 110641 	 0.36 	 0.18
 92655 	 111407 	 0.33 	 0.11
 92655 	 115173 	 0.33 	 0.11
 92655 	 110588 	 0.32 	 0.11
 92655 	 124225 	 0.31 	 0.11
 92655 	 110974 	 0.31 	 0.11
 92655 	 103038 	 0.35 	 0.11
 92655 	 101626 	 0.32 	 0.11
 92655 	 124281 	 0.33 	 0.11
  8991 	  99902 	 0.33 	 0.16
  8991 	  58632 	 0.34 	 0.16
  8991 	  58416 	 0.34 	 0.16
  8991 	  18023 	 0.37 	 0.11
  8991 	 101342 	 0.33 	 0.11
  8991 	  97464 	 0.30 	 0.11
 66646 	 101160 	 0.36 	 0.14
 66646 	  95442 	 0.37 	 0.16
 66646 	 122840 	 0.38 	 0.14
 66646 	  75641 	 0.32 	 0.18
 66646 	  91637 	 0.34 	 0.13
 66646 	  58416 	 0.30 	 0.16
 66646 	  65978 	 0.31 	 0.13
 66646 	 123045 	 0.37 	 0.11
 66646 	 117490 	 0.37 	 0.14
 66646 	  52076 	 0.31 	 0.11
 66646 	   8991 	 0.33 	 0.16
  3476 	 130218 	 0.37 	 0.11
113084 	 123976 	 0.31 	 0.16
113084 	 117950 	 0.31 	 0.16
 98306 	 113401 	 0.33 	 0.16
 98306 	 118052 	 0.32 	 0.16
 98306 	  96511 	 0.34 	 0.11
 98306 	 117976 	 0.33 	 0.16
 98306 	 119680 	 0.37 	 0.11
 98306 	 100225 	 0.36 	 0.16
 98306 	  95573 	 0.35 	 0.16
 98306 	 109693 	 0.34 	 0.11
 98306 	  70752 	 0.34 	 0.11
 98306 	   8980 	 0.30 	 0.11
 98306 	 131018 	 0.33 	 0.11
 98306 	 101160 	 0.30 	 0.11
 98306 	  95603 	 0.34 	 0.16
 98306 	  91926 	 0.30 	 0.11
 98306 	 102078 	 0.34 	 0.16
 98306 	 111407 	 0.33 	 0.16
 98306 	 105970 	 0.32 	 0.16
 98306 	 131017 	 0.35 	 0.11
 98306 	 119111 	 0.31 	 0.16
 98306 	 126216 	 0.30 	 0.11
 98306 	 130217 	 0.39 	 0.16
 98306 	  97207 	 0.31 	 0.11
 98306 	 116522 	 0.35 	 0.16
 98306 	  96012 	 0.31 	 0.11
 98306 	  73957 	 0.31 	 0.11
 98306 	 101365 	 0.34 	 0.11
 98306 	  99159 	 0.39 	 0.11
 98306 	 122945 	 0.35 	 0.11
 98306 	 120998 	 0.37 	 0.16
 98306 	 129421 	 0.32 	 0.11
 98306 	 101850 	 0.30 	 0.16
 98306 	  96495 	 0.33 	 0.16
 98306 	 124365 	 0.32 	 0.11
 98306 	 117490 	 0.34 	 0.11
 98306 	  98993 	 0.39 	 0.11
 98306 	 117925 	 0.39 	 0.16
 98306 	  92153 	 0.34 	 0.11
 98306 	 100687 	 0.39 	 0.16
 98306 	  92655 	 0.36 	 0.11
122256 	 117891 	 0.32 	 0.11
122256 	 127533 	 0.34 	 0.16
122256 	 101280 	 0.37 	 0.16
122256 	 103813 	 0.31 	 0.16
122256 	 101160 	 0.36 	 0.11
122256 	 102078 	 0.38 	 0.16
122256 	 101544 	 0.37 	 0.16
122256 	 129434 	 0.31 	 0.11
122256 	 122251 	 0.37 	 0.16
122256 	  16479 	 0.31 	 0.16
122256 	 130217 	 0.34 	 0.16
122256 	 125990 	 0.38 	 0.16
122256 	  99159 	 0.35 	 0.11
122256 	 122945 	 0.30 	 0.11
122256 	  93866 	 0.39 	 0.16
122256 	 118432 	 0.32 	 0.11
122256 	  61797 	 0.40 	 0.16
122256 	 129747 	 0.38 	 0.16
122256 	 126646 	 0.34 	 0.11
122256 	 117924 	 0.31 	 0.16
122256 	 101248 	 0.30 	 0.11
122256 	  66016 	 0.37 	 0.16
122256 	 124365 	 0.37 	 0.11
122256 	 117490 	 0.34 	 0.11
122256 	  98993 	 0.35 	 0.11
122256 	 117925 	 0.34 	 0.16
122256 	 130833 	 0.34 	 0.11
103607 	  97838 	 0.32 	 0.16
103607 	  66388 	 0.31 	 0.15
103607 	 122891 	 0.33 	 0.16
