 96511 	  94908 	 0.35 	 0.26
130387 	  96511 	 0.32 	 0.25
119680 	 100617 	 0.31 	 0.21
 92014 	 117891 	 0.30 	 0.25
127242 	  94908 	 0.31 	 0.20
127242 	  94927 	 0.38 	 0.25
127242 	 117891 	 0.31 	 0.25
126869 	  96511 	 0.30 	 0.25
 97838 	 130665 	 0.35 	 0.21
 95182 	 205919 	 0.30 	 0.26
  5543 	  52768 	 0.32 	 0.26
 80370 	  97838 	 0.37 	 0.21
 62372 	  88141 	 0.34 	 0.26
106302 	 100617 	 0.39 	 0.21
106302 	 127242 	 0.31 	 0.25
106205 	  94908 	 0.34 	 0.20
106205 	  94927 	 0.34 	 0.25
106205 	 117891 	 0.33 	 0.25
 15511 	  59539 	 0.34 	 0.26
 15511 	  62372 	 0.34 	 0.26
109693 	 127102 	 0.31 	 0.25
109693 	  97838 	 0.35 	 0.21
109693 	 128844 	 0.31 	 0.25
 99902 	  96511 	 0.30 	 0.21
 99902 	 109693 	 0.34 	 0.21
 18307 	  88141 	 0.34 	 0.26
 18307 	  15511 	 0.32 	 0.26
 70752 	  94908 	 0.34 	 0.26
 70752 	  92014 	 0.32 	 0.25
129131 	  97838 	 0.38 	 0.21
129131 	 106302 	 0.32 	 0.21
129131 	   8980 	 0.30 	 0.21
131018 	 127242 	 0.32 	 0.25
126200 	 127242 	 0.31 	 0.20
126200 	 107934 	 0.35 	 0.20
124999 	 127242 	 0.30 	 0.29
130983 	 109693 	 0.31 	 0.25
126721 	 109693 	 0.30 	 0.21
126721 	   8980 	 0.32 	 0.21
102278 	 126200 	 0.31 	 0.20
 65408 	 205919 	 0.38 	 0.26
 29716 	  88141 	 0.31 	 0.26
 29716 	  15511 	 0.31 	 0.26
127649 	  94908 	 0.36 	 0.20
127649 	  94927 	 0.39 	 0.25
127649 	 117891 	 0.37 	 0.25
127649 	   8980 	 0.34 	 0.25
127649 	 126721 	 0.31 	 0.25
 90147 	  85402 	 0.31 	 0.20
 95442 	 127242 	 0.31 	 0.20
 95442 	  80370 	 0.39 	 0.25
  5646 	  90147 	 0.31 	 0.26
 31490 	 127649 	 0.33 	 0.25
 69026 	   9595 	 0.39 	 0.21
 69026 	  65408 	 0.36 	 0.26
114535 	  80370 	 0.32 	 0.26
102078 	  96511 	 0.36 	 0.26
102078 	 110641 	 0.34 	 0.26
102078 	 130665 	 0.36 	 0.26
102078 	 127242 	 0.34 	 0.20
102078 	  70752 	 0.31 	 0.26
102078 	   8980 	 0.30 	 0.26
102078 	 126626 	 0.36 	 0.26
102078 	 127649 	 0.37 	 0.20
111407 	 109693 	 0.38 	 0.26
100909 	  96511 	 0.33 	 0.26
100909 	 106205 	 0.34 	 0.20
100909 	  88333 	 0.40 	 0.26
100909 	  70752 	 0.33 	 0.26
100909 	 102503 	 0.40 	 0.20
 65863 	  80370 	 0.34 	 0.26
108185 	  94264 	 0.31 	 0.25
 99477 	 110571 	 0.38 	 0.25
 99477 	  88333 	 0.36 	 0.25
 99477 	  70752 	 0.32 	 0.25
117951 	  96511 	 0.35 	 0.26
117951 	 130665 	 0.30 	 0.26
117951 	 106205 	 0.35 	 0.20
117951 	 126626 	 0.33 	 0.26
117951 	 102503 	 0.34 	 0.20
105970 	  94927 	 0.35 	 0.26
105970 	 117891 	 0.38 	 0.26
105970 	 110641 	 0.30 	 0.26
105970 	  70752 	 0.36 	 0.26
105970 	  99477 	 0.32 	 0.20
129134 	  92250 	 0.34 	 0.26
131017 	 126721 	 0.30 	 0.21
 72459 	   5543 	 0.33 	 0.21
101510 	  96511 	 0.30 	 0.25
101510 	 110571 	 0.33 	 0.25
101510 	 110268 	 0.34 	 0.25
101510 	  85402 	 0.39 	 0.20
101510 	 100909 	 0.32 	 0.20
127855 	 126040 	 0.32 	 0.20
127855 	 109693 	 0.31 	 0.25
127855 	 130780 	 0.32 	 0.25
127855 	 126200 	 0.30 	 0.20
127855 	  31490 	 0.35 	 0.25
127451 	 129131 	 0.31 	 0.21
127451 	 102278 	 0.31 	 0.25
127451 	  96113 	 0.30 	 0.26
  4363 	 101510 	 0.32 	 0.20
 85890 	 100617 	 0.31 	 0.21
 85890 	 102078 	 0.35 	 0.26
 85890 	  99477 	 0.30 	 0.25
 85890 	 101510 	 0.38 	 0.25
 31770 	  75641 	 0.34 	 0.21
119111 	  96511 	 0.38 	 0.26
119111 	 130665 	 0.36 	 0.26
119111 	 126626 	 0.35 	 0.26
119111 	  85890 	 0.36 	 0.26
119325 	 127102 	 0.34 	 0.20
119325 	  91563 	 0.34 	 0.25
119325 	 128844 	 0.34 	 0.20
119325 	 106205 	 0.40 	 0.20
119325 	  66388 	 0.33 	 0.23
119325 	 109693 	 0.31 	 0.25
119325 	 130983 	 0.34 	 0.20
119325 	 126721 	 0.35 	 0.25
119325 	 100909 	 0.31 	 0.20
101544 	  94927 	 0.35 	 0.26
101544 	 117891 	 0.36 	 0.26
101544 	 130665 	 0.40 	 0.26
101544 	 110571 	 0.36 	 0.26
101544 	  99477 	 0.39 	 0.20
118363 	  94908 	 0.34 	 0.20
118363 	  94927 	 0.33 	 0.25
118363 	 127102 	 0.32 	 0.20
118363 	 117891 	 0.34 	 0.25
118363 	 130665 	 0.35 	 0.25
118363 	 128844 	 0.34 	 0.20
118363 	 106205 	 0.38 	 0.20
118363 	 110571 	 0.30 	 0.25
118363 	 130983 	 0.31 	 0.20
118363 	  95442 	 0.37 	 0.20
118363 	  31490 	 0.30 	 0.25
118363 	 102503 	 0.37 	 0.20
118363 	  99477 	 0.34 	 0.20
118363 	  72459 	 0.31 	 0.24
118363 	  58481 	 0.35 	 0.20
100782 	 127242 	 0.34 	 0.20
100782 	  80370 	 0.38 	 0.25
100782 	  67846 	 0.34 	 0.20
 53106 	 110268 	 0.32 	 0.25
 53106 	  31490 	 0.30 	 0.25
 53106 	 100782 	 0.32 	 0.20
105815 	 126200 	 0.38 	 0.20
105815 	   4363 	 0.30 	 0.20
129960 	 109693 	 0.30 	 0.21
129960 	 130780 	 0.34 	 0.21
129960 	 119325 	 0.37 	 0.25
 81306 	  75641 	 0.39 	 0.22
101892 	 110641 	 0.32 	 0.26
126216 	  31490 	 0.31 	 0.22
130986 	 106205 	 0.32 	 0.20
130986 	 131018 	 0.34 	 0.25
130986 	 127649 	 0.33 	 0.20
130986 	  72459 	 0.30 	 0.24
130986 	 119325 	 0.36 	 0.20
 85972 	 127102 	 0.32 	 0.25
 85972 	 130387 	 0.35 	 0.25
 85972 	 128844 	 0.31 	 0.25
 85972 	 130983 	 0.32 	 0.25
 85972 	   4363 	 0.36 	 0.25
 85972 	 118363 	 0.33 	 0.25
 85972 	 129960 	 0.31 	 0.21
129434 	 127242 	 0.34 	 0.25
129434 	 106205 	 0.35 	 0.25
129434 	 127649 	 0.34 	 0.25
129434 	 105970 	 0.35 	 0.26
129434 	 101544 	 0.36 	 0.26
129434 	 118363 	 0.36 	 0.25
104295 	  96511 	 0.34 	 0.26
104295 	 106205 	 0.39 	 0.20
104295 	  70752 	 0.31 	 0.26
104295 	 101510 	 0.36 	 0.20
124419 	 118052 	 0.33 	 0.26
124419 	  95573 	 0.37 	 0.26
124419 	 106205 	 0.36 	 0.25
124419 	  95603 	 0.32 	 0.26
124419 	  96113 	 0.35 	 0.26
128492 	  92014 	 0.31 	 0.25
128492 	 127242 	 0.31 	 0.25
128492 	 106205 	 0.33 	 0.25
128492 	 127649 	 0.36 	 0.25
128492 	 105970 	 0.38 	 0.26
128492 	 101544 	 0.33 	 0.26
128492 	 118363 	 0.33 	 0.25
 91637 	   2986 	 0.33 	 0.26
 91637 	  95442 	 0.31 	 0.21
 91637 	  31490 	 0.35 	 0.27
 91637 	 127855 	 0.37 	 0.21
 91637 	   4363 	 0.31 	 0.21
 91637 	  93950 	 0.30 	 0.21
 91637 	 129960 	 0.39 	 0.23
102383 	  94908 	 0.33 	 0.20
102383 	  94927 	 0.34 	 0.25
102383 	 117891 	 0.35 	 0.25
102383 	  80370 	 0.36 	 0.25
102383 	 110571 	 0.40 	 0.25
102383 	  67846 	 0.32 	 0.20
102383 	  53106 	 0.31 	 0.20
102383 	 129434 	 0.36 	 0.25
102383 	 128492 	 0.31 	 0.25
122251 	  94927 	 0.30 	 0.26
122251 	 117891 	 0.36 	 0.26
122251 	  99477 	 0.34 	 0.20
122251 	 129434 	 0.31 	 0.26
122251 	 128492 	 0.35 	 0.26
125161 	  75641 	 0.30 	 0.25
105733 	  93950 	 0.37 	 0.20
103296 	  72459 	 0.35 	 0.29
103296 	 125161 	 0.38 	 0.22
 72992 	   5646 	 0.32 	 0.26
  2911 	  92014 	 0.33 	 0.20
 16479 	   5646 	 0.31 	 0.26
119311 	 127102 	 0.34 	 0.20
119311 	  91563 	 0.35 	 0.25
119311 	 128844 	 0.33 	 0.20
119311 	 106205 	 0.38 	 0.20
119311 	  66388 	 0.33 	 0.23
119311 	 109693 	 0.32 	 0.25
119311 	 130983 	 0.33 	 0.20
119311 	 126721 	 0.35 	 0.25
119311 	 100909 	 0.32 	 0.20
119311 	 129960 	 0.37 	 0.25
119311 	 130986 	 0.35 	 0.20
128762 	 106302 	 0.35 	 0.25
128762 	 130780 	 0.30 	 0.25
128762 	 107934 	 0.34 	 0.20
128762 	 127649 	 0.37 	 0.20
128762 	  95442 	 0.32 	 0.20
128762 	 100782 	 0.31 	 0.20
125839 	 118363 	 0.34 	 0.25
125839 	 100782 	 0.38 	 0.25
 43129 	 110268 	 0.30 	 0.25
 77153 	  81306 	 0.36 	 0.27
124080 	  96511 	 0.40 	 0.26
124080 	 127242 	 0.30 	 0.20
124080 	  70752 	 0.32 	 0.26
124080 	 127649 	 0.31 	 0.20
124080 	 101510 	 0.39 	 0.20
124080 	 118363 	 0.31 	 0.20
124080 	 102383 	 0.34 	 0.20
  8179 	  80370 	 0.36 	 0.26
  8179 	  67846 	 0.35 	 0.20
  8179 	  43129 	 0.34 	 0.20
109370 	 127102 	 0.32 	 0.25
109370 	 102380 	 0.37 	 0.23
109370 	 130983 	 0.31 	 0.25
109370 	 127649 	 0.34 	 0.25
109370 	   4363 	 0.32 	 0.25
109370 	 129960 	 0.33 	 0.21
109370 	 128762 	 0.30 	 0.25
  2622 	  75030 	 0.30 	 0.20
  2622 	  91848 	 0.31 	 0.20
  2622 	  75641 	 0.36 	 0.22
  2622 	  77153 	 0.30 	 0.27
 97207 	 127242 	 0.34 	 0.25
 97207 	 129131 	 0.30 	 0.21
 97207 	 124999 	 0.32 	 0.26
 97207 	 128762 	 0.31 	 0.25
116522 	 125839 	 0.38 	 0.26
 76449 	  68681 	 0.33 	 0.26
 91880 	  95442 	 0.33 	 0.25
 91880 	 100782 	 0.32 	 0.25
 91880 	 102383 	 0.32 	 0.25
103133 	  99477 	 0.36 	 0.20
103133 	 101510 	 0.34 	 0.20
103133 	 119325 	 0.34 	 0.20
103133 	 102383 	 0.38 	 0.20
103133 	 119311 	 0.35 	 0.20
101463 	 119680 	 0.33 	 0.25
101463 	 126040 	 0.31 	 0.20
101463 	 106302 	 0.30 	 0.25
101463 	 127855 	 0.38 	 0.20
101463 	 119325 	 0.39 	 0.20
101463 	   2911 	 0.34 	 0.20
101463 	 119311 	 0.39 	 0.20
 95336 	  75641 	 0.31 	 0.27
 96012 	 102503 	 0.33 	 0.25
 96012 	 130986 	 0.32 	 0.25
111666 	  96113 	 0.30 	 0.26
 98252 	 106205 	 0.33 	 0.20
 98252 	  85890 	 0.33 	 0.25
 98252 	 118363 	 0.35 	 0.20
 98252 	 102383 	 0.39 	 0.20
 73957 	  97838 	 0.33 	 0.21
 73957 	  99902 	 0.34 	 0.21
 73957 	  95442 	 0.32 	 0.25
 73957 	 114535 	 0.33 	 0.26
 73957 	 102503 	 0.32 	 0.25
 73957 	 101510 	 0.30 	 0.25
 73957 	 118363 	 0.32 	 0.25
118768 	 102503 	 0.36 	 0.20
118768 	 101510 	 0.39 	 0.20
118768 	 124419 	 0.34 	 0.26
 69633 	  65408 	 0.31 	 0.20
 69633 	  77153 	 0.34 	 0.27
128974 	  94908 	 0.35 	 0.26
128974 	 102380 	 0.32 	 0.23
128974 	  97838 	 0.32 	 0.21
128974 	 106205 	 0.37 	 0.25
128974 	  99902 	 0.35 	 0.21
128974 	 100909 	 0.31 	 0.26
128974 	 101510 	 0.37 	 0.25
128974 	 118363 	 0.35 	 0.25
128974 	 101892 	 0.33 	 0.26
128974 	 115173 	 0.33 	 0.26
128974 	 104295 	 0.32 	 0.26
128974 	 124080 	 0.33 	 0.26
128974 	 103133 	 0.32 	 0.26
101365 	 130387 	 0.37 	 0.25
101365 	 102380 	 0.31 	 0.23
101365 	 126869 	 0.31 	 0.25
101365 	  97838 	 0.38 	 0.21
101365 	 126040 	 0.33 	 0.25
101365 	 128844 	 0.32 	 0.25
101365 	  99902 	 0.39 	 0.21
101365 	 126200 	 0.39 	 0.25
101365 	 127649 	 0.30 	 0.25
101365 	  95442 	 0.33 	 0.25
101365 	 127855 	 0.31 	 0.25
101365 	   4363 	 0.35 	 0.25
101365 	  67362 	 0.31 	 0.26
  3208 	 125161 	 0.36 	 0.22
 10274 	  95182 	 0.36 	 0.26
 10274 	  10217 	 0.36 	 0.21
 99159 	 106205 	 0.39 	 0.25
 99159 	  96113 	 0.32 	 0.26
 99159 	 117951 	 0.35 	 0.26
 99159 	 118363 	 0.35 	 0.25
 66221 	 125161 	 0.36 	 0.22
 65192 	  77153 	 0.40 	 0.25
122945 	 127242 	 0.34 	 0.25
122945 	 129131 	 0.33 	 0.21
122945 	 118363 	 0.36 	 0.25
122945 	  67846 	 0.35 	 0.25
122945 	 128762 	 0.33 	 0.25
 99455 	 118052 	 0.33 	 0.20
 99455 	 127242 	 0.34 	 0.20
 99455 	  70752 	 0.31 	 0.25
 99455 	 127649 	 0.32 	 0.20
 99455 	  85890 	 0.32 	 0.25
 99455 	 118363 	 0.37 	 0.20
 99455 	 116522 	 0.35 	 0.20
 99455 	  73957 	 0.31 	 0.25
 99455 	 118768 	 0.40 	 0.20
101673 	  99455 	 0.36 	 0.20
 96900 	 101892 	 0.35 	 0.26
114259 	 102278 	 0.33 	 0.25
102481 	  96511 	 0.30 	 0.25
102481 	 109693 	 0.35 	 0.25
102481 	 125161 	 0.30 	 0.22
102481 	 128762 	 0.31 	 0.20
102481 	 128974 	 0.36 	 0.25
119112 	 100617 	 0.32 	 0.21
119112 	 127242 	 0.31 	 0.25
119112 	  99477 	 0.35 	 0.25
119112 	 118768 	 0.33 	 0.26
119112 	  99455 	 0.31 	 0.25
  2524 	  31490 	 0.38 	 0.25
  2524 	  72459 	 0.31 	 0.24
  2524 	   2622 	 0.30 	 0.20
  2524 	 101463 	 0.33 	 0.20
108273 	  95442 	 0.30 	 0.20
108273 	 118363 	 0.31 	 0.20
108273 	 100782 	 0.30 	 0.20
108273 	 122945 	 0.31 	 0.26
 15972 	  15511 	 0.31 	 0.26
110588 	 119311 	 0.30 	 0.20
110588 	 128974 	 0.34 	 0.26
 92527 	 101365 	 0.30 	 0.25
101749 	  96511 	 0.34 	 0.26
101749 	 127242 	 0.30 	 0.20
101749 	  70752 	 0.32 	 0.26
101749 	 101510 	 0.35 	 0.20
101749 	 128974 	 0.32 	 0.26
  2251 	  59539 	 0.37 	 0.26
  2251 	  44074 	 0.35 	 0.26
  2251 	 108273 	 0.31 	 0.26
 75566 	  91848 	 0.31 	 0.20
 75566 	  94332 	 0.30 	 0.20
 75566 	  67362 	 0.38 	 0.20
 75566 	   2622 	 0.32 	 0.20
 52224 	   2622 	 0.38 	 0.20
103677 	  96511 	 0.35 	 0.26
103677 	  92014 	 0.31 	 0.20
103677 	 127242 	 0.31 	 0.20
103677 	 106205 	 0.33 	 0.20
103677 	  88333 	 0.30 	 0.26
103677 	  70752 	 0.35 	 0.26
103677 	 127649 	 0.36 	 0.20
103677 	 118363 	 0.32 	 0.20
103677 	 102383 	 0.31 	 0.20
103677 	 128974 	 0.33 	 0.26
122600 	 127242 	 0.33 	 0.25
122600 	  97838 	 0.33 	 0.21
122600 	 106205 	 0.33 	 0.25
122600 	 127649 	 0.33 	 0.25
122600 	 105970 	 0.35 	 0.26
122600 	 101510 	 0.37 	 0.25
122600 	 118363 	 0.30 	 0.25
122600 	 101892 	 0.31 	 0.26
 62649 	  52224 	 0.30 	 0.25
 90137 	  85402 	 0.31 	 0.20
 90137 	   5646 	 0.31 	 0.26
 90137 	 122840 	 0.31 	 0.26
 94602 	 126869 	 0.32 	 0.22
 64266 	  10217 	 0.35 	 0.25
 62268 	 109693 	 0.31 	 0.21
 62268 	 126721 	 0.33 	 0.21
 62268 	  31490 	 0.31 	 0.20
 62268 	 119325 	 0.31 	 0.25
 62268 	 129960 	 0.31 	 0.21
 62268 	 119311 	 0.32 	 0.25
115220 	  96511 	 0.33 	 0.26
115220 	 127242 	 0.30 	 0.20
115220 	 106205 	 0.39 	 0.20
115220 	  70752 	 0.33 	 0.26
115220 	 102503 	 0.39 	 0.20
115220 	 101510 	 0.39 	 0.20
115220 	 118363 	 0.35 	 0.20
115220 	 128974 	 0.36 	 0.26
115220 	  99159 	 0.40 	 0.26
 58416 	  62268 	 0.31 	 0.23
 16404 	  95182 	 0.37 	 0.20
124477 	  96113 	 0.30 	 0.26
124477 	 118363 	 0.33 	 0.25
124477 	 102383 	 0.32 	 0.25
124477 	 116522 	 0.38 	 0.26
 81262 	  65408 	 0.31 	 0.26
101648 	  80370 	 0.37 	 0.25
101648 	 106205 	 0.31 	 0.20
101648 	  67846 	 0.34 	 0.20
101648 	  53106 	 0.31 	 0.20
101648 	 125839 	 0.37 	 0.25
101648 	  91880 	 0.31 	 0.25
101648 	 124477 	 0.40 	 0.25
127221 	 131018 	 0.33 	 0.26
127221 	  99159 	 0.37 	 0.26
106697 	 109693 	 0.30 	 0.26
106697 	 110268 	 0.36 	 0.26
106697 	 128974 	 0.31 	 0.26
106697 	 101648 	 0.38 	 0.20
 74286 	  68681 	 0.33 	 0.26
 95781 	 100617 	 0.36 	 0.21
 95781 	 129131 	 0.33 	 0.21
 95781 	 101463 	 0.34 	 0.25
124177 	  96511 	 0.30 	 0.26
124177 	 106302 	 0.34 	 0.26
124177 	 106205 	 0.34 	 0.20
124177 	  98252 	 0.39 	 0.20
124177 	  99159 	 0.33 	 0.26
124177 	 102481 	 0.37 	 0.20
124177 	  95781 	 0.32 	 0.26
100142 	 129208 	 0.34 	 0.26
 28201 	 110268 	 0.34 	 0.25
 28201 	  65863 	 0.33 	 0.20
 28201 	 100782 	 0.33 	 0.20
 28201 	 102383 	 0.32 	 0.20
 28201 	 122945 	 0.34 	 0.25
 28201 	 101648 	 0.32 	 0.20
 74885 	  75641 	 0.31 	 0.21
 74885 	  77153 	 0.35 	 0.26
105156 	 102503 	 0.30 	 0.25
105156 	 103133 	 0.34 	 0.26
119717 	  99159 	 0.35 	 0.26
 95409 	 130387 	 0.31 	 0.25
 95409 	 127242 	 0.31 	 0.25
 95409 	 127649 	 0.31 	 0.25
 95409 	  96113 	 0.31 	 0.26
 95409 	 102078 	 0.32 	 0.26
 95409 	 102503 	 0.40 	 0.25
 95409 	 101510 	 0.34 	 0.25
 95409 	 118363 	 0.34 	 0.25
 95409 	 102383 	 0.32 	 0.25
124225 	 131018 	 0.34 	 0.26
 99213 	 100909 	 0.33 	 0.26
 99213 	 104295 	 0.35 	 0.26
 99213 	 103133 	 0.33 	 0.26
 99213 	 101749 	 0.35 	 0.26
 99213 	 115220 	 0.33 	 0.26
 99213 	 106697 	 0.35 	 0.26
 98469 	 100909 	 0.36 	 0.26
 98469 	 103133 	 0.38 	 0.26
 98469 	 101749 	 0.40 	 0.26
119685 	 100617 	 0.33 	 0.21
119685 	  97838 	 0.35 	 0.21
119685 	 129131 	 0.33 	 0.21
119685 	  95442 	 0.30 	 0.25
119685 	  96113 	 0.31 	 0.26
119685 	 102503 	 0.34 	 0.25
119685 	  99477 	 0.36 	 0.25
119685 	 101510 	 0.37 	 0.25
119685 	 119325 	 0.31 	 0.25
119685 	 118363 	 0.35 	 0.25
119685 	 119311 	 0.31 	 0.25
119685 	  98252 	 0.35 	 0.25
119685 	  99455 	 0.35 	 0.25
119685 	 124177 	 0.32 	 0.26
128471 	 102078 	 0.36 	 0.26
128471 	 119111 	 0.34 	 0.26
128471 	 101544 	 0.32 	 0.26
 77148 	  95336 	 0.37 	 0.28
 77148 	  65192 	 0.39 	 0.21
 96223 	  98252 	 0.38 	 0.20
 96223 	  99159 	 0.37 	 0.26
 96223 	 102481 	 0.39 	 0.20
115258 	 119325 	 0.37 	 0.25
115258 	 101544 	 0.33 	 0.26
115258 	 101892 	 0.35 	 0.26
115258 	 119311 	 0.37 	 0.25
 69513 	  97838 	 0.36 	 0.21
 69513 	  99902 	 0.32 	 0.21
 69513 	  95442 	 0.32 	 0.25
 69513 	 114535 	 0.31 	 0.26
 69513 	 100782 	 0.31 	 0.25
 69513 	  53106 	 0.32 	 0.25
 69513 	 102481 	 0.32 	 0.25
 69513 	 101648 	 0.31 	 0.25
126248 	  92014 	 0.32 	 0.25
126248 	 127242 	 0.33 	 0.25
126248 	  97838 	 0.35 	 0.21
126248 	 102078 	 0.34 	 0.26
126248 	 117951 	 0.31 	 0.26
126248 	 101510 	 0.34 	 0.25
126248 	 119111 	 0.32 	 0.26
126248 	 102383 	 0.35 	 0.25
126248 	 124177 	 0.38 	 0.26
102995 	 110268 	 0.33 	 0.26
102995 	 118363 	 0.30 	 0.20
102995 	 100782 	 0.37 	 0.20
102995 	 128974 	 0.30 	 0.26
102995 	 101648 	 0.37 	 0.20
102995 	  99213 	 0.33 	 0.26
102995 	  98469 	 0.38 	 0.26
120346 	 117891 	 0.37 	 0.26
120346 	 127242 	 0.31 	 0.20
120346 	 126626 	 0.30 	 0.26
120346 	 127649 	 0.31 	 0.20
120346 	  99477 	 0.39 	 0.20
120346 	 129434 	 0.37 	 0.26
120346 	 128492 	 0.33 	 0.26
120346 	 102383 	 0.32 	 0.20
118432 	 100617 	 0.37 	 0.21
118432 	  97838 	 0.30 	 0.21
118432 	  99902 	 0.34 	 0.21
118432 	  96113 	 0.31 	 0.26
118432 	 102078 	 0.34 	 0.26
118432 	 102503 	 0.35 	 0.25
118432 	  99477 	 0.33 	 0.25
118432 	 117951 	 0.35 	 0.26
118432 	 101510 	 0.32 	 0.25
118432 	 119111 	 0.33 	 0.26
118432 	 130986 	 0.33 	 0.25
118432 	 102383 	 0.32 	 0.25
118432 	 124080 	 0.34 	 0.26
118432 	  99455 	 0.37 	 0.25
118432 	 102481 	 0.35 	 0.25
  2267 	 101160 	 0.31 	 0.26
  2267 	 122840 	 0.30 	 0.26
  2267 	  67846 	 0.37 	 0.20
  2267 	  34379 	 0.38 	 0.26
 82463 	  93866 	 0.31 	 0.26
 95790 	  99159 	 0.32 	 0.26
 95350 	  94332 	 0.30 	 0.26
 95350 	  72459 	 0.33 	 0.21
 95350 	  66221 	 0.31 	 0.26
101486 	 100617 	 0.39 	 0.21
101486 	  95442 	 0.38 	 0.25
101486 	  96113 	 0.36 	 0.26
101486 	 100782 	 0.37 	 0.25
101486 	 118768 	 0.33 	 0.26
101486 	 101648 	 0.36 	 0.25
101809 	 100909 	 0.36 	 0.26
101809 	 104295 	 0.40 	 0.26
101809 	 103133 	 0.33 	 0.26
101809 	 101749 	 0.40 	 0.26
101809 	 115220 	 0.37 	 0.26
 61797 	   5646 	 0.36 	 0.26
 95513 	  94908 	 0.35 	 0.26
 95513 	 100909 	 0.31 	 0.26
 95513 	 101510 	 0.35 	 0.25
 95513 	 101892 	 0.36 	 0.26
 95513 	 115173 	 0.34 	 0.26
 95513 	 104295 	 0.33 	 0.26
 95513 	 124080 	 0.33 	 0.26
 95513 	 103133 	 0.31 	 0.26
 95513 	 110588 	 0.34 	 0.26
 95513 	 101749 	 0.33 	 0.26
 95513 	 103677 	 0.34 	 0.26
 95513 	 115220 	 0.32 	 0.26
 95513 	 106697 	 0.31 	 0.26
117213 	 119325 	 0.36 	 0.25
117213 	 119311 	 0.37 	 0.25
117213 	 101463 	 0.33 	 0.25
117213 	   2524 	 0.39 	 0.25
117213 	  62268 	 0.32 	 0.21
 94005 	  80370 	 0.33 	 0.26
 94005 	  43129 	 0.34 	 0.20
117950 	  96511 	 0.38 	 0.26
117950 	 117891 	 0.30 	 0.26
117950 	 130665 	 0.34 	 0.26
117950 	 106205 	 0.39 	 0.20
117950 	 126626 	 0.33 	 0.26
117950 	  99477 	 0.32 	 0.20
117950 	 129434 	 0.30 	 0.26
117950 	 102383 	 0.40 	 0.20
117950 	  74885 	 0.32 	 0.24
117950 	 126248 	 0.38 	 0.26
 76438 	  68681 	 0.34 	 0.26
122891 	 130665 	 0.35 	 0.21
122891 	  80370 	 0.35 	 0.21
122891 	 109693 	 0.32 	 0.21
122891 	   8980 	 0.30 	 0.21
122891 	 125839 	 0.39 	 0.21
122891 	 109370 	 0.30 	 0.21
122891 	  91880 	 0.30 	 0.21
122891 	 101365 	 0.32 	 0.21
122891 	 115606 	 0.30 	 0.25
122891 	 122600 	 0.34 	 0.21
122891 	  69513 	 0.31 	 0.21
122891 	 126248 	 0.35 	 0.21
122891 	 118432 	 0.30 	 0.21
124881 	 118052 	 0.31 	 0.26
124881 	  95573 	 0.37 	 0.26
124881 	 106205 	 0.36 	 0.25
124881 	  95603 	 0.32 	 0.26
124881 	  96113 	 0.32 	 0.26
124881 	 118768 	 0.32 	 0.26
126974 	 127242 	 0.33 	 0.20
126974 	  95442 	 0.31 	 0.20
126974 	  31490 	 0.31 	 0.25
126974 	 127855 	 0.32 	 0.20
126974 	  85972 	 0.33 	 0.25
126974 	 109370 	 0.39 	 0.25
126974 	 128974 	 0.33 	 0.25
126974 	 122945 	 0.30 	 0.25
126974 	 100142 	 0.31 	 0.20
126974 	 119685 	 0.38 	 0.25
129421 	 100617 	 0.35 	 0.21
129421 	  99902 	 0.32 	 0.21
129421 	 126200 	 0.40 	 0.25
129421 	 127649 	 0.38 	 0.25
129421 	 129960 	 0.30 	 0.21
129421 	 102481 	 0.30 	 0.25
129421 	 101648 	 0.31 	 0.25
129421 	 126974 	 0.33 	 0.25
113610 	  97838 	 0.32 	 0.21
113610 	  95603 	 0.39 	 0.26
113610 	 102078 	 0.35 	 0.26
113610 	 101510 	 0.35 	 0.25
113610 	 119111 	 0.30 	 0.26
113610 	 101544 	 0.36 	 0.26
113610 	 118363 	 0.31 	 0.25
113610 	 119717 	 0.36 	 0.26
113610 	  96223 	 0.40 	 0.26
113610 	  95790 	 0.39 	 0.26
113610 	 122891 	 0.33 	 0.21
103091 	  94908 	 0.30 	 0.26
103091 	  97838 	 0.35 	 0.21
103091 	 106205 	 0.37 	 0.25
103091 	  99902 	 0.35 	 0.21
103091 	  95442 	 0.39 	 0.25
103091 	 102078 	 0.33 	 0.26
103091 	  99477 	 0.35 	 0.25
103091 	 119111 	 0.40 	 0.26
103091 	 118363 	 0.33 	 0.25
103091 	 130986 	 0.33 	 0.25
103091 	 124080 	 0.37 	 0.26
103091 	 103133 	 0.32 	 0.26
103091 	  99455 	 0.40 	 0.25
103091 	 102481 	 0.37 	 0.25
103091 	 120346 	 0.39 	 0.26
103091 	 122891 	 0.38 	 0.21
 67993 	  62649 	 0.39 	 0.25
 98991 	  59539 	 0.31 	 0.20
 98991 	 126869 	 0.34 	 0.20
 98991 	 126200 	 0.30 	 0.20
 98991 	  72459 	 0.37 	 0.24
 98991 	 109370 	 0.35 	 0.25
 61753 	  52224 	 0.32 	 0.25
123022 	  96511 	 0.37 	 0.25
123022 	 130665 	 0.36 	 0.25
123022 	  80370 	 0.35 	 0.25
123022 	 110571 	 0.31 	 0.25
123022 	 109693 	 0.35 	 0.25
123022 	 100909 	 0.39 	 0.20
123022 	  67846 	 0.34 	 0.20
123022 	  53106 	 0.32 	 0.20
123022 	 103133 	 0.31 	 0.20
123022 	  73957 	 0.32 	 0.25
123022 	 115220 	 0.35 	 0.20
123022 	  28201 	 0.32 	 0.20
123022 	 119685 	 0.37 	 0.25
123022 	  69513 	 0.30 	 0.25
123022 	 126248 	 0.37 	 0.25
123022 	 118432 	 0.31 	 0.25
123022 	 113610 	 0.32 	 0.25
123022 	 103091 	 0.36 	 0.25
100744 	 130387 	 0.36 	 0.20
100744 	 126869 	 0.34 	 0.20
100744 	 126040 	 0.33 	 0.20
100744 	 130780 	 0.35 	 0.26
100744 	 131017 	 0.35 	 0.26
100744 	 126974 	 0.32 	 0.20
118234 	  96511 	 0.34 	 0.26
118234 	 130665 	 0.32 	 0.26
118234 	 106205 	 0.35 	 0.20
118234 	 126626 	 0.37 	 0.26
118234 	  99477 	 0.32 	 0.20
118234 	 101510 	 0.37 	 0.20
118234 	  85890 	 0.31 	 0.26
118234 	  99455 	 0.34 	 0.20
118234 	 102481 	 0.33 	 0.20
118234 	 126248 	 0.35 	 0.26
118234 	 113610 	 0.31 	 0.26
115883 	 127102 	 0.30 	 0.20
115883 	  96511 	 0.34 	 0.25
115883 	  91563 	 0.32 	 0.25
115883 	 128844 	 0.31 	 0.20
115883 	 106205 	 0.33 	 0.20
115883 	 109693 	 0.36 	 0.25
115883 	  70752 	 0.36 	 0.25
115883 	 130983 	 0.33 	 0.20
115883 	  95442 	 0.30 	 0.20
115883 	 102078 	 0.33 	 0.20
115883 	 102503 	 0.36 	 0.20
115883 	 105970 	 0.33 	 0.20
115883 	 127855 	 0.34 	 0.20
115883 	 119325 	 0.35 	 0.20
115883 	 119311 	 0.35 	 0.20
115883 	  99159 	 0.37 	 0.25
115883 	 122945 	 0.33 	 0.25
103973 	 130387 	 0.33 	 0.20
103973 	  39079 	 0.31 	 0.25
103973 	 126869 	 0.37 	 0.20
103973 	 126040 	 0.34 	 0.20
103973 	 109693 	 0.36 	 0.25
103973 	  70752 	 0.34 	 0.25
103973 	   8980 	 0.30 	 0.25
103973 	 126200 	 0.35 	 0.20
103973 	 127649 	 0.37 	 0.20
103973 	 127451 	 0.31 	 0.25
103973 	 129960 	 0.39 	 0.25
103973 	 128492 	 0.30 	 0.25
103973 	 109370 	 0.35 	 0.25
103973 	 101463 	 0.33 	 0.20
103973 	 103677 	 0.30 	 0.20
103973 	 122600 	 0.32 	 0.25
103973 	 117213 	 0.34 	 0.25
103973 	 126974 	 0.31 	 0.20
 52250 	  28241 	 0.33 	 0.23
 52250 	  31490 	 0.34 	 0.23
121157 	  94908 	 0.31 	 0.26
121157 	 106205 	 0.31 	 0.25
121157 	  99902 	 0.40 	 0.21
121157 	 129131 	 0.38 	 0.21
121157 	 100909 	 0.31 	 0.26
121157 	 101510 	 0.40 	 0.25
121157 	 118363 	 0.33 	 0.25
121157 	 104295 	 0.37 	 0.26
121157 	 124080 	 0.32 	 0.26
121157 	 101749 	 0.36 	 0.26
121157 	 103677 	 0.33 	 0.26
121157 	 115220 	 0.40 	 0.26
121157 	 126974 	 0.37 	 0.25
 31394 	  65408 	 0.35 	 0.26
  7303 	 117081 	 0.31 	 0.22
  7303 	  58481 	 0.30 	 0.22
  7303 	  85972 	 0.36 	 0.29
  7303 	 109370 	 0.34 	 0.29
126651 	 127649 	 0.39 	 0.20
126651 	 101365 	 0.36 	 0.25
126651 	 120998 	 0.32 	 0.20
 92509 	 130665 	 0.34 	 0.26
 92509 	 110571 	 0.36 	 0.26
 92509 	 126626 	 0.34 	 0.26
 92509 	 105156 	 0.35 	 0.26
 92509 	 115258 	 0.36 	 0.26
 92509 	 126248 	 0.30 	 0.26
 92509 	 113610 	 0.35 	 0.26
113681 	 127242 	 0.33 	 0.20
113681 	 109693 	 0.31 	 0.25
113681 	   8980 	 0.31 	 0.25
113681 	 110268 	 0.37 	 0.25
113681 	 101160 	 0.38 	 0.25
113681 	 127649 	 0.32 	 0.20
113681 	  91926 	 0.32 	 0.25
113681 	  96113 	 0.31 	 0.20
113681 	 102503 	 0.38 	 0.20
113681 	 122840 	 0.40 	 0.25
113681 	  58481 	 0.32 	 0.20
113681 	  85972 	 0.30 	 0.25
113681 	 102383 	 0.33 	 0.20
113681 	 128762 	 0.31 	 0.20
113681 	  96012 	 0.34 	 0.25
113681 	 128974 	 0.39 	 0.25
113681 	  99159 	 0.37 	 0.25
113681 	  92527 	 0.32 	 0.20
113681 	 129421 	 0.32 	 0.25
 75661 	  97838 	 0.31 	 0.21
 75661 	 110268 	 0.32 	 0.21
 75661 	  69513 	 0.35 	 0.21
 66563 	 110268 	 0.31 	 0.26
 66563 	 101160 	 0.32 	 0.26
 66563 	  95442 	 0.31 	 0.20
 66563 	 122840 	 0.34 	 0.26
 66563 	  53106 	 0.34 	 0.20
 66563 	  73957 	 0.32 	 0.26
 66563 	 122945 	 0.30 	 0.26
 66563 	  69513 	 0.34 	 0.26
 66563 	 123045 	 0.32 	 0.20
100172 	 118363 	 0.34 	 0.25
100172 	 100782 	 0.37 	 0.25
100172 	 102383 	 0.30 	 0.25
100172 	 118768 	 0.37 	 0.26
100172 	 101648 	 0.38 	 0.25
100172 	 122891 	 0.35 	 0.21
108160 	 131151 	 0.32 	 0.20
108160 	 114259 	 0.36 	 0.25
 77586 	  72459 	 0.31 	 0.21
128300 	  96511 	 0.38 	 0.26
128300 	 118363 	 0.36 	 0.20
128300 	  73957 	 0.30 	 0.26
128300 	 128974 	 0.36 	 0.26
128300 	 105156 	 0.35 	 0.26
128300 	  95513 	 0.35 	 0.26
128300 	 103091 	 0.38 	 0.26
128300 	 123022 	 0.38 	 0.20
101850 	 118363 	 0.33 	 0.20
101850 	 124419 	 0.37 	 0.26
101850 	 125839 	 0.31 	 0.26
101850 	 119112 	 0.34 	 0.26
101850 	 124477 	 0.30 	 0.26
101850 	 124881 	 0.35 	 0.26
 91740 	  97838 	 0.33 	 0.21
 91740 	  99902 	 0.34 	 0.21
 91740 	  95442 	 0.32 	 0.25
 91740 	 101510 	 0.37 	 0.25
 91740 	 119111 	 0.31 	 0.26
 91740 	 100782 	 0.31 	 0.25
 91740 	 102481 	 0.35 	 0.25
 91740 	 101648 	 0.30 	 0.25
 91740 	 126974 	 0.31 	 0.25
 91740 	 113681 	 0.31 	 0.25
 59944 	  87759 	 0.39 	 0.26
 59944 	  61753 	 0.34 	 0.21
 70788 	  81305 	 0.35 	 0.21
 70788 	 205919 	 0.34 	 0.21
 70788 	  10274 	 0.39 	 0.21
 66886 	  75641 	 0.34 	 0.24
 66886 	  16479 	 0.38 	 0.22
103733 	  96511 	 0.31 	 0.26
103733 	 106302 	 0.35 	 0.26
103733 	 106205 	 0.31 	 0.20
103733 	  98252 	 0.38 	 0.20
103733 	  99159 	 0.35 	 0.26
103733 	 119617 	 0.31 	 0.26
103733 	 102481 	 0.39 	 0.20
103733 	  95781 	 0.35 	 0.26
103733 	 119685 	 0.34 	 0.26
103733 	 126248 	 0.38 	 0.26
 74664 	  68681 	 0.34 	 0.26
106244 	 100617 	 0.37 	 0.21
106244 	 127242 	 0.30 	 0.25
106244 	 129131 	 0.31 	 0.21
106244 	 128762 	 0.31 	 0.25
106244 	 101463 	 0.31 	 0.25
106244 	 124177 	 0.33 	 0.26
106244 	 103733 	 0.34 	 0.26
100737 	 100909 	 0.36 	 0.26
100737 	 104295 	 0.40 	 0.26
100737 	 103133 	 0.33 	 0.26
100737 	 101749 	 0.40 	 0.26
100737 	 115220 	 0.37 	 0.26
108765 	 119680 	 0.37 	 0.26
108765 	 131018 	 0.40 	 0.26
108765 	 101510 	 0.31 	 0.20
108765 	 102383 	 0.39 	 0.20
108765 	  96012 	 0.39 	 0.26
108765 	 119617 	 0.35 	 0.26
108765 	 105156 	 0.36 	 0.26
108765 	 123022 	 0.30 	 0.20
119270 	 127102 	 0.36 	 0.25
119270 	 128844 	 0.37 	 0.25
119270 	 130983 	 0.36 	 0.25
119270 	 126721 	 0.36 	 0.21
119270 	 100909 	 0.34 	 0.26
119270 	 129960 	 0.40 	 0.21
119270 	 104295 	 0.32 	 0.26
119270 	 101463 	 0.35 	 0.25
119270 	   2524 	 0.35 	 0.25
119270 	 101749 	 0.32 	 0.26
119270 	  62268 	 0.32 	 0.21
119270 	 115220 	 0.30 	 0.26
119270 	 106697 	 0.32 	 0.26
119270 	 102995 	 0.31 	 0.26
119270 	 115883 	 0.37 	 0.25
126646 	 127242 	 0.34 	 0.25
126646 	 106205 	 0.33 	 0.25
126646 	 127649 	 0.35 	 0.25
126646 	 105970 	 0.36 	 0.26
126646 	 101544 	 0.36 	 0.26
126646 	 118363 	 0.35 	 0.25
126646 	 102383 	 0.37 	 0.25
126646 	 122251 	 0.33 	 0.26
126646 	 120346 	 0.39 	 0.26
126646 	 117950 	 0.31 	 0.26
108254 	 102503 	 0.31 	 0.20
103038 	 119325 	 0.35 	 0.20
103038 	 119311 	 0.35 	 0.20
103038 	 128974 	 0.31 	 0.26
103038 	  99213 	 0.34 	 0.26
103038 	  98469 	 0.37 	 0.26
103038 	  95513 	 0.30 	 0.26
126048 	  95442 	 0.38 	 0.25
126048 	  96113 	 0.32 	 0.26
126048 	 101510 	 0.37 	 0.25
126048 	 119111 	 0.38 	 0.26
126048 	 100782 	 0.39 	 0.25
126048 	 101648 	 0.38 	 0.25
126048 	 101850 	 0.33 	 0.26
126048 	 108254 	 0.34 	 0.26
 99548 	  59539 	 0.31 	 0.26
 99548 	 126200 	 0.30 	 0.25
 86131 	  65408 	 0.36 	 0.26
 86131 	  10217 	 0.37 	 0.21
  7854 	  80370 	 0.31 	 0.26
  7854 	  43129 	 0.37 	 0.20
  7854 	  73957 	 0.30 	 0.26
126574 	 124177 	 0.32 	 0.26
126574 	 103733 	 0.34 	 0.26
126574 	 108765 	 0.34 	 0.26
 66058 	  97838 	 0.31 	 0.21
 66058 	  95442 	 0.31 	 0.25
 66058 	  94785 	 0.32 	 0.26
 66058 	   8179 	 0.35 	 0.26
 66058 	   2268 	 0.30 	 0.26
127707 	  97838 	 0.34 	 0.21
127707 	 106205 	 0.35 	 0.25
127707 	 102078 	 0.38 	 0.26
127707 	 101510 	 0.40 	 0.25
127707 	 119111 	 0.36 	 0.26
127707 	 101544 	 0.34 	 0.26
127707 	 118363 	 0.34 	 0.25
127707 	 122891 	 0.36 	 0.21
127707 	 123022 	 0.37 	 0.25
 94837 	 127102 	 0.37 	 0.20
 94837 	 128844 	 0.36 	 0.20
 94837 	 130983 	 0.37 	 0.20
 94837 	 126721 	 0.35 	 0.23
 94837 	 127855 	 0.37 	 0.29
 94837 	  70646 	 0.31 	 0.26
 94837 	 126216 	 0.37 	 0.26
126274 	 127242 	 0.31 	 0.20
126274 	 106205 	 0.38 	 0.20
126274 	 109693 	 0.32 	 0.25
126274 	 118768 	 0.38 	 0.20
126274 	 128974 	 0.34 	 0.25
126274 	 101365 	 0.35 	 0.25
126274 	  95513 	 0.33 	 0.25
126274 	 129421 	 0.30 	 0.25
126274 	 121157 	 0.33 	 0.25
126274 	 100172 	 0.33 	 0.25
126274 	 119270 	 0.32 	 0.25
124069 	 118052 	 0.34 	 0.26
124069 	  95573 	 0.39 	 0.26
124069 	  95603 	 0.31 	 0.26
124069 	  96113 	 0.34 	 0.26
124069 	 116522 	 0.35 	 0.26
124069 	 107489 	 0.31 	 0.26
124069 	  95790 	 0.31 	 0.26
119890 	 128397 	 0.30 	 0.20
119890 	 129134 	 0.31 	 0.26
 41611 	  68681 	 0.33 	 0.26
127382 	  94908 	 0.30 	 0.26
127382 	  97838 	 0.32 	 0.21
127382 	 102078 	 0.32 	 0.26
127382 	 120998 	 0.35 	 0.26
127382 	 122891 	 0.33 	 0.21
127382 	 100744 	 0.38 	 0.26
 60615 	 117891 	 0.30 	 0.21
 60615 	  99902 	 0.32 	 0.21
 60615 	  75641 	 0.32 	 0.25
 60615 	 129434 	 0.30 	 0.21
 60615 	  77153 	 0.32 	 0.22
 60615 	  99159 	 0.31 	 0.21
 60615 	  67993 	 0.33 	 0.25
 60615 	 126646 	 0.31 	 0.21
103084 	 109693 	 0.33 	 0.26
103084 	 110268 	 0.33 	 0.26
103084 	 118363 	 0.33 	 0.20
103084 	 100782 	 0.38 	 0.20
103084 	 128974 	 0.32 	 0.26
103084 	 101648 	 0.37 	 0.20
103084 	  99213 	 0.37 	 0.26
103084 	 101809 	 0.38 	 0.26
103084 	  95513 	 0.32 	 0.26
103084 	 100737 	 0.38 	 0.26
103084 	 119270 	 0.31 	 0.26
130419 	  31490 	 0.33 	 0.20
130419 	 131017 	 0.31 	 0.21
130419 	 119270 	 0.37 	 0.21
130419 	  94837 	 0.35 	 0.23
 68575 	 113681 	 0.30 	 0.25
117924 	  94927 	 0.33 	 0.26
117924 	 117891 	 0.34 	 0.26
117924 	 110641 	 0.30 	 0.26
117924 	 130665 	 0.32 	 0.26
117924 	 110571 	 0.33 	 0.26
117924 	 126626 	 0.34 	 0.26
117924 	  99477 	 0.32 	 0.20
117924 	 129434 	 0.35 	 0.26
117924 	 128492 	 0.34 	 0.26
117924 	 122600 	 0.31 	 0.26
117924 	 115258 	 0.30 	 0.26
117924 	 123022 	 0.32 	 0.20
117924 	 126646 	 0.35 	 0.26
 62617 	  68681 	 0.34 	 0.26
128707 	 130986 	 0.38 	 0.25
128707 	 100744 	 0.32 	 0.26
126992 	  85972 	 0.35 	 0.25
126992 	 128762 	 0.33 	 0.20
126992 	 109370 	 0.40 	 0.25
126992 	 101365 	 0.33 	 0.25
126992 	 129421 	 0.35 	 0.25
126992 	  98991 	 0.36 	 0.20
126992 	  99548 	 0.35 	 0.25
 96495 	 119680 	 0.33 	 0.26
 96495 	 129644 	 0.35 	 0.26
 96495 	 125839 	 0.34 	 0.26
 96495 	 111666 	 0.36 	 0.26
 96495 	  98252 	 0.32 	 0.20
 96495 	  99159 	 0.36 	 0.26
 96495 	 102481 	 0.31 	 0.20
 96495 	 124477 	 0.35 	 0.26
 96495 	  95409 	 0.35 	 0.26
 96495 	 124881 	 0.38 	 0.26
 96495 	 113681 	 0.35 	 0.20
 96495 	 106244 	 0.30 	 0.26
 96495 	 126048 	 0.36 	 0.26
 51984 	 102278 	 0.32 	 0.20
 51984 	  31490 	 0.31 	 0.25
 51984 	  52786 	 0.37 	 0.25
 51984 	  68575 	 0.30 	 0.25
101248 	 126040 	 0.39 	 0.25
101248 	 102078 	 0.36 	 0.26
101248 	 102503 	 0.31 	 0.25
101248 	  99477 	 0.30 	 0.25
101248 	 101510 	 0.34 	 0.25
101248 	   4363 	 0.31 	 0.25
101248 	  99455 	 0.32 	 0.25
101248 	 123022 	 0.34 	 0.25
124765 	  96511 	 0.39 	 0.26
124765 	 110268 	 0.34 	 0.26
124765 	 100782 	 0.39 	 0.20
124765 	  96012 	 0.39 	 0.26
124765 	 101648 	 0.39 	 0.20
124765 	 126574 	 0.33 	 0.26
 95929 	 106567 	 0.35 	 0.26
 95929 	  94927 	 0.33 	 0.26
 95929 	 110641 	 0.32 	 0.26
 95929 	 110571 	 0.32 	 0.26
 95929 	 126626 	 0.34 	 0.26
 95929 	 122600 	 0.31 	 0.26
 95929 	  99213 	 0.35 	 0.26
 95929 	 128471 	 0.36 	 0.26
 95929 	 115258 	 0.31 	 0.26
 95929 	 101809 	 0.33 	 0.26
 95929 	 100737 	 0.33 	 0.26
 95929 	 119270 	 0.32 	 0.26
 97187 	 119680 	 0.34 	 0.25
 97187 	 126040 	 0.31 	 0.20
 97187 	 106302 	 0.30 	 0.25
 97187 	 127855 	 0.38 	 0.20
 97187 	 119325 	 0.39 	 0.20
 97187 	   2911 	 0.35 	 0.20
 97187 	 119311 	 0.39 	 0.20
 97187 	   2524 	 0.34 	 0.20
 97187 	  95781 	 0.32 	 0.25
 97187 	 117213 	 0.33 	 0.25
 97187 	 103973 	 0.33 	 0.20
 97187 	 106244 	 0.32 	 0.25
 97187 	 119270 	 0.36 	 0.25
 97187 	 101248 	 0.30 	 0.25
102704 	  96113 	 0.32 	 0.20
102704 	 100909 	 0.40 	 0.20
102704 	 117951 	 0.35 	 0.20
102704 	 118363 	 0.39 	 0.20
102704 	  96012 	 0.34 	 0.25
102704 	  73957 	 0.31 	 0.25
102704 	 118768 	 0.38 	 0.20
102704 	 122600 	 0.40 	 0.25
102704 	 105156 	 0.32 	 0.25
102704 	  95409 	 0.38 	 0.25
102704 	 119685 	 0.37 	 0.25
102704 	 118432 	 0.34 	 0.25
102704 	 115883 	 0.36 	 0.20
102704 	 113681 	 0.39 	 0.20
102704 	 101248 	 0.30 	 0.25
111569 	 119680 	 0.37 	 0.26
111569 	 106302 	 0.40 	 0.26
111569 	  70752 	 0.34 	 0.26
111569 	 131018 	 0.32 	 0.26
111569 	  96012 	 0.31 	 0.26
111569 	 123022 	 0.35 	 0.20
101342 	 127102 	 0.37 	 0.20
101342 	 119680 	 0.33 	 0.25
101342 	 128844 	 0.36 	 0.20
101342 	 130983 	 0.37 	 0.20
101342 	 117951 	 0.30 	 0.20
101342 	 127855 	 0.37 	 0.20
101342 	 119325 	 0.38 	 0.20
101342 	 130986 	 0.31 	 0.20
101342 	   2911 	 0.34 	 0.20
101342 	 119311 	 0.38 	 0.20
101342 	   2524 	 0.33 	 0.20
101342 	  95781 	 0.33 	 0.25
101342 	 117213 	 0.35 	 0.25
101342 	 103973 	 0.34 	 0.20
101342 	 106244 	 0.31 	 0.25
101342 	 119270 	 0.34 	 0.25
124365 	  94908 	 0.38 	 0.26
124365 	 102380 	 0.34 	 0.23
124365 	 129131 	 0.39 	 0.21
124365 	  95442 	 0.36 	 0.25
124365 	 100909 	 0.31 	 0.26
124365 	 117951 	 0.30 	 0.26
124365 	   4363 	 0.32 	 0.25
124365 	 100782 	 0.34 	 0.25
124365 	 104295 	 0.33 	 0.26
124365 	 103133 	 0.36 	 0.26
124365 	 101749 	 0.32 	 0.26
124365 	 103677 	 0.37 	 0.26
124365 	 115220 	 0.36 	 0.26
124365 	 101648 	 0.34 	 0.25
124365 	 118234 	 0.39 	 0.26
124365 	 113681 	 0.39 	 0.25
124365 	 108765 	 0.33 	 0.26
124365 	 111569 	 0.31 	 0.26
 97422 	 100909 	 0.35 	 0.26
 97422 	 104295 	 0.39 	 0.26
 97422 	 103133 	 0.37 	 0.26
 97422 	 101749 	 0.38 	 0.26
 97422 	 115220 	 0.39 	 0.26
 97422 	 106697 	 0.38 	 0.26
 97422 	 102995 	 0.36 	 0.26
 97422 	 103084 	 0.38 	 0.26
113690 	  96113 	 0.30 	 0.26
113690 	 118363 	 0.33 	 0.25
113690 	 102383 	 0.32 	 0.25
113690 	 116522 	 0.38 	 0.26
113690 	 101648 	 0.40 	 0.25
113690 	 101850 	 0.30 	 0.26
113690 	  96495 	 0.35 	 0.26
 94367 	 100617 	 0.32 	 0.21
 94367 	  94908 	 0.31 	 0.26
 94367 	  95442 	 0.33 	 0.25
 94367 	 102078 	 0.32 	 0.26
 94367 	 101510 	 0.30 	 0.25
 94367 	 119111 	 0.31 	 0.26
 94367 	 122251 	 0.34 	 0.26
 94367 	 128300 	 0.31 	 0.26
 94367 	 117924 	 0.34 	 0.26
108883 	 119680 	 0.30 	 0.26
108883 	 106302 	 0.34 	 0.26
108883 	  98252 	 0.32 	 0.20
108883 	  99159 	 0.31 	 0.26
108883 	 102481 	 0.34 	 0.20
108883 	  95781 	 0.34 	 0.26
108883 	 119685 	 0.32 	 0.26
108883 	 126248 	 0.34 	 0.26
108883 	 106244 	 0.34 	 0.26
108883 	 102704 	 0.32 	 0.20
128822 	  94908 	 0.32 	 0.26
128822 	  92250 	 0.30 	 0.26
128822 	  31490 	 0.33 	 0.22
128822 	 102078 	 0.33 	 0.26
128822 	 104295 	 0.32 	 0.26
128822 	 101749 	 0.31 	 0.26
128822 	 103677 	 0.31 	 0.26
128822 	 120346 	 0.37 	 0.26
128975 	 127242 	 0.40 	 0.20
128975 	 109693 	 0.32 	 0.25
128975 	   8980 	 0.34 	 0.25
128975 	 107934 	 0.31 	 0.20
128975 	  31490 	 0.32 	 0.25
128975 	 127855 	 0.38 	 0.20
128975 	 119325 	 0.31 	 0.20
128975 	 100782 	 0.30 	 0.20
128975 	 119311 	 0.30 	 0.20
128975 	 109370 	 0.31 	 0.25
128975 	 101365 	 0.32 	 0.25
128975 	   2524 	 0.33 	 0.20
128975 	 101648 	 0.34 	 0.20
128975 	 117213 	 0.32 	 0.25
128975 	 129421 	 0.39 	 0.25
128975 	 123022 	 0.33 	 0.20
128975 	 103973 	 0.37 	 0.20
128975 	 113681 	 0.33 	 0.20
128975 	 119270 	 0.34 	 0.25
128975 	 101342 	 0.32 	 0.20
123702 	 129131 	 0.37 	 0.21
123702 	  95442 	 0.40 	 0.25
123702 	 119325 	 0.32 	 0.25
123702 	 100782 	 0.37 	 0.25
123702 	 102383 	 0.39 	 0.25
123702 	 119311 	 0.32 	 0.25
123702 	 101648 	 0.37 	 0.25
123702 	 122891 	 0.37 	 0.21
123702 	 123022 	 0.36 	 0.25
102759 	 100909 	 0.31 	 0.26
102759 	 104295 	 0.31 	 0.26
102759 	 103133 	 0.37 	 0.26
102759 	 101749 	 0.31 	 0.26
102759 	 106697 	 0.30 	 0.26
102759 	 103084 	 0.31 	 0.26
126225 	 106205 	 0.31 	 0.20
126225 	 127451 	 0.31 	 0.26
126225 	 101463 	 0.31 	 0.20
126225 	  96012 	 0.32 	 0.26
126225 	  98252 	 0.34 	 0.20
126225 	  99159 	 0.34 	 0.26
126225 	 102481 	 0.35 	 0.20
126225 	 126248 	 0.40 	 0.26
126225 	 129421 	 0.32 	 0.26
126225 	 113681 	 0.38 	 0.20
126225 	  97187 	 0.31 	 0.20
126225 	 102704 	 0.34 	 0.20
113068 	 119325 	 0.36 	 0.25
113068 	 119311 	 0.37 	 0.25
 95748 	 100617 	 0.37 	 0.21
 95748 	  95573 	 0.33 	 0.26
 95748 	 127242 	 0.37 	 0.25
 95748 	 129131 	 0.36 	 0.21
 95748 	  95603 	 0.31 	 0.26
 95748 	 128762 	 0.32 	 0.25
 95748 	 101463 	 0.32 	 0.25
 95748 	  97187 	 0.32 	 0.25
 95748 	 101342 	 0.32 	 0.25
 76053 	  88141 	 0.35 	 0.25
 76053 	  59539 	 0.31 	 0.20
 76053 	  62372 	 0.34 	 0.20
 76053 	  18307 	 0.32 	 0.20
 76053 	  29716 	 0.33 	 0.20
 76053 	  44074 	 0.33 	 0.20
 76053 	  68681 	 0.36 	 0.25
 76053 	  15972 	 0.32 	 0.20
 76053 	   2251 	 0.32 	 0.25
 76053 	   1531 	 0.36 	 0.25
 76053 	 108160 	 0.30 	 0.20
 90406 	  75641 	 0.33 	 0.26
 90406 	  77148 	 0.39 	 0.22
117793 	  96511 	 0.38 	 0.26
117793 	 101510 	 0.39 	 0.20
117793 	 118363 	 0.34 	 0.20
117793 	  73957 	 0.30 	 0.26
117793 	 128974 	 0.34 	 0.26
117793 	 105156 	 0.38 	 0.26
117793 	  95513 	 0.33 	 0.26
117793 	 103091 	 0.36 	 0.26
117793 	 123022 	 0.36 	 0.20
117793 	 124365 	 0.40 	 0.26
125108 	 129131 	 0.38 	 0.23
125108 	  97207 	 0.31 	 0.26
117490 	  72459 	 0.31 	 0.21
117490 	  66563 	 0.31 	 0.26
117344 	 127242 	 0.33 	 0.20
117344 	  80370 	 0.38 	 0.25
117344 	 109693 	 0.34 	 0.25
117344 	 127649 	 0.34 	 0.20
117344 	 101510 	 0.39 	 0.20
117344 	 118363 	 0.33 	 0.20
117344 	  67846 	 0.34 	 0.20
117344 	 128762 	 0.33 	 0.20
117344 	  91880 	 0.32 	 0.25
117344 	  28201 	 0.34 	 0.20
117344 	 119685 	 0.31 	 0.25
117344 	  69513 	 0.30 	 0.25
117344 	 101486 	 0.36 	 0.25
117344 	 129421 	 0.30 	 0.25
117344 	 115883 	 0.37 	 0.20
117344 	  68241 	 0.31 	 0.23
117344 	 124365 	 0.32 	 0.25
117344 	 128975 	 0.33 	 0.20
117344 	 123702 	 0.35 	 0.25
 97464 	 127242 	 0.33 	 0.20
 97464 	  80370 	 0.35 	 0.25
 97464 	   8980 	 0.30 	 0.25
 97464 	  67846 	 0.32 	 0.20
 97464 	 128762 	 0.33 	 0.20
 97464 	 125839 	 0.36 	 0.25
 97464 	 108273 	 0.30 	 0.20
 97464 	 124477 	 0.39 	 0.25
 97464 	 106697 	 0.38 	 0.20
 97464 	  28201 	 0.31 	 0.20
 97464 	 102995 	 0.39 	 0.20
 97464 	 101486 	 0.36 	 0.25
 97464 	 113681 	 0.39 	 0.20
 97464 	 100172 	 0.39 	 0.25
 97464 	 126048 	 0.36 	 0.25
 97464 	 103084 	 0.36 	 0.20
 97464 	 124765 	 0.40 	 0.20
 97464 	 124365 	 0.32 	 0.25
 97464 	 113690 	 0.39 	 0.25
 97464 	 128975 	 0.30 	 0.20
 97464 	 123702 	 0.34 	 0.25
 69636 	  65408 	 0.31 	 0.20
 69636 	  77153 	 0.33 	 0.27
113639 	  96511 	 0.34 	 0.26
113639 	 119680 	 0.34 	 0.26
113639 	 106205 	 0.38 	 0.20
113639 	  96012 	 0.34 	 0.26
 52076 	   9595 	 0.33 	 0.25
 52076 	  67993 	 0.38 	 0.21
 34899 	  91740 	 0.31 	 0.25
 98993 	 106205 	 0.39 	 0.25
 98993 	  96113 	 0.32 	 0.26
 98993 	 117951 	 0.35 	 0.26
 98993 	 118363 	 0.35 	 0.25
 98993 	 115220 	 0.40 	 0.26
 98993 	 115883 	 0.37 	 0.25
 98993 	 113681 	 0.37 	 0.25
 98993 	  60615 	 0.31 	 0.21
 98993 	 126225 	 0.34 	 0.26
129520 	 102380 	 0.39 	 0.23
129520 	 109693 	 0.33 	 0.21
129520 	 122022 	 0.30 	 0.21
129520 	 122840 	 0.30 	 0.21
129520 	 129960 	 0.34 	 0.21
129520 	  85972 	 0.32 	 0.21
129520 	 109370 	 0.35 	 0.21
129520 	 128974 	 0.32 	 0.21
129520 	 122945 	 0.36 	 0.21
129520 	 119685 	 0.35 	 0.21
129520 	  68575 	 0.31 	 0.21
129520 	 117490 	 0.33 	 0.21
 91849 	 127102 	 0.37 	 0.22
 91849 	 128844 	 0.35 	 0.22
 91849 	 130983 	 0.36 	 0.22
 91849 	 127855 	 0.35 	 0.22
 91849 	   4363 	 0.32 	 0.22
 91849 	 117213 	 0.32 	 0.29
 91849 	 103973 	 0.30 	 0.22
 91849 	 130419 	 0.31 	 0.28
 91849 	  68575 	 0.31 	 0.29
117925 	  96511 	 0.38 	 0.26
117925 	 130387 	 0.32 	 0.20
117925 	 117891 	 0.34 	 0.26
117925 	 130665 	 0.36 	 0.26
117925 	 106205 	 0.35 	 0.20
117925 	 126626 	 0.37 	 0.26
117925 	  99477 	 0.35 	 0.20
117925 	 101510 	 0.36 	 0.20
117925 	 129434 	 0.30 	 0.26
117925 	 128492 	 0.32 	 0.26
117925 	 102383 	 0.40 	 0.20
117925 	 128471 	 0.32 	 0.26
117925 	 113610 	 0.32 	 0.26
117925 	 123022 	 0.33 	 0.20
117925 	 126646 	 0.31 	 0.26
117925 	 127707 	 0.34 	 0.26
117925 	 101248 	 0.30 	 0.26
107802 	 111297 	 0.35 	 0.20
107802 	  94367 	 0.31 	 0.26
103602 	 130780 	 0.33 	 0.26
103602 	 129208 	 0.32 	 0.26
103602 	 126974 	 0.32 	 0.20
103602 	 127382 	 0.31 	 0.26
103602 	 128707 	 0.32 	 0.26
 93364 	  70752 	 0.31 	 0.21
125120 	 128762 	 0.30 	 0.29
101626 	 119325 	 0.32 	 0.20
101626 	 119311 	 0.32 	 0.20
101626 	 128974 	 0.33 	 0.26
101626 	  95513 	 0.33 	 0.26
101626 	 119270 	 0.36 	 0.26
101626 	 102759 	 0.36 	 0.26
129161 	 102278 	 0.38 	 0.20
129161 	 109370 	 0.33 	 0.25
129161 	 101365 	 0.31 	 0.25
129161 	  98991 	 0.38 	 0.20
129161 	 103973 	 0.34 	 0.20
129161 	  77586 	 0.31 	 0.25
129161 	  99548 	 0.37 	 0.25
129161 	 125108 	 0.33 	 0.29
 98813 	 129134 	 0.40 	 0.26
 98813 	 127451 	 0.33 	 0.26
 98813 	 126992 	 0.34 	 0.20
 61674 	  95442 	 0.30 	 0.25
 61674 	  75661 	 0.32 	 0.21
125231 	 130387 	 0.30 	 0.20
125231 	 130665 	 0.38 	 0.25
125231 	 127242 	 0.33 	 0.20
125231 	 110268 	 0.40 	 0.25
125231 	 127649 	 0.33 	 0.20
125231 	  96113 	 0.31 	 0.20
125231 	 102503 	 0.37 	 0.20
125231 	 101510 	 0.32 	 0.20
125231 	 118363 	 0.32 	 0.20
125231 	 116522 	 0.37 	 0.20
125231 	  99159 	 0.37 	 0.25
125231 	 121157 	 0.31 	 0.25
125231 	 128300 	 0.40 	 0.20
125231 	 101850 	 0.36 	 0.20
125231 	 127707 	 0.38 	 0.25
125231 	 127382 	 0.34 	 0.25
125231 	  96495 	 0.38 	 0.20
125231 	 102704 	 0.37 	 0.20
125231 	 126225 	 0.38 	 0.20
125231 	 117793 	 0.39 	 0.20
125231 	  98993 	 0.37 	 0.25
 95496 	  99213 	 0.34 	 0.26
 95496 	 119270 	 0.30 	 0.26
 66612 	  65408 	 0.37 	 0.20
 97373 	 100909 	 0.33 	 0.26
 97373 	 104295 	 0.36 	 0.26
 97373 	 103133 	 0.33 	 0.26
 97373 	 101749 	 0.36 	 0.26
 97373 	 115220 	 0.34 	 0.26
 97373 	 106697 	 0.35 	 0.26
 97373 	 102995 	 0.33 	 0.26
124281 	 131018 	 0.34 	 0.26
 96106 	  95573 	 0.33 	 0.20
 96106 	 127242 	 0.36 	 0.20
 96106 	 106205 	 0.33 	 0.20
 96106 	   8980 	 0.33 	 0.25
 96106 	 127649 	 0.31 	 0.20
 96106 	 127855 	 0.32 	 0.20
 96106 	 119325 	 0.35 	 0.20
 96106 	 119311 	 0.34 	 0.20
 96106 	 128762 	 0.34 	 0.20
 96106 	  97207 	 0.37 	 0.25
 96106 	 101463 	 0.30 	 0.20
 96106 	  96012 	 0.30 	 0.25
 96106 	  98252 	 0.38 	 0.20
 96106 	  99159 	 0.36 	 0.25
 96106 	 102481 	 0.37 	 0.20
 96106 	 101648 	 0.34 	 0.20
 96106 	 129421 	 0.34 	 0.25
 96106 	 123022 	 0.38 	 0.20
 96106 	 113681 	 0.39 	 0.20
 96106 	 119270 	 0.38 	 0.25
 96106 	  97187 	 0.31 	 0.20
 96106 	 102704 	 0.36 	 0.20
 96106 	 128975 	 0.34 	 0.20
 96106 	 123702 	 0.37 	 0.25
 96106 	 117344 	 0.31 	 0.20
 96106 	  97464 	 0.31 	 0.20
 96106 	  98993 	 0.36 	 0.25
111453 	 107934 	 0.31 	 0.22
111453 	 130986 	 0.37 	 0.22
111453 	 128762 	 0.32 	 0.22
111453 	 103084 	 0.30 	 0.22
 82662 	   2911 	 0.32 	 0.20
 82662 	 119270 	 0.31 	 0.25
 89982 	  10217 	 0.33 	 0.21
 89982 	  70788 	 0.37 	 0.21
116362 	 105455 	 0.39 	 0.22
116362 	 116522 	 0.32 	 0.22
105591 	 102078 	 0.31 	 0.22
105591 	 105872 	 0.37 	 0.22
128928 	  94927 	 0.35 	 0.26
128928 	 117891 	 0.35 	 0.26
128928 	 110641 	 0.39 	 0.26
128928 	 119680 	 0.30 	 0.26
128928 	 106302 	 0.31 	 0.26
128928 	 129434 	 0.36 	 0.26
128928 	 124419 	 0.38 	 0.26
128928 	 128492 	 0.35 	 0.26
128928 	  96012 	 0.35 	 0.26
128928 	  98252 	 0.30 	 0.20
128928 	 119617 	 0.36 	 0.26
128928 	 122600 	 0.33 	 0.26
128928 	  95781 	 0.33 	 0.26
128928 	 119685 	 0.33 	 0.26
128928 	 103091 	 0.36 	 0.26
128928 	 123022 	 0.32 	 0.20
128928 	 115883 	 0.32 	 0.20
128928 	 106244 	 0.32 	 0.26
128928 	 126646 	 0.36 	 0.26
128928 	 126574 	 0.39 	 0.26
128928 	 124069 	 0.40 	 0.26
128928 	  95748 	 0.33 	 0.26
128928 	  96106 	 0.32 	 0.20
122396 	 126626 	 0.30 	 0.26
122396 	 102503 	 0.31 	 0.20
122396 	 102704 	 0.34 	 0.20
118243 	  96511 	 0.36 	 0.26
118243 	 117891 	 0.33 	 0.26
118243 	 130665 	 0.32 	 0.26
118243 	 106205 	 0.34 	 0.20
118243 	 126626 	 0.36 	 0.26
118243 	  99477 	 0.33 	 0.20
118243 	 101510 	 0.36 	 0.20
118243 	 102383 	 0.40 	 0.20
118243 	  98252 	 0.34 	 0.20
118243 	 126248 	 0.35 	 0.26
118243 	 113610 	 0.30 	 0.26
118243 	 123022 	 0.33 	 0.20
118243 	 101248 	 0.31 	 0.26
118243 	 113068 	 0.37 	 0.26
112063 	  96511 	 0.34 	 0.26
112063 	 106205 	 0.40 	 0.20
112063 	  70752 	 0.30 	 0.26
112063 	 127649 	 0.31 	 0.20
112063 	 101510 	 0.35 	 0.20
112063 	 128974 	 0.33 	 0.26
112063 	  99213 	 0.34 	 0.26
112063 	  98469 	 0.39 	 0.26
112063 	 101809 	 0.39 	 0.26
112063 	  95513 	 0.34 	 0.26
112063 	 121157 	 0.36 	 0.26
112063 	 100737 	 0.39 	 0.26
112063 	 119270 	 0.32 	 0.26
112063 	 127382 	 0.33 	 0.26
112063 	 124365 	 0.32 	 0.26
112063 	  97422 	 0.38 	 0.26
112063 	 128822 	 0.35 	 0.26
112063 	 102759 	 0.31 	 0.26
112063 	  97373 	 0.35 	 0.26
130531 	 127242 	 0.34 	 0.25
130531 	 102078 	 0.33 	 0.26
130531 	 120998 	 0.31 	 0.26
130531 	 122891 	 0.31 	 0.21
130531 	 103602 	 0.32 	 0.26
130531 	  98813 	 0.40 	 0.26
130531 	 125231 	 0.33 	 0.25
130531 	 128079 	 0.39 	 0.26
130531 	 112063 	 0.32 	 0.26
 69502 	  69026 	 0.31 	 0.25
 92655 	  94908 	 0.34 	 0.26
 92655 	  92014 	 0.34 	 0.25
 92655 	 100909 	 0.32 	 0.26
 92655 	 104295 	 0.34 	 0.26
 92655 	 124080 	 0.33 	 0.26
 92655 	 102481 	 0.30 	 0.25
 92655 	  92527 	 0.39 	 0.25
 92655 	 101749 	 0.34 	 0.26
 92655 	 108174 	 0.40 	 0.26
 92655 	 103677 	 0.35 	 0.26
 92655 	 115220 	 0.36 	 0.26
 92655 	 115883 	 0.35 	 0.25
 92655 	 111569 	 0.33 	 0.26
 92655 	 125231 	 0.31 	 0.25
 92655 	 112063 	 0.33 	 0.26
  8991 	 109693 	 0.31 	 0.25
  8991 	  31490 	 0.32 	 0.25
  8991 	  72459 	 0.32 	 0.24
  8991 	 119325 	 0.34 	 0.20
  8991 	 118363 	 0.33 	 0.20
  8991 	  91637 	 0.33 	 0.29
  8991 	 119311 	 0.34 	 0.20
  8991 	  73957 	 0.37 	 0.25
  8991 	 122945 	 0.31 	 0.25
  8991 	 102481 	 0.32 	 0.20
  8991 	 115606 	 0.31 	 0.20
  8991 	 101648 	 0.30 	 0.20
  8991 	 119685 	 0.33 	 0.25
  8991 	 123022 	 0.34 	 0.20
  8991 	 119270 	 0.33 	 0.25
  8991 	 101248 	 0.33 	 0.25
  8991 	  76053 	 0.31 	 0.20
  8991 	 117344 	 0.32 	 0.20
  8991 	  61674 	 0.35 	 0.25
  8991 	  58385 	 0.35 	 0.25
 66646 	  80370 	 0.34 	 0.28
 66646 	  94332 	 0.31 	 0.20
 66646 	  66058 	 0.33 	 0.28
 98306 	 119325 	 0.32 	 0.20
 98306 	 119311 	 0.32 	 0.20
 98306 	 128974 	 0.34 	 0.26
 98306 	  99213 	 0.32 	 0.26
 98306 	  98469 	 0.36 	 0.26
 98306 	 101809 	 0.34 	 0.26
 98306 	  95513 	 0.33 	 0.26
 98306 	 100737 	 0.34 	 0.26
 98306 	 119270 	 0.33 	 0.26
 98306 	  97422 	 0.34 	 0.26
 98306 	 102759 	 0.30 	 0.26
 98306 	  97373 	 0.39 	 0.26
122256 	  99455 	 0.39 	 0.20
 87194 	  68681 	 0.31 	 0.26
103607 	  96511 	 0.35 	 0.26
103607 	 106205 	 0.35 	 0.20
103607 	 101510 	 0.37 	 0.20
103607 	 118363 	 0.32 	 0.20
103607 	 102383 	 0.38 	 0.20
103607 	 128974 	 0.37 	 0.26
103607 	 116898 	 0.30 	 0.26
103607 	  95409 	 0.40 	 0.26
103607 	 118432 	 0.38 	 0.26
103607 	  95513 	 0.35 	 0.26
103607 	 123022 	 0.34 	 0.20
103607 	 124365 	 0.39 	 0.26
103607 	 125231 	 0.38 	 0.20
