127102 	   9595 	 0.06 	 0.16
102380 	   9595 	 0.09 	 0.15
 81305 	 113401 	 0.10 	 0.11
 81305 	 118052 	 0.09 	 0.11
 50275 	  81305 	 0.07 	 0.11
 93163 	   9595 	 0.07 	 0.12
 39079 	   9595 	 0.07 	 0.12
 39079 	  81305 	 0.05 	 0.18
100225 	  81305 	 0.10 	 0.11
 95573 	  81305 	 0.09 	 0.11
205919 	 113401 	 0.08 	 0.11
205919 	  50275 	 0.07 	 0.11
205919 	 100225 	 0.10 	 0.11
205919 	  95573 	 0.08 	 0.11
 82555 	   9595 	 0.04 	 0.16
 82555 	 113401 	 0.10 	 0.16
 82555 	  88141 	 0.06 	 0.11
 82555 	 118052 	 0.09 	 0.16
 82555 	  96511 	 0.08 	 0.11
 82555 	 117976 	 0.08 	 0.16
 82555 	  93163 	 0.09 	 0.11
 82555 	 119680 	 0.05 	 0.11
 82555 	 100225 	 0.08 	 0.16
 82555 	  95573 	 0.08 	 0.16
 95182 	  93163 	 0.09 	 0.11
 95182 	  95573 	 0.09 	 0.16
  5543 	   9595 	 0.06 	 0.12
  5543 	  81305 	 0.07 	 0.18
 62372 	 205919 	 0.10 	 0.11
 62372 	  82555 	 0.05 	 0.16
 76155 	  82555 	 0.08 	 0.16
106302 	  82555 	 0.08 	 0.11
128844 	   9595 	 0.05 	 0.16
106205 	   9595 	 0.09 	 0.16
105200 	  88141 	 0.09 	 0.11
105200 	  62372 	 0.08 	 0.16
 15511 	  82555 	 0.07 	 0.11
 15511 	 105200 	 0.10 	 0.11
 66388 	   9595 	 0.09 	 0.19
 66388 	  82555 	 0.08 	 0.15
127533 	  82555 	 0.09 	 0.16
110571 	  95182 	 0.09 	 0.11
114621 	  81305 	 0.10 	 0.11
114621 	  82555 	 0.09 	 0.16
 88333 	  82555 	 0.08 	 0.11
 18307 	  82555 	 0.06 	 0.16
 18307 	 105200 	 0.08 	 0.16
 96738 	  81305 	 0.10 	 0.11
 96738 	 205919 	 0.09 	 0.11
 96738 	  82555 	 0.07 	 0.16
 70752 	   9595 	 0.05 	 0.12
 70752 	  81305 	 0.06 	 0.18
 70752 	 205919 	 0.10 	 0.18
130780 	  82555 	 0.08 	 0.11
130780 	  95182 	 0.10 	 0.11
107934 	  81305 	 0.10 	 0.11
131018 	  82555 	 0.09 	 0.11
131018 	  95182 	 0.09 	 0.11
105455 	   9595 	 0.09 	 0.16
113027 	   9595 	 0.07 	 0.12
113027 	  82555 	 0.10 	 0.11
113027 	  95182 	 0.09 	 0.11
 28241 	   9595 	 0.06 	 0.16
 28241 	  62372 	 0.10 	 0.16
130983 	   9595 	 0.05 	 0.16
 82246 	   9595 	 0.07 	 0.14
 82246 	 102380 	 0.08 	 0.15
 82246 	 127242 	 0.09 	 0.17
 82246 	  75030 	 0.09 	 0.17
 82246 	 105455 	 0.09 	 0.17
114379 	   9595 	 0.08 	 0.12
114379 	  82555 	 0.09 	 0.11
131151 	  82246 	 0.08 	 0.17
 51213 	  82555 	 0.06 	 0.16
 51213 	  28241 	 0.09 	 0.16
126721 	  82246 	 0.09 	 0.14
102278 	  82246 	 0.07 	 0.17
 65408 	  93163 	 0.07 	 0.11
 65408 	  95573 	 0.10 	 0.16
 65408 	 125052 	 0.08 	 0.13
 65408 	 131018 	 0.10 	 0.11
 65408 	 113027 	 0.09 	 0.11
 29716 	  81305 	 0.09 	 0.11
 29716 	  82555 	 0.06 	 0.16
 29716 	 105200 	 0.08 	 0.16
101280 	  82555 	 0.09 	 0.16
127649 	  82246 	 0.09 	 0.17
 95603 	  81305 	 0.07 	 0.11
 95603 	 205919 	 0.08 	 0.11
 95603 	  82555 	 0.07 	 0.16
 95603 	  95182 	 0.09 	 0.16
 95603 	  65408 	 0.09 	 0.16
 63310 	  50275 	 0.10 	 0.16
 63310 	  82555 	 0.04 	 0.16
 63310 	 105200 	 0.07 	 0.16
 63310 	  28241 	 0.09 	 0.16
 10217 	 127102 	 0.03 	 0.17
 10217 	 102380 	 0.07 	 0.15
 10217 	  92014 	 0.02 	 0.17
 10217 	 127242 	 0.06 	 0.17
 10217 	  97838 	 0.07 	 0.14
 10217 	  75030 	 0.06 	 0.17
 10217 	 128844 	 0.03 	 0.17
 10217 	 106205 	 0.04 	 0.17
 10217 	  66388 	 0.04 	 0.12
 10217 	  99902 	 0.07 	 0.14
 10217 	 129131 	 0.06 	 0.14
 10217 	 105455 	 0.03 	 0.17
 10217 	 130983 	 0.03 	 0.17
 10217 	 131151 	 0.04 	 0.17
 10217 	 126721 	 0.03 	 0.14
 10217 	 102278 	 0.06 	 0.17
 10217 	 127649 	 0.06 	 0.17
 90147 	  93163 	 0.08 	 0.11
 90147 	  82555 	 0.07 	 0.16
 90147 	   5543 	 0.08 	 0.11
 90147 	 105200 	 0.09 	 0.16
 90147 	  70752 	 0.08 	 0.11
 90147 	   8980 	 0.10 	 0.11
 90147 	  93171 	 0.10 	 0.11
 66308 	  82555 	 0.09 	 0.16
 66308 	  10217 	 0.05 	 0.14
 91926 	  95182 	 0.08 	 0.11
 95442 	  10217 	 0.08 	 0.17
  7012 	  81305 	 0.10 	 0.11
  7012 	  82555 	 0.09 	 0.16
117081 	   9595 	 0.07 	 0.16
117081 	  96738 	 0.10 	 0.16
  5646 	  82555 	 0.09 	 0.11
 92250 	  88141 	 0.08 	 0.11
 92250 	  81305 	 0.04 	 0.11
 92250 	 205919 	 0.09 	 0.11
 92250 	  51213 	 0.09 	 0.16
 92250 	  63310 	 0.08 	 0.16
 92250 	  90147 	 0.07 	 0.16
 82503 	 127102 	 0.07 	 0.16
 82503 	 102380 	 0.05 	 0.15
 82503 	  92014 	 0.08 	 0.16
 82503 	  39079 	 0.09 	 0.12
 82503 	  78533 	 0.04 	 0.16
 82503 	  97838 	 0.07 	 0.13
 82503 	  95182 	 0.03 	 0.16
 82503 	   5543 	 0.08 	 0.12
 82503 	 128844 	 0.07 	 0.16
 82503 	 106205 	 0.04 	 0.16
 82503 	  66388 	 0.06 	 0.12
 82503 	  99902 	 0.06 	 0.13
 82503 	  70752 	 0.08 	 0.12
 82503 	 105455 	 0.05 	 0.16
 82503 	  28241 	 0.09 	 0.16
 82503 	 130983 	 0.07 	 0.16
 82503 	 131151 	 0.06 	 0.16
 82503 	 126721 	 0.07 	 0.13
 82503 	  65408 	 0.03 	 0.16
 82503 	 127649 	 0.09 	 0.16
 82503 	  10217 	 0.04 	 0.14
 82503 	  66308 	 0.04 	 0.13
 82503 	  95442 	 0.07 	 0.16
 82503 	 117081 	 0.10 	 0.16
 69026 	  50275 	 0.07 	 0.11
 69026 	 100225 	 0.09 	 0.11
 69026 	  95573 	 0.10 	 0.11
 69026 	  82555 	 0.06 	 0.11
 69026 	 105200 	 0.05 	 0.11
 69026 	  28241 	 0.07 	 0.11
 69026 	  95603 	 0.08 	 0.11
 69026 	  92250 	 0.05 	 0.11
114535 	   9595 	 0.10 	 0.16
114535 	  82503 	 0.05 	 0.16
129859 	  90147 	 0.08 	 0.13
 51289 	 113401 	 0.10 	 0.11
 51289 	  50275 	 0.10 	 0.11
 51289 	  95573 	 0.10 	 0.11
 51289 	  62372 	 0.08 	 0.11
 51289 	  75030 	 0.10 	 0.14
 51289 	  18307 	 0.08 	 0.11
 51289 	  96738 	 0.09 	 0.11
 51289 	  51213 	 0.05 	 0.11
 51289 	  29716 	 0.09 	 0.11
 51289 	  95603 	 0.07 	 0.11
 51289 	  90147 	 0.10 	 0.11
 51289 	  31490 	 0.09 	 0.14
111407 	   9595 	 0.06 	 0.16
111407 	  82503 	 0.07 	 0.16
111407 	  69026 	 0.07 	 0.11
113290 	 205919 	 0.09 	 0.11
113290 	  82555 	 0.07 	 0.16
113290 	 117081 	 0.09 	 0.16
113290 	  92250 	 0.10 	 0.16
113290 	  51289 	 0.08 	 0.11
 65863 	   9595 	 0.07 	 0.16
 65863 	  51213 	 0.10 	 0.16
 65863 	  63310 	 0.09 	 0.16
 65863 	  82503 	 0.06 	 0.16
 53672 	  96511 	 0.09 	 0.11
 53672 	 117891 	 0.09 	 0.11
 53672 	 117976 	 0.09 	 0.16
 53672 	 130665 	 0.09 	 0.11
 53672 	  95573 	 0.09 	 0.16
 53672 	  76155 	 0.09 	 0.16
 53672 	 106302 	 0.08 	 0.11
 53672 	 127533 	 0.10 	 0.16
 53672 	 110571 	 0.10 	 0.11
 53672 	  96738 	 0.10 	 0.16
 53672 	  91848 	 0.08 	 0.16
 53672 	 131018 	 0.09 	 0.11
 53672 	  51213 	 0.08 	 0.16
 53672 	 101280 	 0.10 	 0.16
 53672 	 103813 	 0.09 	 0.16
 53672 	  95603 	 0.09 	 0.16
 53672 	  90147 	 0.06 	 0.16
 53672 	  66308 	 0.10 	 0.16
 53672 	  92865 	 0.10 	 0.11
 53672 	   5646 	 0.09 	 0.11
 53672 	  92250 	 0.09 	 0.16
 53672 	 102078 	 0.09 	 0.16
117951 	  81305 	 0.09 	 0.11
105970 	  81305 	 0.09 	 0.11
105970 	 205919 	 0.10 	 0.11
105970 	  95182 	 0.10 	 0.16
 75641 	  82555 	 0.05 	 0.10
 75641 	 117081 	 0.08 	 0.10
131017 	  82555 	 0.09 	 0.11
101510 	  10217 	 0.09 	 0.17
101510 	  82503 	 0.05 	 0.16
 44074 	  90147 	 0.10 	 0.16
 44074 	  92250 	 0.09 	 0.16
127855 	  10217 	 0.04 	 0.17
127855 	  82503 	 0.06 	 0.16
116115 	  28241 	 0.10 	 0.16
116115 	 117081 	 0.10 	 0.16
127451 	  82555 	 0.10 	 0.11
130218 	  82555 	 0.08 	 0.11
130218 	  53672 	 0.08 	 0.11
  4363 	  82246 	 0.07 	 0.17
  4363 	  10217 	 0.08 	 0.17
  4363 	  82503 	 0.06 	 0.16
 85890 	  82555 	 0.04 	 0.11
 85890 	 105200 	 0.07 	 0.11
 85890 	  28241 	 0.07 	 0.11
 85890 	  65863 	 0.09 	 0.11
 85890 	  53672 	 0.08 	 0.11
 67362 	  51213 	 0.10 	 0.16
 31770 	 127102 	 0.06 	 0.14
 31770 	 110641 	 0.08 	 0.10
 31770 	  93163 	 0.06 	 0.10
 31770 	  39079 	 0.07 	 0.18
 31770 	  91563 	 0.06 	 0.18
 31770 	 128844 	 0.05 	 0.14
 31770 	 110571 	 0.08 	 0.18
 31770 	  88333 	 0.09 	 0.18
 31770 	  70752 	 0.05 	 0.18
 31770 	   8980 	 0.07 	 0.18
 31770 	 107934 	 0.08 	 0.14
 31770 	 129131 	 0.10 	 0.11
 31770 	 113027 	 0.06 	 0.10
 31770 	 130983 	 0.05 	 0.14
 31770 	 114379 	 0.09 	 0.10
 31770 	 126721 	 0.05 	 0.17
 31770 	  92865 	 0.05 	 0.18
 31770 	 100909 	 0.09 	 0.14
 31770 	 127855 	 0.07 	 0.14
 31770 	 130218 	 0.09 	 0.10
 31770 	   4363 	 0.08 	 0.14
119325 	  10217 	 0.04 	 0.17
119325 	  82503 	 0.06 	 0.16
 93950 	  82246 	 0.10 	 0.17
 93950 	  10217 	 0.04 	 0.17
 93950 	  82503 	 0.05 	 0.16
 58481 	   9595 	 0.05 	 0.16
 58481 	  63310 	 0.10 	 0.16
 58481 	  82503 	 0.08 	 0.16
 58481 	  69026 	 0.07 	 0.11
 58481 	  31770 	 0.07 	 0.14
101544 	  82555 	 0.08 	 0.16
101544 	  51289 	 0.09 	 0.11
118363 	  10217 	 0.06 	 0.17
118363 	  82503 	 0.05 	 0.16
100782 	  82246 	 0.10 	 0.17
100782 	  10217 	 0.08 	 0.17
100782 	  82503 	 0.07 	 0.16
 53106 	  10217 	 0.06 	 0.17
105815 	  81305 	 0.08 	 0.11
105815 	  95182 	 0.09 	 0.16
129960 	  82555 	 0.07 	 0.16
129960 	  95182 	 0.09 	 0.16
129960 	  65408 	 0.09 	 0.16
129960 	  10217 	 0.04 	 0.14
129960 	  82503 	 0.07 	 0.13
 81306 	  93163 	 0.09 	 0.14
 81306 	  92014 	 0.08 	 0.11
 81306 	 113027 	 0.08 	 0.14
 81306 	 129960 	 0.09 	 0.16
101892 	 205919 	 0.08 	 0.11
130986 	  82246 	 0.08 	 0.17
130986 	  10217 	 0.07 	 0.17
 94785 	  82503 	 0.08 	 0.16
115173 	  81305 	 0.10 	 0.11
115173 	 205919 	 0.09 	 0.11
115173 	  95182 	 0.09 	 0.16
115173 	  69026 	 0.10 	 0.11
104295 	  31770 	 0.08 	 0.14
124419 	  95182 	 0.08 	 0.11
124419 	  65408 	 0.09 	 0.11
128492 	  53672 	 0.08 	 0.11
 91637 	  69026 	 0.10 	 0.12
102383 	  82246 	 0.10 	 0.17
102383 	  10217 	 0.07 	 0.17
102383 	  82503 	 0.07 	 0.16
  2332 	  82503 	 0.04 	 0.16
  2332 	  69026 	 0.09 	 0.11
122251 	  82555 	 0.06 	 0.16
122251 	 105200 	 0.10 	 0.16
 68681 	  82555 	 0.05 	 0.11
 68681 	 105200 	 0.08 	 0.11
 68681 	  28241 	 0.10 	 0.11
125161 	  82246 	 0.06 	 0.19
125161 	  10217 	 0.07 	 0.19
125161 	  82503 	 0.02 	 0.10
125161 	  51289 	 0.09 	 0.16
 52894 	  85402 	 0.08 	 0.14
 52894 	  31770 	 0.06 	 0.10
105733 	  81305 	 0.03 	 0.11
105733 	 205919 	 0.08 	 0.11
105733 	  90147 	 0.08 	 0.16
105733 	  69026 	 0.08 	 0.11
105733 	  31770 	 0.05 	 0.14
103296 	  76155 	 0.09 	 0.16
103296 	  90147 	 0.09 	 0.16
 72992 	  92753 	 0.09 	 0.11
 72992 	  59539 	 0.10 	 0.16
 72992 	  39079 	 0.07 	 0.11
 72992 	  91563 	 0.07 	 0.11
 72992 	  82555 	 0.04 	 0.16
 72992 	  52768 	 0.09 	 0.16
 72992 	   5543 	 0.08 	 0.11
 72992 	 105200 	 0.09 	 0.16
 72992 	  70752 	 0.07 	 0.11
 72992 	   8980 	 0.09 	 0.11
 72992 	 113027 	 0.07 	 0.11
 72992 	  28241 	 0.07 	 0.16
 72992 	  93171 	 0.07 	 0.11
 72992 	  91926 	 0.09 	 0.11
 72992 	   7012 	 0.10 	 0.16
 72992 	  92865 	 0.08 	 0.11
 72992 	  92250 	 0.07 	 0.16
 72992 	 114535 	 0.09 	 0.16
 72992 	  51289 	 0.05 	 0.11
 72992 	 111407 	 0.09 	 0.16
 72992 	  65863 	 0.04 	 0.16
 72992 	  53672 	 0.07 	 0.16
 72992 	 105970 	 0.10 	 0.16
 72992 	  44074 	 0.10 	 0.16
 72992 	  67362 	 0.07 	 0.16
 72992 	  70646 	 0.07 	 0.11
 72992 	 126216 	 0.09 	 0.11
 72992 	  85972 	 0.09 	 0.11
 72992 	  52894 	 0.06 	 0.11
 72992 	 105733 	 0.07 	 0.16
  2911 	  31770 	 0.09 	 0.14
 16479 	  82555 	 0.04 	 0.16
 16479 	  92250 	 0.08 	 0.16
 16479 	  51289 	 0.05 	 0.11
 16479 	  65863 	 0.09 	 0.16
 16479 	  53672 	 0.09 	 0.16
 65887 	 128844 	 0.09 	 0.15
 65887 	 130983 	 0.09 	 0.15
 65887 	 117081 	 0.07 	 0.15
 65887 	  58481 	 0.06 	 0.15
 65887 	  85972 	 0.10 	 0.19
 36327 	   9595 	 0.08 	 0.10
 36327 	  92753 	 0.10 	 0.10
 36327 	  81305 	 0.05 	 0.10
 36327 	 205919 	 0.09 	 0.10
 36327 	  69026 	 0.07 	 0.10
 36327 	  81306 	 0.09 	 0.17
130217 	  82555 	 0.10 	 0.16
119311 	  10217 	 0.04 	 0.17
119311 	  82503 	 0.06 	 0.16
128762 	  10217 	 0.06 	 0.17
125839 	  95182 	 0.10 	 0.11
125839 	  65408 	 0.10 	 0.11
125839 	  53672 	 0.10 	 0.11
 43129 	  10217 	 0.07 	 0.17
  5103 	  95182 	 0.10 	 0.16
  5103 	  90147 	 0.09 	 0.16
  5103 	  72992 	 0.07 	 0.16
 77153 	 130387 	 0.09 	 0.12
 77153 	  92014 	 0.06 	 0.19
 77153 	  39079 	 0.10 	 0.15
 77153 	  66388 	 0.10 	 0.14
 77153 	 110571 	 0.09 	 0.15
 77153 	 122022 	 0.10 	 0.15
 77153 	  88333 	 0.10 	 0.15
 77153 	  70752 	 0.06 	 0.15
 77153 	   8980 	 0.08 	 0.15
 77153 	 107934 	 0.09 	 0.12
 77153 	  82246 	 0.06 	 0.10
 77153 	  66308 	 0.10 	 0.15
 77153 	  91926 	 0.07 	 0.15
 77153 	  92865 	 0.07 	 0.15
 77153 	 129960 	 0.08 	 0.15
 77153 	  85972 	 0.07 	 0.15
 77153 	 104295 	 0.10 	 0.12
 77153 	  36327 	 0.08 	 0.10
  8179 	   9595 	 0.09 	 0.16
  8179 	  82503 	 0.07 	 0.16
109370 	  95182 	 0.09 	 0.11
109370 	  65408 	 0.10 	 0.11
109370 	  90147 	 0.07 	 0.11
109370 	  72992 	 0.09 	 0.11
109370 	  65887 	 0.08 	 0.19
109370 	  77153 	 0.06 	 0.15
  2622 	  10217 	 0.07 	 0.17
  2622 	  82503 	 0.04 	 0.16
 97207 	  95182 	 0.09 	 0.11
 97207 	  90147 	 0.08 	 0.11
 97207 	  53672 	 0.09 	 0.11
116522 	  81305 	 0.08 	 0.11
116522 	 205919 	 0.07 	 0.11
116522 	  82555 	 0.09 	 0.16
116522 	  95182 	 0.09 	 0.16
116522 	  69026 	 0.08 	 0.11
  5133 	  82503 	 0.07 	 0.16
  5133 	 129859 	 0.10 	 0.13
  5133 	  31770 	 0.09 	 0.14
 76449 	  81305 	 0.08 	 0.11
 76449 	  82555 	 0.06 	 0.16
 76449 	 105200 	 0.09 	 0.16
 76449 	  51289 	 0.08 	 0.11
 91880 	  53672 	 0.08 	 0.11
103133 	  31770 	 0.07 	 0.14
103133 	  77153 	 0.09 	 0.12
101463 	   9595 	 0.06 	 0.16
101463 	  82246 	 0.09 	 0.17
101463 	  10217 	 0.04 	 0.17
101463 	  82503 	 0.05 	 0.16
108127 	   9595 	 0.08 	 0.12
108127 	  81305 	 0.06 	 0.18
108127 	 205919 	 0.09 	 0.18
108127 	  51289 	 0.10 	 0.18
108127 	  31770 	 0.07 	 0.10
108127 	  81306 	 0.10 	 0.14
108127 	  72992 	 0.09 	 0.11
120065 	 105200 	 0.09 	 0.11
120065 	  90147 	 0.10 	 0.11
120065 	  53672 	 0.10 	 0.11
120065 	  72992 	 0.09 	 0.11
 95336 	  58481 	 0.10 	 0.18
 95336 	  52894 	 0.10 	 0.13
114673 	  81305 	 0.06 	 0.11
114673 	 205919 	 0.08 	 0.11
114673 	  95182 	 0.08 	 0.16
114673 	  65408 	 0.08 	 0.16
114673 	  69026 	 0.06 	 0.11
114673 	  31770 	 0.06 	 0.14
107568 	  90147 	 0.08 	 0.11
107568 	  31770 	 0.08 	 0.16
107568 	  77153 	 0.08 	 0.14
 96012 	  82555 	 0.08 	 0.11
 96012 	  95182 	 0.09 	 0.11
 96012 	  65408 	 0.10 	 0.11
 96012 	  53672 	 0.08 	 0.11
125990 	  82555 	 0.10 	 0.16
125990 	  53672 	 0.09 	 0.16
129208 	  82555 	 0.09 	 0.11
129208 	  65408 	 0.10 	 0.11
 73957 	  82503 	 0.04 	 0.12
118768 	  82555 	 0.09 	 0.16
118768 	  51289 	 0.08 	 0.11
 85142 	  72992 	 0.09 	 0.16
 69633 	 102380 	 0.09 	 0.18
 69633 	  93163 	 0.06 	 0.14
 69633 	   5543 	 0.07 	 0.14
 69633 	  66388 	 0.09 	 0.15
 69633 	 113027 	 0.06 	 0.14
 69633 	 114379 	 0.08 	 0.14
 69633 	  94264 	 0.06 	 0.11
 69633 	 130218 	 0.08 	 0.14
 69633 	 129960 	 0.06 	 0.16
 69633 	  36327 	 0.07 	 0.17
 69633 	 101463 	 0.06 	 0.11
 69633 	 108127 	 0.07 	 0.14
128974 	  82555 	 0.08 	 0.11
 79310 	  81305 	 0.05 	 0.11
 79310 	  90154 	 0.07 	 0.12
 79310 	 205919 	 0.06 	 0.11
 79310 	  78533 	 0.10 	 0.16
 79310 	  95182 	 0.08 	 0.16
 79310 	  93171 	 0.10 	 0.11
 79310 	  51213 	 0.08 	 0.16
 79310 	  65408 	 0.07 	 0.16
 79310 	  63310 	 0.07 	 0.16
 79310 	   7012 	 0.09 	 0.16
 79310 	  69026 	 0.06 	 0.11
 79310 	 113290 	 0.09 	 0.16
 79310 	  31770 	 0.05 	 0.14
 79310 	  95336 	 0.07 	 0.18
 79310 	 107568 	 0.08 	 0.11
  3208 	  50275 	 0.10 	 0.16
  3208 	  82555 	 0.06 	 0.16
  3208 	 105200 	 0.05 	 0.16
  3208 	  28241 	 0.08 	 0.16
  3208 	 117081 	 0.07 	 0.16
  3208 	  92250 	 0.08 	 0.16
  3208 	  58481 	 0.07 	 0.16
  3208 	  85972 	 0.10 	 0.11
  3208 	  79310 	 0.09 	 0.16
 10274 	 113401 	 0.08 	 0.11
 10274 	  50275 	 0.06 	 0.11
 10274 	 100225 	 0.09 	 0.11
 10274 	  95573 	 0.07 	 0.11
 10274 	  62372 	 0.09 	 0.11
 10274 	  75030 	 0.09 	 0.14
 10274 	  66388 	 0.08 	 0.19
 10274 	 114621 	 0.10 	 0.11
 10274 	  18307 	 0.09 	 0.11
 10274 	  96738 	 0.07 	 0.11
 10274 	  70752 	 0.09 	 0.18
 10274 	  95603 	 0.07 	 0.11
 10274 	  92250 	 0.06 	 0.11
 10274 	  31490 	 0.10 	 0.14
 10274 	 113290 	 0.08 	 0.11
 10274 	 105970 	 0.09 	 0.11
 10274 	 101892 	 0.08 	 0.11
 10274 	 115173 	 0.08 	 0.11
 10274 	 105733 	 0.09 	 0.11
 10274 	  36327 	 0.07 	 0.10
 10274 	 116522 	 0.06 	 0.11
 10274 	 108127 	 0.07 	 0.18
 10274 	 114673 	 0.08 	 0.11
 10274 	  79310 	 0.07 	 0.11
 79768 	  50275 	 0.07 	 0.11
 79768 	  95573 	 0.10 	 0.11
 79768 	  70752 	 0.08 	 0.18
 79768 	  95603 	 0.09 	 0.11
 79768 	  92250 	 0.05 	 0.11
 79768 	 105970 	 0.09 	 0.11
 79768 	 115173 	 0.10 	 0.11
 79768 	 105733 	 0.09 	 0.11
 79768 	  36327 	 0.08 	 0.10
 79768 	 116522 	 0.07 	 0.11
 79768 	 108127 	 0.09 	 0.18
 79768 	 114673 	 0.07 	 0.11
 79768 	  79310 	 0.08 	 0.11
 99159 	  82555 	 0.10 	 0.11
 66221 	 105200 	 0.06 	 0.16
 66221 	  82503 	 0.03 	 0.16
 66221 	  79310 	 0.09 	 0.16
 65192 	  92250 	 0.09 	 0.14
 65192 	  58481 	 0.09 	 0.14
 65192 	  79310 	 0.07 	 0.14
119617 	  82555 	 0.09 	 0.11
119617 	  95182 	 0.10 	 0.11
119617 	  53672 	 0.08 	 0.11
107458 	  81305 	 0.07 	 0.11
107458 	 205919 	 0.08 	 0.11
107458 	  95182 	 0.09 	 0.16
107458 	  65408 	 0.08 	 0.16
107458 	  69026 	 0.07 	 0.11
107458 	  44074 	 0.09 	 0.16
107458 	  10274 	 0.09 	 0.11
107458 	  79768 	 0.10 	 0.11
107458 	  66221 	 0.10 	 0.16
101673 	  82555 	 0.07 	 0.16
101673 	 105200 	 0.10 	 0.16
101673 	  51289 	 0.08 	 0.11
101673 	  53672 	 0.10 	 0.16
101673 	  79310 	 0.10 	 0.16
 96900 	  82555 	 0.08 	 0.11
 96900 	  92250 	 0.10 	 0.11
 96900 	  79310 	 0.10 	 0.11
114259 	  82555 	 0.05 	 0.11
114259 	  28241 	 0.10 	 0.11
114259 	  92250 	 0.09 	 0.11
114259 	  79310 	 0.07 	 0.11
102481 	  10217 	 0.07 	 0.17
102481 	  82503 	 0.06 	 0.16
119112 	  82555 	 0.10 	 0.11
  2524 	  82246 	 0.10 	 0.17
  2524 	  10217 	 0.07 	 0.17
 37464 	  88141 	 0.07 	 0.11
 37464 	 117891 	 0.10 	 0.11
 37464 	  50275 	 0.10 	 0.16
 37464 	  62372 	 0.08 	 0.16
 37464 	 106302 	 0.09 	 0.11
 37464 	  18307 	 0.07 	 0.16
 37464 	  96738 	 0.09 	 0.16
 37464 	  51213 	 0.06 	 0.16
 37464 	 101280 	 0.10 	 0.16
 37464 	 102078 	 0.09 	 0.16
 37464 	 113290 	 0.07 	 0.16
 37464 	 105970 	 0.08 	 0.16
 37464 	 116115 	 0.10 	 0.16
 37464 	  85890 	 0.05 	 0.11
 37464 	  68681 	 0.08 	 0.11
 37464 	  72992 	 0.06 	 0.16
 37464 	  16479 	 0.06 	 0.16
 37464 	  76449 	 0.09 	 0.16
 37464 	 125990 	 0.10 	 0.16
 37464 	 118768 	 0.09 	 0.16
 37464 	 128974 	 0.09 	 0.11
 37464 	   3208 	 0.09 	 0.16
 37464 	  99159 	 0.10 	 0.11
 37464 	 101673 	 0.09 	 0.16
 37464 	  96900 	 0.08 	 0.11
 37464 	 114259 	 0.08 	 0.11
 93866 	  53672 	 0.09 	 0.16
108273 	   9595 	 0.09 	 0.16
108273 	  82503 	 0.05 	 0.16
  2996 	 113401 	 0.08 	 0.16
  2996 	  94927 	 0.09 	 0.11
  2996 	  88141 	 0.03 	 0.11
  2996 	 118052 	 0.06 	 0.16
  2996 	  96511 	 0.08 	 0.11
  2996 	 117891 	 0.09 	 0.11
  2996 	 117976 	 0.05 	 0.16
  2996 	  93163 	 0.05 	 0.11
  2996 	 119680 	 0.05 	 0.11
  2996 	 130665 	 0.09 	 0.11
  2996 	  95573 	 0.08 	 0.16
  2996 	  62372 	 0.02 	 0.16
  2996 	 106302 	 0.07 	 0.11
  2996 	  15511 	 0.07 	 0.11
  2996 	  66388 	 0.05 	 0.15
  2996 	 110571 	 0.09 	 0.11
  2996 	  18307 	 0.03 	 0.16
  2996 	  96738 	 0.08 	 0.16
  2996 	 130780 	 0.06 	 0.11
  2996 	 107934 	 0.07 	 0.16
  2996 	 131018 	 0.09 	 0.11
  2996 	 114379 	 0.04 	 0.11
  2996 	  51213 	 0.02 	 0.16
  2996 	  29716 	 0.02 	 0.16
  2996 	 103813 	 0.10 	 0.16
  2996 	  95603 	 0.08 	 0.16
  2996 	  63310 	 0.03 	 0.16
  2996 	   5646 	 0.10 	 0.11
  2996 	  92250 	 0.09 	 0.16
  2996 	 102078 	 0.06 	 0.16
  2996 	 113290 	 0.09 	 0.16
  2996 	 117951 	 0.05 	 0.16
  2996 	 131017 	 0.06 	 0.11
  2996 	 116115 	 0.08 	 0.16
  2996 	 127451 	 0.06 	 0.11
  2996 	  85890 	 0.03 	 0.11
  2996 	 119111 	 0.06 	 0.16
  2996 	 101544 	 0.10 	 0.16
  2996 	 105815 	 0.08 	 0.16
  2996 	 101892 	 0.07 	 0.16
  2996 	 129434 	 0.10 	 0.11
  2996 	 128492 	 0.09 	 0.11
  2996 	 122251 	 0.06 	 0.16
  2996 	  68681 	 0.03 	 0.11
  2996 	 105733 	 0.07 	 0.16
  2996 	  72992 	 0.04 	 0.16
  2996 	  16479 	 0.03 	 0.16
  2996 	 125839 	 0.10 	 0.11
  2996 	 109370 	 0.07 	 0.11
  2996 	  97207 	 0.05 	 0.11
  2996 	  76449 	 0.03 	 0.16
  2996 	  91880 	 0.07 	 0.11
  2996 	 120065 	 0.06 	 0.11
  2996 	 114673 	 0.07 	 0.16
  2996 	  96012 	 0.09 	 0.11
  2996 	 129208 	 0.07 	 0.11
  2996 	 118768 	 0.06 	 0.16
  2996 	 128974 	 0.10 	 0.11
  2996 	  79310 	 0.07 	 0.16
  2996 	   3208 	 0.03 	 0.16
  2996 	  99159 	 0.08 	 0.11
  2996 	 119617 	 0.09 	 0.11
  2996 	 101673 	 0.04 	 0.16
  2996 	 114259 	 0.03 	 0.11
  2996 	 119112 	 0.06 	 0.11
  2996 	  93866 	 0.09 	 0.16
115606 	  82246 	 0.08 	 0.17
115606 	  10217 	 0.04 	 0.17
115606 	  82503 	 0.04 	 0.16
115606 	  77153 	 0.08 	 0.19
120998 	  51289 	 0.10 	 0.11
120998 	  53672 	 0.09 	 0.16
 15972 	  82555 	 0.06 	 0.16
 15972 	 105200 	 0.07 	 0.16
 15972 	  28241 	 0.10 	 0.16
 15972 	  51289 	 0.08 	 0.11
 15972 	  79310 	 0.10 	 0.16
 15972 	  37464 	 0.07 	 0.16
 15972 	   2996 	 0.02 	 0.16
110588 	  81305 	 0.09 	 0.11
110588 	 205919 	 0.08 	 0.11
110588 	  95182 	 0.08 	 0.16
110588 	  65408 	 0.09 	 0.16
110588 	  69026 	 0.09 	 0.11
110588 	  53672 	 0.09 	 0.16
110588 	  10274 	 0.06 	 0.11
110588 	  79768 	 0.08 	 0.11
 92527 	   9595 	 0.07 	 0.16
 92527 	  10217 	 0.05 	 0.17
 92527 	  82503 	 0.09 	 0.16
 92527 	 125161 	 0.10 	 0.12
 92527 	  65887 	 0.10 	 0.15
101749 	  31770 	 0.09 	 0.14
108174 	  81305 	 0.05 	 0.11
108174 	 205919 	 0.07 	 0.11
108174 	  63310 	 0.10 	 0.16
108174 	  90147 	 0.07 	 0.16
108174 	  69026 	 0.05 	 0.11
108174 	  72992 	 0.07 	 0.16
108174 	  10274 	 0.07 	 0.11
108174 	  79768 	 0.06 	 0.11
108174 	  66221 	 0.09 	 0.16
108174 	 119617 	 0.09 	 0.11
108174 	 114259 	 0.10 	 0.11
108174 	   2996 	 0.07 	 0.16
 75566 	  10217 	 0.08 	 0.17
 52224 	  82246 	 0.05 	 0.17
 52224 	  10217 	 0.06 	 0.17
 52224 	  82503 	 0.02 	 0.16
122600 	  31770 	 0.07 	 0.18
122600 	  77153 	 0.09 	 0.15
  1531 	  82555 	 0.07 	 0.11
  1531 	   2996 	 0.06 	 0.11
 62649 	  79310 	 0.08 	 0.16
 90137 	  93163 	 0.08 	 0.11
 90137 	  82555 	 0.07 	 0.16
 90137 	   5543 	 0.08 	 0.11
 90137 	 105200 	 0.09 	 0.16
 90137 	  70752 	 0.08 	 0.11
 90137 	   8980 	 0.10 	 0.11
 90137 	  93171 	 0.10 	 0.11
 90137 	  92250 	 0.07 	 0.16
 90137 	 129859 	 0.08 	 0.13
 90137 	  51289 	 0.10 	 0.11
 90137 	 105733 	 0.08 	 0.16
 90137 	   5103 	 0.09 	 0.16
 90137 	 109370 	 0.07 	 0.11
 90137 	  97207 	 0.08 	 0.11
 90137 	 120065 	 0.10 	 0.11
 90137 	 107568 	 0.08 	 0.11
 90137 	 108174 	 0.07 	 0.16
 94602 	   2996 	 0.04 	 0.10
 82318 	   4793 	 0.09 	 0.11
 64266 	 102380 	 0.03 	 0.15
 64266 	  65887 	 0.05 	 0.12
 62268 	  10217 	 0.04 	 0.14
115220 	  31770 	 0.08 	 0.14
115220 	  77153 	 0.09 	 0.12
107489 	  88141 	 0.09 	 0.11
107489 	  81305 	 0.10 	 0.11
107489 	 205919 	 0.05 	 0.11
107489 	  95182 	 0.08 	 0.16
107489 	  65408 	 0.07 	 0.16
107489 	  63310 	 0.09 	 0.16
107489 	  69026 	 0.09 	 0.11
107489 	  51289 	 0.08 	 0.11
107489 	   2332 	 0.08 	 0.16
107489 	  72992 	 0.09 	 0.16
107489 	 109370 	 0.10 	 0.11
107489 	  76449 	 0.09 	 0.16
107489 	 120065 	 0.10 	 0.11
107489 	   3208 	 0.09 	 0.16
107489 	  10274 	 0.05 	 0.11
107489 	  79768 	 0.07 	 0.11
107489 	  66221 	 0.10 	 0.16
 52786 	  90147 	 0.08 	 0.11
 52786 	  72992 	 0.06 	 0.11
 52786 	  77153 	 0.08 	 0.15
 52786 	  90137 	 0.08 	 0.11
 16404 	  93163 	 0.08 	 0.14
 16404 	  92014 	 0.07 	 0.11
 16404 	  75030 	 0.09 	 0.11
 16404 	  66388 	 0.09 	 0.15
 16404 	  70752 	 0.10 	 0.14
 16404 	 113027 	 0.06 	 0.14
 16404 	  82246 	 0.09 	 0.17
 16404 	  94264 	 0.09 	 0.11
 16404 	 130218 	 0.10 	 0.14
 16404 	  36327 	 0.08 	 0.17
 16404 	 108127 	 0.08 	 0.14
117884 	  53672 	 0.09 	 0.16
117884 	  10274 	 0.09 	 0.11
117884 	   2996 	 0.09 	 0.16
105413 	   9595 	 0.04 	 0.16
105413 	  91848 	 0.10 	 0.16
105413 	  63310 	 0.08 	 0.16
105413 	  92250 	 0.09 	 0.16
105413 	  82503 	 0.08 	 0.16
105413 	  69026 	 0.07 	 0.11
105413 	  75641 	 0.09 	 0.10
105413 	  85890 	 0.07 	 0.11
105413 	  72992 	 0.03 	 0.16
105413 	  16479 	 0.09 	 0.16
105413 	  65887 	 0.09 	 0.15
105413 	 128974 	 0.10 	 0.11
105413 	   3208 	 0.09 	 0.16
105413 	 107458 	 0.10 	 0.16
105413 	  93866 	 0.09 	 0.16
124477 	  65408 	 0.10 	 0.11
124477 	  53672 	 0.09 	 0.11
124477 	   2996 	 0.09 	 0.11
 81262 	 113401 	 0.06 	 0.11
 81262 	 118052 	 0.09 	 0.11
 81262 	  50275 	 0.05 	 0.11
 81262 	 100225 	 0.08 	 0.11
 81262 	  95573 	 0.06 	 0.11
 81262 	  82555 	 0.06 	 0.11
 81262 	   5543 	 0.08 	 0.18
 81262 	  62372 	 0.09 	 0.11
 81262 	 105200 	 0.05 	 0.11
 81262 	  66388 	 0.07 	 0.19
 81262 	 114621 	 0.09 	 0.11
 81262 	  18307 	 0.10 	 0.11
 81262 	  96738 	 0.06 	 0.11
 81262 	  28241 	 0.06 	 0.11
 81262 	  29716 	 0.09 	 0.11
 81262 	 103813 	 0.09 	 0.11
 81262 	  95603 	 0.05 	 0.11
 81262 	   7012 	 0.10 	 0.11
 81262 	  92250 	 0.05 	 0.11
 81262 	  31490 	 0.09 	 0.14
 81262 	 114535 	 0.08 	 0.11
 81262 	 111407 	 0.07 	 0.11
 81262 	 113290 	 0.06 	 0.11
 81262 	  65863 	 0.08 	 0.11
 81262 	 117951 	 0.08 	 0.11
 81262 	 105970 	 0.09 	 0.11
 81262 	 101892 	 0.07 	 0.11
 81262 	 115173 	 0.08 	 0.11
 81262 	 105733 	 0.05 	 0.11
 81262 	  36327 	 0.07 	 0.10
 81262 	 116522 	 0.06 	 0.11
 81262 	  76449 	 0.09 	 0.11
 81262 	 108127 	 0.06 	 0.18
 81262 	 114673 	 0.07 	 0.11
 81262 	  79310 	 0.06 	 0.11
 81262 	 107458 	 0.09 	 0.11
 81262 	 108273 	 0.06 	 0.11
 81262 	 110588 	 0.07 	 0.11
 81262 	 108174 	 0.05 	 0.11
 81262 	 107489 	 0.07 	 0.11
 81262 	 117884 	 0.09 	 0.11
 48486 	   9595 	 0.04 	 0.16
 48486 	  90154 	 0.05 	 0.12
 48486 	  62372 	 0.08 	 0.16
 48486 	  18307 	 0.08 	 0.16
 48486 	  51213 	 0.06 	 0.16
 48486 	  29716 	 0.08 	 0.16
 48486 	  63310 	 0.06 	 0.16
 48486 	  69026 	 0.03 	 0.11
 48486 	  72459 	 0.07 	 0.11
 48486 	  31770 	 0.05 	 0.14
 48486 	 101892 	 0.10 	 0.16
 48486 	  68681 	 0.08 	 0.11
 48486 	 105733 	 0.10 	 0.16
 48486 	  65887 	 0.05 	 0.15
 48486 	 109370 	 0.09 	 0.11
 48486 	  91880 	 0.10 	 0.11
 48486 	  95336 	 0.06 	 0.18
 48486 	 107568 	 0.05 	 0.11
 48486 	 129208 	 0.09 	 0.11
 48486 	   3208 	 0.04 	 0.16
 48486 	  65192 	 0.06 	 0.14
 48486 	 101673 	 0.10 	 0.16
 48486 	 114259 	 0.09 	 0.11
 48486 	  15972 	 0.08 	 0.16
 48486 	  62649 	 0.05 	 0.16
 48486 	  94602 	 0.09 	 0.10
 37931 	 113401 	 0.06 	 0.16
 37931 	  88141 	 0.06 	 0.11
 37931 	 118052 	 0.10 	 0.16
 37931 	  96511 	 0.09 	 0.11
 37931 	 117891 	 0.10 	 0.11
 37931 	 117976 	 0.05 	 0.16
 37931 	  50275 	 0.07 	 0.16
 37931 	  93163 	 0.09 	 0.11
 37931 	 119680 	 0.08 	 0.11
 37931 	  95573 	 0.09 	 0.16
 37931 	  62372 	 0.05 	 0.16
 37931 	  76155 	 0.05 	 0.16
 37931 	 106302 	 0.06 	 0.11
 37931 	  15511 	 0.08 	 0.11
 37931 	  66388 	 0.07 	 0.15
 37931 	 127533 	 0.06 	 0.16
 37931 	  88333 	 0.07 	 0.11
 37931 	  18307 	 0.05 	 0.16
 37931 	  96738 	 0.09 	 0.16
 37931 	 130780 	 0.07 	 0.11
 37931 	  91848 	 0.07 	 0.16
 37931 	 113027 	 0.07 	 0.11
 37931 	  51213 	 0.07 	 0.16
 37931 	  29716 	 0.06 	 0.16
 37931 	 101280 	 0.06 	 0.16
 37931 	 103813 	 0.10 	 0.16
 37931 	  95603 	 0.09 	 0.16
 37931 	  63310 	 0.03 	 0.16
 37931 	  90147 	 0.06 	 0.16
 37931 	  66308 	 0.06 	 0.16
 37931 	   7012 	 0.07 	 0.16
 37931 	   5646 	 0.06 	 0.11
 37931 	 102078 	 0.10 	 0.16
 37931 	 113290 	 0.06 	 0.16
 37931 	 117951 	 0.09 	 0.16
 37931 	 131017 	 0.07 	 0.11
 37931 	 127451 	 0.06 	 0.11
 37931 	 130218 	 0.06 	 0.11
 37931 	  85890 	 0.04 	 0.11
 37931 	 119111 	 0.06 	 0.16
 37931 	 105815 	 0.09 	 0.16
 37931 	 101892 	 0.07 	 0.16
 37931 	  85972 	 0.10 	 0.11
 37931 	 122251 	 0.06 	 0.16
 37931 	  68681 	 0.05 	 0.11
 37931 	  72992 	 0.03 	 0.16
 37931 	  16479 	 0.04 	 0.16
 37931 	 130217 	 0.06 	 0.16
 37931 	 109370 	 0.07 	 0.11
 37931 	 116522 	 0.06 	 0.16
 37931 	  76449 	 0.07 	 0.16
 37931 	  91880 	 0.09 	 0.11
 37931 	 120065 	 0.07 	 0.11
 37931 	  96012 	 0.10 	 0.11
 37931 	 125990 	 0.05 	 0.16
 37931 	 129208 	 0.07 	 0.11
 37931 	 118768 	 0.09 	 0.16
 37931 	 128974 	 0.06 	 0.11
 37931 	   3208 	 0.04 	 0.16
 37931 	  99159 	 0.09 	 0.11
 37931 	 101673 	 0.05 	 0.16
 37931 	  96900 	 0.06 	 0.11
 37931 	 114259 	 0.04 	 0.11
 37931 	 119112 	 0.09 	 0.11
 37931 	  93866 	 0.08 	 0.16
 37931 	  15972 	 0.05 	 0.16
 37931 	   1531 	 0.07 	 0.11
 37931 	  90137 	 0.06 	 0.16
 37931 	  94602 	 0.07 	 0.10
101648 	  82246 	 0.09 	 0.17
101648 	  10217 	 0.07 	 0.17
101648 	  82503 	 0.07 	 0.16
111297 	   9595 	 0.08 	 0.16
111297 	  82246 	 0.05 	 0.17
111297 	  10217 	 0.04 	 0.17
111297 	  82503 	 0.03 	 0.16
127221 	  81305 	 0.09 	 0.11
127221 	  69026 	 0.09 	 0.11
127221 	  53672 	 0.09 	 0.16
127221 	  10274 	 0.09 	 0.11
127221 	   2996 	 0.09 	 0.16
127221 	  81262 	 0.07 	 0.11
 74286 	  81305 	 0.09 	 0.11
 74286 	  82555 	 0.06 	 0.16
 74286 	 105200 	 0.09 	 0.16
 74286 	  51289 	 0.08 	 0.11
 74286 	  37464 	 0.09 	 0.16
 74286 	   2996 	 0.03 	 0.16
 74286 	 107489 	 0.09 	 0.16
 74286 	  48486 	 0.08 	 0.16
 74286 	  37931 	 0.07 	 0.16
 27623 	   9595 	 0.06 	 0.16
 27623 	  82503 	 0.09 	 0.16
 27623 	  69026 	 0.06 	 0.11
 27623 	  31770 	 0.07 	 0.14
 27623 	  72992 	 0.07 	 0.16
 34379 	   9595 	 0.10 	 0.12
 34379 	  59539 	 0.09 	 0.11
 34379 	 118052 	 0.09 	 0.11
 34379 	  92014 	 0.07 	 0.14
 34379 	  15511 	 0.08 	 0.18
 34379 	  96738 	 0.08 	 0.11
 34379 	 105455 	 0.09 	 0.14
 34379 	  51213 	 0.05 	 0.11
 34379 	 126721 	 0.10 	 0.12
 34379 	  85402 	 0.08 	 0.14
 34379 	  63310 	 0.07 	 0.11
 34379 	 113290 	 0.09 	 0.11
 34379 	  53672 	 0.07 	 0.11
 34379 	 117951 	 0.09 	 0.11
 34379 	  44074 	 0.04 	 0.11
 34379 	  31770 	 0.10 	 0.10
 34379 	 119325 	 0.08 	 0.14
 34379 	  68681 	 0.06 	 0.18
 34379 	 103296 	 0.06 	 0.11
 34379 	  72992 	 0.09 	 0.11
 34379 	  16479 	 0.06 	 0.11
 34379 	 119311 	 0.08 	 0.14
 34379 	   5103 	 0.09 	 0.11
 34379 	   5133 	 0.07 	 0.11
 34379 	 101463 	 0.09 	 0.14
 34379 	 108127 	 0.08 	 0.18
 34379 	 120065 	 0.10 	 0.18
 34379 	  95336 	 0.08 	 0.13
 34379 	 118768 	 0.10 	 0.11
 34379 	   3208 	 0.07 	 0.11
 34379 	  66221 	 0.06 	 0.11
 34379 	  65192 	 0.07 	 0.10
 34379 	 101673 	 0.10 	 0.11
 34379 	  52224 	 0.05 	 0.14
 34379 	  62649 	 0.08 	 0.12
 34379 	 105413 	 0.10 	 0.11
 34379 	  37931 	 0.10 	 0.11
 34379 	  27623 	 0.09 	 0.11
 95781 	  82555 	 0.08 	 0.11
 95781 	  95182 	 0.09 	 0.11
 95781 	  65408 	 0.09 	 0.11
 95781 	  53672 	 0.07 	 0.11
 95781 	   2996 	 0.07 	 0.11
 95781 	  37931 	 0.06 	 0.11
124177 	 205919 	 0.09 	 0.11
124177 	  65408 	 0.10 	 0.16
124177 	  69026 	 0.10 	 0.11
124177 	  53672 	 0.09 	 0.16
124177 	  10274 	 0.08 	 0.11
124177 	  79768 	 0.09 	 0.11
124177 	   2996 	 0.10 	 0.16
124177 	  81262 	 0.07 	 0.11
 65782 	 114259 	 0.10 	 0.11
116898 	  82555 	 0.09 	 0.11
116898 	  95182 	 0.09 	 0.11
116898 	  90147 	 0.08 	 0.11
116898 	  31770 	 0.05 	 0.18
116898 	  72992 	 0.07 	 0.11
116898 	  77153 	 0.08 	 0.15
116898 	  37464 	 0.09 	 0.11
116898 	   2996 	 0.07 	 0.11
116898 	  90137 	 0.08 	 0.11
 51767 	  82555 	 0.08 	 0.14
 51767 	  65408 	 0.09 	 0.14
 51767 	  10217 	 0.02 	 0.12
 51767 	  69026 	 0.10 	 0.18
 51767 	  34379 	 0.07 	 0.10
 28201 	  10217 	 0.07 	 0.17
105156 	  95182 	 0.09 	 0.11
105156 	  90147 	 0.09 	 0.11
105156 	  31770 	 0.05 	 0.18
105156 	  72992 	 0.06 	 0.11
105156 	  77153 	 0.09 	 0.15
105156 	   2996 	 0.06 	 0.11
105156 	  90137 	 0.09 	 0.11
105156 	  48486 	 0.09 	 0.11
105156 	  34379 	 0.08 	 0.18
119717 	  82555 	 0.08 	 0.16
119717 	  51289 	 0.09 	 0.11
119717 	   2996 	 0.10 	 0.16
119717 	 108174 	 0.10 	 0.16
119717 	  81262 	 0.08 	 0.11
 95409 	  53672 	 0.08 	 0.11
 95409 	  31770 	 0.09 	 0.18
 95409 	  77153 	 0.10 	 0.15
 95409 	   2996 	 0.10 	 0.11
124225 	  10274 	 0.09 	 0.11
124225 	  81262 	 0.09 	 0.11
 99213 	  82555 	 0.10 	 0.11
 99213 	  69633 	 0.09 	 0.14
 99213 	   2996 	 0.07 	 0.11
 99213 	  16404 	 0.09 	 0.14
 99213 	  37931 	 0.06 	 0.11
 98469 	  81306 	 0.10 	 0.14
 98469 	  69633 	 0.09 	 0.14
 98469 	  16404 	 0.08 	 0.14
 98469 	  37931 	 0.07 	 0.11
119685 	  82555 	 0.07 	 0.11
119685 	  95182 	 0.09 	 0.11
119685 	  37464 	 0.10 	 0.11
119685 	   2996 	 0.08 	 0.11
119685 	  37931 	 0.05 	 0.11
121308 	  90147 	 0.09 	 0.11
121308 	  72992 	 0.09 	 0.11
121308 	   2996 	 0.05 	 0.11
121308 	  90137 	 0.09 	 0.11
121308 	  37931 	 0.07 	 0.11
 77148 	  92753 	 0.10 	 0.18
 77148 	 130387 	 0.08 	 0.14
 77148 	 110641 	 0.09 	 0.10
 77148 	  93163 	 0.09 	 0.10
 77148 	  39079 	 0.10 	 0.18
 77148 	  66388 	 0.10 	 0.16
 77148 	 110571 	 0.09 	 0.18
 77148 	  88333 	 0.10 	 0.18
 77148 	  70752 	 0.06 	 0.18
 77148 	   8980 	 0.08 	 0.18
 77148 	 107934 	 0.09 	 0.14
 77148 	 113027 	 0.07 	 0.10
 77148 	  82246 	 0.06 	 0.12
 77148 	  66308 	 0.09 	 0.17
 77148 	  91926 	 0.07 	 0.18
 77148 	  92865 	 0.07 	 0.18
 77148 	  92250 	 0.05 	 0.14
 77148 	 130218 	 0.10 	 0.10
 77148 	 129960 	 0.08 	 0.17
 77148 	  85972 	 0.07 	 0.18
 77148 	 104295 	 0.10 	 0.14
 77148 	 105733 	 0.08 	 0.14
 77148 	 109370 	 0.06 	 0.18
 77148 	 103133 	 0.09 	 0.14
 77148 	 108127 	 0.08 	 0.10
 77148 	 107568 	 0.08 	 0.16
 77148 	 122600 	 0.09 	 0.18
 77148 	 115220 	 0.09 	 0.14
 77148 	  52786 	 0.08 	 0.18
 77148 	  34379 	 0.08 	 0.10
 77148 	 116898 	 0.07 	 0.18
 77148 	 105156 	 0.09 	 0.18
 77148 	  95409 	 0.10 	 0.18
 96223 	  81305 	 0.10 	 0.11
 96223 	 205919 	 0.09 	 0.11
 96223 	  82555 	 0.07 	 0.16
 96223 	  51289 	 0.08 	 0.11
 96223 	  53672 	 0.08 	 0.16
 96223 	  10274 	 0.06 	 0.11
 96223 	  79768 	 0.08 	 0.11
 96223 	  37464 	 0.09 	 0.16
 96223 	   2996 	 0.07 	 0.16
 96223 	  81262 	 0.06 	 0.11
 96223 	  37931 	 0.07 	 0.16
 70314 	 113401 	 0.09 	 0.11
 70314 	  50275 	 0.07 	 0.11
 70314 	  95573 	 0.09 	 0.11
 70314 	  96738 	 0.09 	 0.11
 70314 	  95603 	 0.08 	 0.11
 70314 	  92250 	 0.09 	 0.11
 70314 	 113290 	 0.10 	 0.11
 70314 	  36327 	 0.10 	 0.10
 70314 	 116522 	 0.09 	 0.11
 70314 	 114673 	 0.09 	 0.11
 70314 	  79310 	 0.10 	 0.11
 70314 	 110588 	 0.09 	 0.11
 70314 	 108174 	 0.08 	 0.11
 70314 	 107489 	 0.06 	 0.11
  3715 	  72992 	 0.08 	 0.16
115258 	  95182 	 0.09 	 0.11
115258 	  53672 	 0.09 	 0.11
115258 	   2996 	 0.10 	 0.11
126248 	  82555 	 0.09 	 0.11
126248 	  53672 	 0.10 	 0.11
126248 	   2996 	 0.08 	 0.11
120346 	  82555 	 0.10 	 0.16
120346 	  28241 	 0.09 	 0.16
120346 	  51289 	 0.08 	 0.11
120346 	  37464 	 0.07 	 0.16
120346 	   2996 	 0.06 	 0.16
120346 	  48486 	 0.09 	 0.16
118432 	  82555 	 0.09 	 0.11
118432 	   2996 	 0.05 	 0.11
118432 	  48486 	 0.09 	 0.11
118432 	  34379 	 0.09 	 0.18
  2267 	  51213 	 0.08 	 0.16
  2267 	  82503 	 0.07 	 0.16
  2267 	  85890 	 0.09 	 0.11
  2267 	   2911 	 0.09 	 0.13
  2267 	   3208 	 0.10 	 0.16
  2267 	 114259 	 0.08 	 0.11
  2267 	 105156 	 0.08 	 0.11
  2267 	  77148 	 0.09 	 0.14
   514 	  62372 	 0.07 	 0.16
   514 	  18307 	 0.08 	 0.16
   514 	  51213 	 0.07 	 0.16
   514 	  29716 	 0.08 	 0.16
   514 	  63310 	 0.08 	 0.16
   514 	  85890 	 0.09 	 0.11
   514 	  68681 	 0.08 	 0.11
   514 	  72992 	 0.06 	 0.16
   514 	  16479 	 0.09 	 0.16
   514 	  76449 	 0.09 	 0.16
   514 	   3208 	 0.08 	 0.16
   514 	 101673 	 0.09 	 0.16
   514 	 114259 	 0.07 	 0.11
   514 	  15972 	 0.08 	 0.16
   514 	  74286 	 0.08 	 0.16
 82463 	 109693 	 0.09 	 0.18
 82463 	 105455 	 0.06 	 0.14
 82463 	  93950 	 0.06 	 0.14
 82463 	 118363 	 0.10 	 0.14
 82463 	 124419 	 0.08 	 0.18
 82463 	 125839 	 0.08 	 0.18
 82463 	 119617 	 0.09 	 0.18
 82463 	 119112 	 0.10 	 0.18
 82463 	  94602 	 0.10 	 0.16
 82463 	  52786 	 0.04 	 0.18
 82463 	 124477 	 0.09 	 0.18
 82463 	 116898 	 0.06 	 0.18
107890 	  81305 	 0.08 	 0.11
107890 	 205919 	 0.07 	 0.11
107890 	  95182 	 0.08 	 0.16
107890 	  69026 	 0.09 	 0.11
107890 	  72992 	 0.08 	 0.16
107890 	  10274 	 0.08 	 0.11
107890 	  79768 	 0.08 	 0.11
107890 	  81262 	 0.07 	 0.11
 95790 	  81305 	 0.08 	 0.11
 95790 	 205919 	 0.07 	 0.11
 95790 	  82555 	 0.09 	 0.16
 95790 	  95182 	 0.09 	 0.16
 95790 	  65408 	 0.09 	 0.16
 95790 	  69026 	 0.10 	 0.11
 95790 	  51289 	 0.07 	 0.11
 95790 	  53672 	 0.09 	 0.16
 95790 	  10274 	 0.06 	 0.11
 95790 	  79768 	 0.09 	 0.11
 95790 	   2996 	 0.09 	 0.16
 95790 	 108174 	 0.09 	 0.16
 95790 	  81262 	 0.05 	 0.11
 95790 	  70314 	 0.08 	 0.11
 95350 	  82503 	 0.06 	 0.12
101486 	  82555 	 0.07 	 0.11
101486 	   2996 	 0.05 	 0.11
101486 	  48486 	 0.08 	 0.11
101486 	  37931 	 0.09 	 0.11
101809 	  53672 	 0.10 	 0.11
101809 	   2996 	 0.06 	 0.11
101809 	  16404 	 0.09 	 0.14
101809 	  34379 	 0.10 	 0.18
 48728 	 113401 	 0.04 	 0.11
 48728 	 118052 	 0.07 	 0.11
 48728 	  50275 	 0.05 	 0.11
 48728 	 100225 	 0.06 	 0.11
 48728 	  95573 	 0.04 	 0.11
 48728 	  82555 	 0.07 	 0.11
 48728 	   5543 	 0.06 	 0.18
 48728 	  62372 	 0.07 	 0.11
 48728 	 105200 	 0.05 	 0.11
 48728 	  66388 	 0.04 	 0.19
 48728 	 127533 	 0.10 	 0.11
 48728 	 114621 	 0.06 	 0.11
 48728 	  18307 	 0.08 	 0.11
 48728 	  96738 	 0.04 	 0.11
 48728 	 107934 	 0.06 	 0.11
 48728 	  28241 	 0.05 	 0.11
 48728 	  51213 	 0.08 	 0.11
 48728 	  29716 	 0.07 	 0.11
 48728 	 101280 	 0.09 	 0.11
 48728 	 103813 	 0.08 	 0.11
 48728 	  95603 	 0.04 	 0.11
 48728 	   7012 	 0.06 	 0.11
 48728 	  92250 	 0.06 	 0.11
 48728 	  31490 	 0.06 	 0.14
 48728 	 114535 	 0.06 	 0.11
 48728 	 102078 	 0.10 	 0.11
 48728 	 111407 	 0.05 	 0.11
 48728 	 113290 	 0.04 	 0.11
 48728 	  65863 	 0.06 	 0.11
 48728 	 117951 	 0.06 	 0.11
 48728 	 105970 	 0.06 	 0.11
 48728 	 116115 	 0.08 	 0.11
 48728 	 119111 	 0.10 	 0.11
 48728 	 101544 	 0.09 	 0.11
 48728 	 101892 	 0.05 	 0.11
 48728 	 115173 	 0.06 	 0.11
 48728 	 122251 	 0.08 	 0.11
 48728 	 125161 	 0.08 	 0.16
 48728 	 105733 	 0.04 	 0.11
 48728 	  16479 	 0.08 	 0.11
 48728 	  36327 	 0.06 	 0.10
 48728 	 130217 	 0.10 	 0.11
 48728 	 116522 	 0.05 	 0.11
 48728 	  76449 	 0.07 	 0.11
 48728 	 108127 	 0.04 	 0.18
 48728 	 114673 	 0.05 	 0.11
 48728 	 125990 	 0.09 	 0.11
 48728 	  79310 	 0.07 	 0.11
 48728 	  66221 	 0.08 	 0.11
 48728 	 107458 	 0.09 	 0.11
 48728 	 101673 	 0.09 	 0.11
 48728 	 108273 	 0.04 	 0.11
 48728 	 120998 	 0.07 	 0.11
 48728 	  15972 	 0.08 	 0.11
 48728 	 110588 	 0.05 	 0.11
 48728 	 108174 	 0.04 	 0.11
 48728 	 107489 	 0.07 	 0.11
 48728 	 117884 	 0.07 	 0.11
 48728 	 127221 	 0.04 	 0.11
 48728 	  74286 	 0.07 	 0.11
 48728 	 124177 	 0.05 	 0.11
 48728 	 119717 	 0.07 	 0.11
 48728 	 124225 	 0.07 	 0.11
 48728 	  96223 	 0.05 	 0.11
 48728 	 107890 	 0.05 	 0.11
 48728 	  95790 	 0.04 	 0.11
109399 	  81305 	 0.06 	 0.11
109399 	 205919 	 0.09 	 0.11
109399 	  95182 	 0.08 	 0.16
109399 	  65408 	 0.07 	 0.16
109399 	  90147 	 0.09 	 0.16
109399 	  69026 	 0.08 	 0.11
109399 	  72992 	 0.06 	 0.16
109399 	  10274 	 0.09 	 0.11
109399 	  79768 	 0.09 	 0.11
109399 	   2996 	 0.08 	 0.16
109399 	  15972 	 0.10 	 0.16
109399 	  90137 	 0.09 	 0.16
109399 	  81262 	 0.06 	 0.11
109399 	  37931 	 0.09 	 0.16
109399 	  48728 	 0.04 	 0.11
 86335 	  82555 	 0.03 	 0.16
 86335 	 105200 	 0.08 	 0.16
 86335 	  28241 	 0.07 	 0.16
 86335 	  92250 	 0.09 	 0.16
 86335 	  51289 	 0.07 	 0.11
 86335 	  65863 	 0.09 	 0.16
 86335 	  53672 	 0.09 	 0.16
 86335 	  70646 	 0.10 	 0.11
 86335 	  37464 	 0.05 	 0.16
 86335 	   2996 	 0.04 	 0.16
 86335 	  52786 	 0.10 	 0.11
 86335 	 105413 	 0.07 	 0.16
 86335 	  37931 	 0.04 	 0.16
 86335 	  34379 	 0.07 	 0.11
 86335 	    514 	 0.07 	 0.16
 86335 	  48728 	 0.10 	 0.11
 61797 	  50275 	 0.10 	 0.16
 61797 	  82555 	 0.04 	 0.16
 61797 	 105200 	 0.08 	 0.16
 61797 	  28241 	 0.07 	 0.16
 61797 	  65863 	 0.09 	 0.16
 61797 	   2996 	 0.03 	 0.16
 61797 	 108174 	 0.09 	 0.16
 61797 	 105413 	 0.08 	 0.16
 61797 	  37931 	 0.04 	 0.16
 61797 	  34379 	 0.08 	 0.11
 61797 	    514 	 0.09 	 0.16
 95513 	  82555 	 0.09 	 0.11
 95513 	  31770 	 0.10 	 0.18
 95513 	  37464 	 0.10 	 0.11
 95513 	   2996 	 0.10 	 0.11
 95513 	  37931 	 0.07 	 0.11
 94015 	  31770 	 0.07 	 0.18
 94015 	  72992 	 0.07 	 0.11
 94015 	  34379 	 0.09 	 0.18
117213 	  82555 	 0.07 	 0.11
117213 	  31770 	 0.06 	 0.18
 94005 	   9595 	 0.08 	 0.16
 94005 	  82503 	 0.05 	 0.16
 94005 	  72992 	 0.08 	 0.16
123976 	  81305 	 0.09 	 0.11
123976 	 205919 	 0.09 	 0.11
123976 	  95182 	 0.10 	 0.16
123976 	  69026 	 0.10 	 0.11
123976 	  51289 	 0.10 	 0.11
123976 	  53672 	 0.10 	 0.16
123976 	  10274 	 0.07 	 0.11
123976 	  79768 	 0.10 	 0.11
123976 	   2996 	 0.09 	 0.16
123976 	  81262 	 0.07 	 0.11
123976 	  34379 	 0.09 	 0.11
123976 	  48728 	 0.05 	 0.11
 18023 	  31770 	 0.08 	 0.14
 18023 	  69633 	 0.08 	 0.11
 65978 	  58481 	 0.09 	 0.12
 65978 	  64266 	 0.04 	 0.10
 65978 	  48486 	 0.06 	 0.12
129747 	  82555 	 0.09 	 0.16
129747 	  53672 	 0.09 	 0.16
129747 	  37464 	 0.10 	 0.16
129747 	  37931 	 0.06 	 0.16
129747 	  48728 	 0.10 	 0.11
117950 	  82555 	 0.07 	 0.16
117950 	  51289 	 0.08 	 0.11
117950 	  79310 	 0.09 	 0.16
117950 	  37464 	 0.08 	 0.16
117950 	 105413 	 0.09 	 0.16
117950 	  48728 	 0.10 	 0.11
109086 	  90147 	 0.09 	 0.11
109086 	 117081 	 0.09 	 0.11
109086 	  53672 	 0.09 	 0.11
109086 	  72992 	 0.07 	 0.11
109086 	   2996 	 0.06 	 0.11
109086 	  90137 	 0.09 	 0.11
109086 	 107489 	 0.10 	 0.11
109086 	  48486 	 0.08 	 0.11
109086 	  37931 	 0.08 	 0.11
 76438 	  81305 	 0.08 	 0.11
 76438 	  82555 	 0.06 	 0.16
 76438 	 105200 	 0.08 	 0.16
 76438 	  51289 	 0.09 	 0.11
 76438 	  37464 	 0.09 	 0.16
 76438 	   2996 	 0.03 	 0.16
 76438 	 107489 	 0.09 	 0.16
 76438 	  81262 	 0.09 	 0.11
 76438 	  48486 	 0.08 	 0.16
 76438 	  37931 	 0.07 	 0.16
 76438 	  48728 	 0.07 	 0.11
122891 	  82246 	 0.09 	 0.14
122891 	  10217 	 0.07 	 0.14
122891 	  82503 	 0.08 	 0.13
 79171 	  82555 	 0.06 	 0.16
 79171 	 105200 	 0.08 	 0.16
 79171 	  28241 	 0.10 	 0.16
 79171 	  92250 	 0.07 	 0.16
 79171 	  51289 	 0.08 	 0.11
 79171 	 107458 	 0.10 	 0.16
 79171 	  37464 	 0.07 	 0.16
 79171 	   2996 	 0.02 	 0.16
 79171 	  48486 	 0.07 	 0.16
 79171 	  37931 	 0.05 	 0.16
 79171 	   2267 	 0.09 	 0.16
 79171 	    514 	 0.08 	 0.16
 79171 	  48728 	 0.08 	 0.11
 79171 	 109399 	 0.10 	 0.16
124881 	  95182 	 0.08 	 0.11
124881 	  65408 	 0.09 	 0.11
124881 	  82463 	 0.09 	 0.18
126974 	  10217 	 0.06 	 0.17
126974 	  82503 	 0.06 	 0.16
126974 	  81306 	 0.09 	 0.11
126974 	  16404 	 0.09 	 0.11
105523 	  82503 	 0.03 	 0.16
113610 	  95182 	 0.10 	 0.11
113610 	  53672 	 0.09 	 0.11
113610 	  31770 	 0.09 	 0.18
113610 	  77153 	 0.10 	 0.15
113610 	   2996 	 0.09 	 0.11
113610 	  77148 	 0.10 	 0.18
103091 	  82555 	 0.08 	 0.11
 67993 	  93163 	 0.08 	 0.10
 67993 	  39079 	 0.08 	 0.18
 67993 	  66388 	 0.09 	 0.16
 67993 	 122022 	 0.07 	 0.18
 67993 	  88333 	 0.08 	 0.18
 67993 	   8980 	 0.08 	 0.18
 67993 	 113027 	 0.08 	 0.10
 67993 	  82246 	 0.07 	 0.12
 67993 	 126721 	 0.06 	 0.17
 67993 	  66308 	 0.09 	 0.17
 67993 	  91926 	 0.08 	 0.18
 67993 	 117081 	 0.07 	 0.14
 67993 	  92865 	 0.08 	 0.18
 67993 	  92250 	 0.06 	 0.14
 67993 	 129960 	 0.07 	 0.17
 67993 	  85972 	 0.06 	 0.18
 67993 	 105733 	 0.08 	 0.14
 67993 	 109370 	 0.06 	 0.18
 67993 	 120065 	 0.10 	 0.18
 67993 	 107568 	 0.08 	 0.16
 67993 	  52786 	 0.07 	 0.18
 67993 	 105413 	 0.04 	 0.14
 67993 	  27623 	 0.08 	 0.14
 67993 	  34379 	 0.08 	 0.10
 67993 	 116898 	 0.07 	 0.18
 67993 	 105156 	 0.07 	 0.18
 67993 	  94015 	 0.08 	 0.18
 67993 	  18023 	 0.08 	 0.14
 67993 	 109086 	 0.09 	 0.18
 98991 	  82246 	 0.08 	 0.17
 98991 	  10217 	 0.07 	 0.17
 98991 	  82503 	 0.06 	 0.16
 98991 	  69633 	 0.09 	 0.11
 98991 	  64266 	 0.03 	 0.17
110898 	  53672 	 0.09 	 0.16
110898 	  81262 	 0.10 	 0.11
110898 	  37931 	 0.10 	 0.16
110898 	  48728 	 0.08 	 0.11
 61753 	  58481 	 0.09 	 0.16
 61753 	  48486 	 0.05 	 0.16
 61753 	  34379 	 0.07 	 0.12
 93696 	  82246 	 0.09 	 0.14
 93696 	  10217 	 0.02 	 0.14
 93696 	  82503 	 0.07 	 0.13
 93696 	  31770 	 0.07 	 0.17
 93696 	  72992 	 0.07 	 0.16
 93696 	  77153 	 0.09 	 0.15
 93696 	  34379 	 0.07 	 0.12
 93696 	  77148 	 0.09 	 0.17
 58883 	  92250 	 0.07 	 0.11
 58883 	  82503 	 0.02 	 0.12
 58883 	 129859 	 0.09 	 0.16
 58883 	  51289 	 0.08 	 0.18
 58883 	 108174 	 0.10 	 0.11
 58883 	 107489 	 0.07 	 0.11
 58883 	  81262 	 0.10 	 0.18
 58883 	 107890 	 0.09 	 0.11
 58883 	  48728 	 0.08 	 0.18
 58883 	 109399 	 0.09 	 0.11
119884 	  81305 	 0.04 	 0.11
119884 	 205919 	 0.07 	 0.11
119884 	  95182 	 0.09 	 0.16
119884 	  80370 	 0.10 	 0.11
119884 	  76155 	 0.10 	 0.16
119884 	  51213 	 0.10 	 0.16
119884 	  65408 	 0.06 	 0.16
119884 	  63310 	 0.09 	 0.16
119884 	  90147 	 0.08 	 0.16
119884 	  94332 	 0.09 	 0.16
119884 	  69026 	 0.05 	 0.11
119884 	  85890 	 0.08 	 0.11
119884 	  58481 	 0.10 	 0.16
119884 	 101544 	 0.10 	 0.16
119884 	  72992 	 0.06 	 0.16
119884 	  16479 	 0.10 	 0.16
119884 	   3208 	 0.10 	 0.16
119884 	  10274 	 0.04 	 0.11
119884 	  79768 	 0.04 	 0.11
119884 	 119617 	 0.09 	 0.11
119884 	   2996 	 0.09 	 0.16
119884 	  90137 	 0.08 	 0.16
119884 	  81262 	 0.03 	 0.11
119884 	  70314 	 0.08 	 0.11
119884 	  95790 	 0.09 	 0.16
119884 	  48728 	 0.03 	 0.11
119884 	  86335 	 0.09 	 0.16
119884 	  61797 	 0.08 	 0.16
119884 	 117950 	 0.08 	 0.16
119884 	  79171 	 0.08 	 0.16
110974 	  53672 	 0.08 	 0.16
110974 	  10274 	 0.10 	 0.11
110974 	  48728 	 0.09 	 0.11
123022 	  10217 	 0.07 	 0.17
123022 	  82503 	 0.07 	 0.16
122171 	  81305 	 0.09 	 0.11
122171 	 205919 	 0.09 	 0.11
122171 	  90147 	 0.08 	 0.16
122171 	  72992 	 0.09 	 0.16
122171 	  10274 	 0.08 	 0.11
122171 	   2996 	 0.06 	 0.16
122171 	  90137 	 0.08 	 0.16
122171 	  81262 	 0.06 	 0.11
122171 	  48728 	 0.05 	 0.11
115883 	  10217 	 0.04 	 0.17
115883 	  82503 	 0.08 	 0.16
115883 	  81306 	 0.09 	 0.11
115883 	  69633 	 0.07 	 0.11
115883 	  16404 	 0.08 	 0.11
115883 	  34379 	 0.09 	 0.14
103973 	  10217 	 0.04 	 0.17
 67672 	  52768 	 0.10 	 0.16
 67672 	  82246 	 0.08 	 0.19
 67672 	  91926 	 0.10 	 0.12
 67672 	  82503 	 0.01 	 0.19
 67672 	  53672 	 0.09 	 0.16
 67672 	 126216 	 0.08 	 0.12
 67672 	   5103 	 0.09 	 0.16
 67672 	   2996 	 0.03 	 0.16
 67672 	  37931 	 0.05 	 0.16
 67672 	    514 	 0.08 	 0.16
111227 	  81305 	 0.09 	 0.11
111227 	 205919 	 0.07 	 0.11
111227 	  82555 	 0.06 	 0.16
111227 	 105200 	 0.09 	 0.16
111227 	  65408 	 0.09 	 0.16
111227 	  92250 	 0.09 	 0.16
111227 	 105815 	 0.09 	 0.16
111227 	  10274 	 0.05 	 0.11
111227 	  79768 	 0.09 	 0.11
111227 	   2996 	 0.10 	 0.16
111227 	  81262 	 0.04 	 0.11
111227 	  37931 	 0.07 	 0.16
111227 	  34379 	 0.09 	 0.11
111227 	  70314 	 0.09 	 0.11
111227 	  48728 	 0.03 	 0.11
121157 	  31770 	 0.08 	 0.18
121157 	  72992 	 0.09 	 0.11
121157 	  65887 	 0.10 	 0.19
121157 	  66221 	 0.10 	 0.11
121157 	  15972 	 0.10 	 0.11
121157 	  77148 	 0.09 	 0.18
121157 	  79171 	 0.10 	 0.11
121157 	  67993 	 0.08 	 0.18
 31394 	  92250 	 0.09 	 0.11
 31394 	 116522 	 0.09 	 0.11
 31394 	 114673 	 0.08 	 0.11
 31394 	  79310 	 0.10 	 0.11
 31394 	 108174 	 0.09 	 0.11
 31394 	 107489 	 0.08 	 0.11
 31394 	 109399 	 0.10 	 0.11
 31394 	 119884 	 0.09 	 0.11
 81503 	 118052 	 0.07 	 0.16
 81503 	 117976 	 0.07 	 0.16
 81503 	  93163 	 0.08 	 0.11
 81503 	 119680 	 0.08 	 0.11
 81503 	  62372 	 0.04 	 0.16
 81503 	 106302 	 0.10 	 0.11
 81503 	  15511 	 0.09 	 0.11
 81503 	  66388 	 0.07 	 0.15
 81503 	  18307 	 0.04 	 0.16
 81503 	 130780 	 0.10 	 0.11
 81503 	  51213 	 0.06 	 0.16
 81503 	  29716 	 0.05 	 0.16
 81503 	  63310 	 0.06 	 0.16
 81503 	  66308 	 0.10 	 0.16
 81503 	 102078 	 0.10 	 0.16
 81503 	 113290 	 0.10 	 0.16
 81503 	 117951 	 0.07 	 0.16
 81503 	 131017 	 0.09 	 0.11
 81503 	 116115 	 0.10 	 0.16
 81503 	 127451 	 0.10 	 0.11
 81503 	  85890 	 0.06 	 0.11
 81503 	 105815 	 0.09 	 0.16
 81503 	 101892 	 0.08 	 0.16
 81503 	 122251 	 0.07 	 0.16
 81503 	  68681 	 0.05 	 0.11
 81503 	 105733 	 0.09 	 0.16
 81503 	  72992 	 0.05 	 0.16
 81503 	  16479 	 0.05 	 0.16
 81503 	 109370 	 0.09 	 0.11
 81503 	  97207 	 0.08 	 0.11
 81503 	  76449 	 0.05 	 0.16
 81503 	  91880 	 0.09 	 0.11
 81503 	 120065 	 0.10 	 0.11
 81503 	 114673 	 0.09 	 0.16
 81503 	 129208 	 0.10 	 0.11
 81503 	 118768 	 0.08 	 0.16
 81503 	   3208 	 0.05 	 0.16
 81503 	 101673 	 0.07 	 0.16
 81503 	  96900 	 0.10 	 0.11
 81503 	 114259 	 0.07 	 0.11
 81503 	 119112 	 0.07 	 0.11
 81503 	  15972 	 0.04 	 0.16
 81503 	 108174 	 0.09 	 0.16
 81503 	  94602 	 0.09 	 0.10
 81503 	  74286 	 0.05 	 0.16
 81503 	 116898 	 0.09 	 0.11
 81503 	 105156 	 0.09 	 0.11
 81503 	  99213 	 0.10 	 0.11
 81503 	 121308 	 0.08 	 0.11
 81503 	 126248 	 0.10 	 0.11
 81503 	 120346 	 0.08 	 0.16
 81503 	 118432 	 0.07 	 0.11
 81503 	 101486 	 0.09 	 0.11
 81503 	 101809 	 0.08 	 0.11
 81503 	  86335 	 0.06 	 0.16
 81503 	  61797 	 0.06 	 0.16
 81503 	 109086 	 0.07 	 0.11
 81503 	  76438 	 0.06 	 0.16
 81503 	  79171 	 0.04 	 0.16
 81503 	 119884 	 0.09 	 0.16
 81503 	 122171 	 0.09 	 0.16
 81503 	  67672 	 0.04 	 0.16
116540 	   2996 	 0.07 	 0.16
116540 	  48486 	 0.08 	 0.16
116540 	  37931 	 0.07 	 0.16
116540 	  81503 	 0.08 	 0.16
123045 	  10217 	 0.08 	 0.17
  2268 	   9595 	 0.09 	 0.16
  2268 	  51213 	 0.09 	 0.16
  2268 	  82503 	 0.06 	 0.16
  2268 	  85890 	 0.10 	 0.11
  2268 	  72992 	 0.07 	 0.16
  2268 	  16479 	 0.09 	 0.16
  2268 	 114259 	 0.10 	 0.11
  2268 	 118432 	 0.10 	 0.11
  2268 	  86335 	 0.09 	 0.16
  7303 	  64266 	 0.07 	 0.19
 92509 	  81305 	 0.07 	 0.11
 92509 	  90147 	 0.09 	 0.16
 92509 	  72992 	 0.08 	 0.16
 92509 	  10274 	 0.09 	 0.11
 92509 	   2996 	 0.07 	 0.16
 92509 	  90137 	 0.09 	 0.16
 92509 	  81262 	 0.08 	 0.11
 92509 	  48486 	 0.08 	 0.16
 92509 	  48728 	 0.05 	 0.11
 82242 	  81305 	 0.10 	 0.11
 82242 	 205919 	 0.08 	 0.11
 82242 	  82555 	 0.07 	 0.16
 82242 	  95182 	 0.09 	 0.16
 82242 	 105200 	 0.09 	 0.16
 82242 	  92250 	 0.08 	 0.16
 82242 	  51289 	 0.10 	 0.11
 82242 	  31770 	 0.09 	 0.14
 82242 	 107568 	 0.09 	 0.11
 82242 	  10274 	 0.07 	 0.11
 82242 	  79768 	 0.08 	 0.11
 82242 	  81262 	 0.07 	 0.11
 82242 	  37931 	 0.09 	 0.16
 82242 	  34379 	 0.09 	 0.11
 82242 	  70314 	 0.09 	 0.11
 82242 	  48728 	 0.05 	 0.11
 82242 	  31394 	 0.10 	 0.11
113681 	   9595 	 0.10 	 0.16
113681 	  82246 	 0.09 	 0.17
113681 	  10217 	 0.04 	 0.17
113681 	  82503 	 0.08 	 0.16
 75661 	  82555 	 0.08 	 0.16
 75661 	  65408 	 0.10 	 0.16
 75661 	  10217 	 0.06 	 0.14
 75661 	  82503 	 0.04 	 0.13
 75661 	  53672 	 0.08 	 0.16
 75661 	 103296 	 0.09 	 0.16
 75661 	  77153 	 0.10 	 0.10
 75661 	  69633 	 0.08 	 0.16
 75661 	  16404 	 0.09 	 0.16
 75661 	  37931 	 0.06 	 0.16
 75661 	  77148 	 0.10 	 0.17
 66563 	   9595 	 0.09 	 0.16
 66563 	  82503 	 0.04 	 0.16
 66563 	  72992 	 0.10 	 0.16
 62878 	   9595 	 0.09 	 0.16
 62878 	  63310 	 0.09 	 0.16
 62878 	  90147 	 0.08 	 0.16
 62878 	  82503 	 0.07 	 0.16
 62878 	  69026 	 0.10 	 0.11
 62878 	  85890 	 0.09 	 0.11
 62878 	  72992 	 0.07 	 0.16
 62878 	 114259 	 0.09 	 0.11
 62878 	  90137 	 0.08 	 0.16
 62878 	 107489 	 0.10 	 0.16
 62878 	  86335 	 0.09 	 0.16
 62878 	  61797 	 0.09 	 0.16
100172 	  82555 	 0.08 	 0.11
100172 	  37464 	 0.10 	 0.11
100172 	   2996 	 0.06 	 0.11
100172 	  48486 	 0.09 	 0.11
100172 	  37931 	 0.06 	 0.11
100172 	  81503 	 0.08 	 0.11
108160 	  10217 	 0.05 	 0.17
108160 	  82503 	 0.06 	 0.16
108160 	  34379 	 0.08 	 0.14
 77586 	   9595 	 0.05 	 0.12
 77586 	  81305 	 0.06 	 0.18
 77586 	  90147 	 0.08 	 0.11
 77586 	  82503 	 0.06 	 0.12
 77586 	  72992 	 0.07 	 0.11
 77586 	  69633 	 0.06 	 0.14
 77586 	  90137 	 0.08 	 0.11
 77586 	  81262 	 0.07 	 0.18
 77586 	  34379 	 0.08 	 0.18
 77586 	  48728 	 0.05 	 0.18
101850 	  37464 	 0.10 	 0.16
101850 	   2996 	 0.05 	 0.16
101850 	  48486 	 0.09 	 0.16
101850 	  37931 	 0.10 	 0.16
101850 	  81503 	 0.08 	 0.16
 50309 	  90154 	 0.10 	 0.11
 50309 	  85402 	 0.09 	 0.10
 50309 	  10217 	 0.04 	 0.15
 50309 	  82503 	 0.07 	 0.15
 50309 	  31770 	 0.09 	 0.12
 50309 	  65887 	 0.10 	 0.13
 50309 	  74885 	 0.10 	 0.12
 91740 	  82555 	 0.08 	 0.11
 91740 	  53672 	 0.09 	 0.11
 91740 	  79310 	 0.09 	 0.11
 91740 	  37931 	 0.06 	 0.11
 91740 	  62878 	 0.10 	 0.11
 59944 	  59539 	 0.08 	 0.11
 59944 	 110641 	 0.08 	 0.18
 59944 	  50275 	 0.09 	 0.11
 59944 	  82555 	 0.03 	 0.11
 59944 	  52768 	 0.06 	 0.11
 59944 	 105200 	 0.06 	 0.11
 59944 	 114621 	 0.09 	 0.11
 59944 	 122022 	 0.05 	 0.18
 59944 	 125052 	 0.07 	 0.16
 59944 	 124999 	 0.06 	 0.16
 59944 	  28241 	 0.08 	 0.11
 59944 	  95603 	 0.10 	 0.11
 59944 	   7012 	 0.08 	 0.11
 59944 	 117081 	 0.09 	 0.11
 59944 	  92250 	 0.06 	 0.11
 59944 	  31490 	 0.09 	 0.14
 59944 	 114535 	 0.10 	 0.11
 59944 	 129859 	 0.06 	 0.16
 59944 	 111407 	 0.07 	 0.11
 59944 	  65863 	 0.05 	 0.11
 59944 	  53672 	 0.06 	 0.11
 59944 	 105970 	 0.06 	 0.11
 59944 	  44074 	 0.08 	 0.11
 59944 	  67362 	 0.08 	 0.11
 59944 	 115173 	 0.08 	 0.11
 59944 	 105733 	 0.05 	 0.11
 59944 	 103296 	 0.08 	 0.11
 59944 	   2911 	 0.08 	 0.16
 59944 	   5103 	 0.06 	 0.11
 59944 	 116522 	 0.10 	 0.11
 59944 	  76449 	 0.09 	 0.11
 59944 	 107568 	 0.08 	 0.13
 59944 	 107458 	 0.09 	 0.11
 59944 	  37464 	 0.07 	 0.11
 59944 	   2996 	 0.05 	 0.11
 59944 	 115606 	 0.06 	 0.14
 59944 	 110588 	 0.09 	 0.11
 59944 	 108174 	 0.05 	 0.11
 59944 	 107489 	 0.09 	 0.11
 59944 	 105413 	 0.02 	 0.11
 59944 	  37931 	 0.03 	 0.11
 59944 	 127221 	 0.08 	 0.11
 59944 	  74286 	 0.09 	 0.11
 59944 	  27623 	 0.07 	 0.11
 59944 	 124177 	 0.08 	 0.11
 59944 	  65782 	 0.09 	 0.11
 59944 	  51767 	 0.07 	 0.18
 59944 	 124225 	 0.09 	 0.11
 59944 	   3715 	 0.07 	 0.11
 59944 	    514 	 0.07 	 0.11
 59944 	 107890 	 0.08 	 0.11
 59944 	  95790 	 0.10 	 0.11
 59944 	 109399 	 0.06 	 0.11
 59944 	  94005 	 0.07 	 0.11
 59944 	 123976 	 0.08 	 0.11
 59944 	  76438 	 0.09 	 0.11
 59944 	 119884 	 0.05 	 0.11
 59944 	 122171 	 0.08 	 0.11
 59944 	 111227 	 0.09 	 0.11
 59944 	  52250 	 0.08 	 0.10
 59944 	  81503 	 0.07 	 0.11
 59944 	   2268 	 0.07 	 0.11
 59944 	  92509 	 0.06 	 0.11
 59944 	  66563 	 0.10 	 0.11
 59944 	  62878 	 0.07 	 0.11
 80885 	  50275 	 0.07 	 0.11
 80885 	  95573 	 0.09 	 0.11
 80885 	  82555 	 0.06 	 0.11
 80885 	 105200 	 0.06 	 0.11
 80885 	  96738 	 0.10 	 0.11
 80885 	  28241 	 0.07 	 0.11
 80885 	  95603 	 0.08 	 0.11
 80885 	  92250 	 0.06 	 0.11
 80885 	 111407 	 0.08 	 0.11
 80885 	 105970 	 0.10 	 0.11
 80885 	 115173 	 0.09 	 0.11
 80885 	 105733 	 0.09 	 0.11
 80885 	  36327 	 0.08 	 0.10
 80885 	 116522 	 0.08 	 0.11
 80885 	 108127 	 0.08 	 0.18
 80885 	 114673 	 0.07 	 0.11
 80885 	  79310 	 0.07 	 0.11
 80885 	 107458 	 0.09 	 0.11
 80885 	 110588 	 0.08 	 0.11
 80885 	 108174 	 0.06 	 0.11
 80885 	 107489 	 0.07 	 0.11
 80885 	 124177 	 0.10 	 0.11
 80885 	  96223 	 0.09 	 0.11
 80885 	 107890 	 0.08 	 0.11
 80885 	  95790 	 0.09 	 0.11
 80885 	 109399 	 0.08 	 0.11
 80885 	 123976 	 0.10 	 0.11
 80885 	 119884 	 0.05 	 0.11
 80885 	 111227 	 0.08 	 0.11
 80885 	  82242 	 0.08 	 0.11
 80885 	  62878 	 0.07 	 0.11
 70788 	  92014 	 0.09 	 0.17
 70788 	 128844 	 0.09 	 0.17
 70788 	 130983 	 0.09 	 0.17
 70788 	  82503 	 0.03 	 0.14
 70788 	 101463 	 0.10 	 0.17
 70788 	  92527 	 0.09 	 0.17
 70788 	 126974 	 0.10 	 0.17
 70788 	  93696 	 0.10 	 0.14
 70788 	 115883 	 0.10 	 0.17
 70788 	 103973 	 0.09 	 0.17
 70788 	  50309 	 0.08 	 0.15
 66886 	  39079 	 0.07 	 0.10
 66886 	  91563 	 0.06 	 0.10
 66886 	   8980 	 0.07 	 0.10
 66886 	 114379 	 0.09 	 0.16
 66886 	  92865 	 0.05 	 0.10
 66886 	   2911 	 0.09 	 0.11
 66886 	  95513 	 0.10 	 0.10
 66886 	 117213 	 0.06 	 0.10
 66886 	  93696 	 0.07 	 0.10
103733 	  53672 	 0.08 	 0.16
103733 	  10274 	 0.10 	 0.11
103733 	  81262 	 0.09 	 0.11
103733 	  48728 	 0.06 	 0.11
103733 	  59944 	 0.09 	 0.11
 74664 	  81305 	 0.09 	 0.11
 74664 	  82555 	 0.06 	 0.16
 74664 	 105200 	 0.09 	 0.16
 74664 	  51289 	 0.08 	 0.11
 74664 	  37464 	 0.09 	 0.16
 74664 	   2996 	 0.03 	 0.16
 74664 	 107489 	 0.09 	 0.16
 74664 	  48486 	 0.08 	 0.16
 74664 	  37931 	 0.07 	 0.16
 74664 	  48728 	 0.07 	 0.11
 74664 	  59944 	 0.09 	 0.11
106244 	  82555 	 0.08 	 0.11
106244 	  95182 	 0.08 	 0.11
106244 	  65408 	 0.10 	 0.11
106244 	  53672 	 0.08 	 0.11
106244 	   2996 	 0.08 	 0.11
106244 	  37931 	 0.06 	 0.11
100737 	  53672 	 0.10 	 0.11
100737 	   2996 	 0.06 	 0.11
100737 	  16404 	 0.09 	 0.14
100737 	  34379 	 0.10 	 0.18
100737 	  81503 	 0.08 	 0.11
108765 	  31770 	 0.09 	 0.14
119270 	  82555 	 0.09 	 0.11
119270 	   2996 	 0.06 	 0.11
119270 	  37931 	 0.06 	 0.11
126646 	   2996 	 0.10 	 0.11
108254 	   2996 	 0.10 	 0.16
108254 	  37931 	 0.07 	 0.16
103038 	  81305 	 0.08 	 0.11
103038 	 205919 	 0.08 	 0.11
103038 	  95182 	 0.08 	 0.16
103038 	  65408 	 0.08 	 0.16
103038 	  69026 	 0.08 	 0.11
103038 	  51289 	 0.10 	 0.11
103038 	  53672 	 0.10 	 0.16
103038 	  10274 	 0.07 	 0.11
103038 	  79768 	 0.08 	 0.11
103038 	  81262 	 0.07 	 0.11
103038 	  70314 	 0.09 	 0.11
103038 	  48728 	 0.06 	 0.11
103038 	  59944 	 0.08 	 0.11
103038 	  80885 	 0.08 	 0.11
126048 	  53672 	 0.10 	 0.11
126048 	   2996 	 0.10 	 0.11
 99548 	  82555 	 0.09 	 0.11
 99548 	  90147 	 0.10 	 0.11
 99548 	   2996 	 0.05 	 0.11
 99548 	  90137 	 0.10 	 0.11
 99548 	 107489 	 0.10 	 0.11
 99548 	  37931 	 0.07 	 0.11
 99548 	  67993 	 0.09 	 0.18
 86131 	 113401 	 0.07 	 0.11
 86131 	  50275 	 0.06 	 0.11
 86131 	 100225 	 0.08 	 0.11
 86131 	  95573 	 0.06 	 0.11
 86131 	  82555 	 0.06 	 0.11
 86131 	   5543 	 0.09 	 0.18
 86131 	  62372 	 0.08 	 0.11
 86131 	 105200 	 0.05 	 0.11
 86131 	  66388 	 0.07 	 0.19
 86131 	 127533 	 0.10 	 0.11
 86131 	 114621 	 0.08 	 0.11
 86131 	  18307 	 0.09 	 0.11
 86131 	  96738 	 0.06 	 0.11
 86131 	 107934 	 0.09 	 0.11
 86131 	  28241 	 0.06 	 0.11
 86131 	  51213 	 0.09 	 0.11
 86131 	  29716 	 0.10 	 0.11
 86131 	 101280 	 0.09 	 0.11
 86131 	 103813 	 0.09 	 0.11
 86131 	  95603 	 0.07 	 0.11
 86131 	  92250 	 0.07 	 0.11
 86131 	  31490 	 0.08 	 0.14
 86131 	 114535 	 0.10 	 0.11
 86131 	 102078 	 0.09 	 0.11
 86131 	 111407 	 0.07 	 0.11
 86131 	 113290 	 0.07 	 0.11
 86131 	 105970 	 0.07 	 0.11
 86131 	 101892 	 0.07 	 0.11
 86131 	 115173 	 0.07 	 0.11
 86131 	 105733 	 0.09 	 0.11
 86131 	  16479 	 0.08 	 0.11
 86131 	  36327 	 0.07 	 0.10
 86131 	 130217 	 0.10 	 0.11
 86131 	 116522 	 0.05 	 0.11
 86131 	 108127 	 0.06 	 0.18
 86131 	 114673 	 0.06 	 0.11
 86131 	 125990 	 0.09 	 0.11
 86131 	  79310 	 0.06 	 0.11
 86131 	 107458 	 0.09 	 0.11
 86131 	 101673 	 0.09 	 0.11
 86131 	 108273 	 0.07 	 0.11
 86131 	 120998 	 0.10 	 0.11
 86131 	  15972 	 0.09 	 0.11
 86131 	 110588 	 0.06 	 0.11
 86131 	 108174 	 0.05 	 0.11
 86131 	 107489 	 0.06 	 0.11
 86131 	 117884 	 0.08 	 0.11
 86131 	 127221 	 0.08 	 0.11
 86131 	 124177 	 0.07 	 0.11
 86131 	 119717 	 0.10 	 0.11
 86131 	 124225 	 0.08 	 0.11
 86131 	  96223 	 0.05 	 0.11
 86131 	 107890 	 0.06 	 0.11
 86131 	  95790 	 0.06 	 0.11
 86131 	 109399 	 0.06 	 0.11
 86131 	  94005 	 0.09 	 0.11
 86131 	 123976 	 0.06 	 0.11
 86131 	 129747 	 0.09 	 0.11
 86131 	  79171 	 0.09 	 0.11
 86131 	 105523 	 0.09 	 0.11
 86131 	 110898 	 0.09 	 0.11
 86131 	 119884 	 0.05 	 0.11
 86131 	 110974 	 0.08 	 0.11
 86131 	 122171 	 0.08 	 0.11
 86131 	 111227 	 0.06 	 0.11
 86131 	  92509 	 0.08 	 0.11
 86131 	  82242 	 0.06 	 0.11
 86131 	  62878 	 0.06 	 0.11
 86131 	 101850 	 0.10 	 0.11
 86131 	 103733 	 0.08 	 0.11
 86131 	 103038 	 0.07 	 0.11
  7854 	   9595 	 0.08 	 0.16
  7854 	  82503 	 0.05 	 0.16
  7854 	  72992 	 0.07 	 0.16
  7854 	  59944 	 0.08 	 0.11
126574 	  82555 	 0.07 	 0.11
126574 	   2996 	 0.09 	 0.11
 66058 	  82555 	 0.09 	 0.11
127707 	  82555 	 0.10 	 0.11
127707 	  53672 	 0.10 	 0.11
127707 	   2996 	 0.08 	 0.11
127707 	  37931 	 0.09 	 0.11
127707 	  81503 	 0.10 	 0.11
 94837 	  81305 	 0.05 	 0.16
 94837 	 205919 	 0.07 	 0.16
 94837 	  95182 	 0.08 	 0.13
 94837 	  65408 	 0.07 	 0.13
 94837 	  10217 	 0.03 	 0.11
 94837 	  82503 	 0.08 	 0.10
 94837 	  69026 	 0.05 	 0.16
 94837 	  85890 	 0.09 	 0.16
 94837 	  31770 	 0.06 	 0.14
 94837 	  72992 	 0.08 	 0.13
 94837 	  65887 	 0.07 	 0.15
 94837 	  10274 	 0.04 	 0.16
 94837 	  81262 	 0.03 	 0.16
 94837 	  70314 	 0.06 	 0.16
 94837 	  87759 	 0.09 	 0.10
 94837 	  48728 	 0.03 	 0.16
 94837 	  86335 	 0.10 	 0.13
 94837 	  31394 	 0.09 	 0.16
 94837 	  59944 	 0.06 	 0.16
 94837 	  80885 	 0.05 	 0.16
 94837 	  70788 	 0.09 	 0.11
 94837 	  66886 	 0.06 	 0.11
 94837 	  86131 	 0.05 	 0.16
126274 	  10217 	 0.07 	 0.17
126274 	  82503 	 0.07 	 0.16
124069 	  95182 	 0.08 	 0.11
124069 	  65408 	 0.10 	 0.11
124069 	  53672 	 0.10 	 0.11
124069 	   2996 	 0.10 	 0.11
124069 	  82463 	 0.10 	 0.18
119890 	  92753 	 0.10 	 0.11
119890 	 205919 	 0.09 	 0.11
119890 	  44074 	 0.09 	 0.16
119890 	   2996 	 0.10 	 0.16
119890 	  48486 	 0.08 	 0.16
119890 	  37931 	 0.09 	 0.16
119890 	  48728 	 0.10 	 0.11
119890 	  67993 	 0.08 	 0.14
119890 	  58883 	 0.09 	 0.11
119890 	 111227 	 0.09 	 0.16
119890 	  81503 	 0.09 	 0.16
119890 	  82242 	 0.10 	 0.16
119890 	  59944 	 0.08 	 0.11
119890 	  86131 	 0.09 	 0.11
 41611 	  81305 	 0.08 	 0.11
 41611 	 205919 	 0.10 	 0.11
 41611 	  82555 	 0.06 	 0.16
 41611 	 105200 	 0.09 	 0.16
 41611 	  51289 	 0.06 	 0.11
 41611 	  10274 	 0.09 	 0.11
 41611 	  37464 	 0.07 	 0.16
 41611 	   2996 	 0.03 	 0.16
 41611 	 107489 	 0.10 	 0.16
 41611 	  81262 	 0.09 	 0.11
 41611 	  48486 	 0.08 	 0.16
 41611 	  37931 	 0.07 	 0.16
 41611 	  48728 	 0.07 	 0.11
 41611 	  86131 	 0.08 	 0.11
127382 	  95182 	 0.09 	 0.11
 60615 	  79310 	 0.08 	 0.16
 60615 	  48486 	 0.05 	 0.16
 60615 	  34379 	 0.06 	 0.12
 60615 	  94837 	 0.10 	 0.16
130419 	  82246 	 0.08 	 0.14
130419 	  65408 	 0.07 	 0.16
130419 	  10217 	 0.03 	 0.14
130419 	  82503 	 0.06 	 0.13
130419 	  65887 	 0.10 	 0.19
 68575 	  72992 	 0.09 	 0.11
 68575 	  82463 	 0.07 	 0.18
 68575 	  67993 	 0.09 	 0.18
117924 	  82555 	 0.10 	 0.16
117924 	   2996 	 0.07 	 0.16
117924 	  81262 	 0.10 	 0.11
117924 	  37931 	 0.07 	 0.16
117924 	  48728 	 0.07 	 0.11
117924 	  81503 	 0.09 	 0.16
 62617 	  81305 	 0.09 	 0.11
 62617 	  82555 	 0.06 	 0.16
 62617 	 105200 	 0.09 	 0.16
 62617 	  51289 	 0.06 	 0.11
 62617 	  10274 	 0.10 	 0.11
 62617 	  37464 	 0.07 	 0.16
 62617 	   2996 	 0.03 	 0.16
 62617 	 107489 	 0.09 	 0.16
 62617 	  48486 	 0.08 	 0.16
 62617 	  37931 	 0.07 	 0.16
 62617 	  48728 	 0.07 	 0.11
 62617 	  86131 	 0.08 	 0.11
128707 	  82555 	 0.07 	 0.11
128707 	  95182 	 0.09 	 0.11
128707 	   2996 	 0.05 	 0.11
128707 	 119884 	 0.10 	 0.11
128707 	  81503 	 0.08 	 0.11
126992 	  31770 	 0.09 	 0.14
126992 	  77153 	 0.09 	 0.12
126992 	  77148 	 0.09 	 0.14
 96495 	  81305 	 0.09 	 0.11
 96495 	 205919 	 0.10 	 0.11
 96495 	  82555 	 0.09 	 0.16
 96495 	  51289 	 0.08 	 0.11
 96495 	  10274 	 0.09 	 0.11
 96495 	   2996 	 0.08 	 0.16
 96495 	  81262 	 0.08 	 0.11
 96495 	  48728 	 0.06 	 0.11
 96495 	  59944 	 0.09 	 0.11
 96495 	  86131 	 0.08 	 0.11
 51984 	  82246 	 0.07 	 0.17
 51984 	  10217 	 0.04 	 0.17
 51984 	  82503 	 0.06 	 0.16
 51984 	  34379 	 0.09 	 0.14
105872 	  92753 	 0.09 	 0.11
105872 	  88141 	 0.09 	 0.11
105872 	  81305 	 0.05 	 0.11
105872 	 205919 	 0.07 	 0.11
105872 	  78533 	 0.09 	 0.16
105872 	  95182 	 0.07 	 0.16
105872 	  62372 	 0.10 	 0.16
105872 	  96738 	 0.09 	 0.16
105872 	  51213 	 0.10 	 0.16
105872 	  65408 	 0.08 	 0.16
105872 	  63310 	 0.08 	 0.16
105872 	  69026 	 0.06 	 0.11
105872 	 113290 	 0.07 	 0.16
105872 	  53672 	 0.07 	 0.16
105872 	  44074 	 0.08 	 0.16
105872 	 130218 	 0.09 	 0.11
105872 	  85890 	 0.09 	 0.11
105872 	  94785 	 0.10 	 0.16
105872 	   2332 	 0.09 	 0.16
105872 	 103296 	 0.07 	 0.16
105872 	  72992 	 0.08 	 0.16
105872 	  76449 	 0.09 	 0.16
105872 	   3208 	 0.08 	 0.16
105872 	  10274 	 0.05 	 0.11
105872 	  79768 	 0.08 	 0.11
105872 	  66221 	 0.07 	 0.16
105872 	  96900 	 0.07 	 0.11
105872 	 114259 	 0.08 	 0.11
105872 	   2996 	 0.08 	 0.16
105872 	  81262 	 0.07 	 0.11
105872 	  48486 	 0.09 	 0.16
105872 	  74286 	 0.09 	 0.16
105872 	 121308 	 0.10 	 0.11
105872 	  70314 	 0.08 	 0.11
105872 	  48728 	 0.07 	 0.11
105872 	  86335 	 0.10 	 0.16
105872 	  61797 	 0.10 	 0.16
105872 	 117950 	 0.10 	 0.16
105872 	  76438 	 0.09 	 0.16
105872 	 105523 	 0.09 	 0.16
105872 	  58883 	 0.07 	 0.11
105872 	 111227 	 0.09 	 0.16
105872 	  31394 	 0.07 	 0.11
105872 	  66563 	 0.10 	 0.16
105872 	  59944 	 0.08 	 0.11
105872 	  80885 	 0.07 	 0.11
105872 	  74664 	 0.09 	 0.16
105872 	  86131 	 0.06 	 0.11
105872 	  41611 	 0.09 	 0.16
105872 	  62617 	 0.10 	 0.16
101248 	  82555 	 0.07 	 0.11
101248 	   2996 	 0.07 	 0.11
101248 	  37931 	 0.06 	 0.11
101248 	  81503 	 0.07 	 0.11
 95929 	  81305 	 0.10 	 0.11
 95929 	 205919 	 0.08 	 0.11
 95929 	  82555 	 0.09 	 0.16
 95929 	  69026 	 0.10 	 0.11
 95929 	  10274 	 0.08 	 0.11
 95929 	  79768 	 0.10 	 0.11
 95929 	  37464 	 0.10 	 0.16
 95929 	   2996 	 0.10 	 0.16
 95929 	  81262 	 0.07 	 0.11
 95929 	  37931 	 0.07 	 0.16
 95929 	  70314 	 0.09 	 0.11
 95929 	  48728 	 0.04 	 0.11
 95929 	  86131 	 0.07 	 0.11
 97187 	   9595 	 0.06 	 0.16
 97187 	  82246 	 0.09 	 0.17
 97187 	  10217 	 0.04 	 0.17
 97187 	  82503 	 0.05 	 0.16
 97187 	  34379 	 0.09 	 0.14
 97187 	  70788 	 0.10 	 0.17
 90122 	   9595 	 0.10 	 0.12
 90122 	  82555 	 0.10 	 0.11
 90122 	  31770 	 0.09 	 0.10
 90122 	  72992 	 0.09 	 0.11
 90122 	  16404 	 0.09 	 0.14
 90122 	  77148 	 0.10 	 0.10
 76123 	  28241 	 0.09 	 0.13
 76123 	  51289 	 0.10 	 0.10
 76123 	  65863 	 0.10 	 0.13
 76123 	  58481 	 0.10 	 0.13
 76123 	  37464 	 0.09 	 0.13
 76123 	   2996 	 0.07 	 0.13
 76123 	  48486 	 0.08 	 0.13
 76123 	    514 	 0.09 	 0.13
 76123 	  94005 	 0.10 	 0.13
 76123 	 111227 	 0.08 	 0.13
 76123 	  81503 	 0.07 	 0.13
 76123 	   2268 	 0.10 	 0.13
 76123 	  62878 	 0.08 	 0.13
 76123 	   7854 	 0.09 	 0.13
 66016 	   2996 	 0.07 	 0.16
 66016 	  48486 	 0.09 	 0.16
 66016 	  37931 	 0.07 	 0.16
 66016 	  48728 	 0.09 	 0.11
 66016 	  81503 	 0.07 	 0.16
 66016 	  86131 	 0.10 	 0.11
131601 	  81305 	 0.06 	 0.11
131601 	 205919 	 0.07 	 0.11
131601 	  95182 	 0.07 	 0.16
131601 	  90147 	 0.08 	 0.16
131601 	   7012 	 0.10 	 0.16
131601 	  69026 	 0.07 	 0.11
131601 	  72992 	 0.07 	 0.16
131601 	  16479 	 0.09 	 0.16
131601 	  10274 	 0.06 	 0.11
131601 	  79768 	 0.07 	 0.11
131601 	   2996 	 0.06 	 0.16
131601 	  90137 	 0.08 	 0.16
131601 	  81262 	 0.05 	 0.11
131601 	  48486 	 0.09 	 0.16
131601 	  37931 	 0.10 	 0.16
131601 	  70314 	 0.08 	 0.11
131601 	   2267 	 0.09 	 0.16
131601 	  48728 	 0.03 	 0.11
131601 	  61797 	 0.10 	 0.16
131601 	  94005 	 0.10 	 0.16
131601 	  31394 	 0.09 	 0.11
131601 	  81503 	 0.06 	 0.16
131601 	  59944 	 0.06 	 0.11
131601 	  80885 	 0.07 	 0.11
131601 	  86131 	 0.05 	 0.11
111569 	  31770 	 0.09 	 0.14
101342 	   9595 	 0.06 	 0.16
101342 	  82246 	 0.09 	 0.17
101342 	  10217 	 0.03 	 0.17
101342 	  82503 	 0.05 	 0.16
101342 	  34379 	 0.08 	 0.14
101342 	  70788 	 0.09 	 0.17
 68241 	  48486 	 0.09 	 0.15
124365 	  37464 	 0.10 	 0.11
124365 	  37931 	 0.08 	 0.11
 86570 	 113401 	 0.04 	 0.11
 86570 	 118052 	 0.07 	 0.11
 86570 	  50275 	 0.05 	 0.11
 86570 	  39079 	 0.06 	 0.18
 86570 	 100225 	 0.06 	 0.11
 86570 	  95573 	 0.04 	 0.11
 86570 	   5543 	 0.06 	 0.18
 86570 	  62372 	 0.07 	 0.11
 86570 	  75030 	 0.07 	 0.14
 86570 	  66388 	 0.04 	 0.19
 86570 	 127533 	 0.10 	 0.11
 86570 	 114621 	 0.06 	 0.11
 86570 	  18307 	 0.08 	 0.11
 86570 	  96738 	 0.04 	 0.11
 86570 	  70752 	 0.05 	 0.18
 86570 	 107934 	 0.06 	 0.11
 86570 	  51213 	 0.08 	 0.11
 86570 	  29716 	 0.07 	 0.11
 86570 	 101280 	 0.09 	 0.11
 86570 	 103813 	 0.08 	 0.11
 86570 	  95603 	 0.04 	 0.11
 86570 	   7012 	 0.06 	 0.11
 86570 	  92250 	 0.06 	 0.11
 86570 	  31490 	 0.06 	 0.14
 86570 	 102078 	 0.10 	 0.11
 86570 	 113290 	 0.04 	 0.11
 86570 	 117951 	 0.06 	 0.11
 86570 	 105970 	 0.06 	 0.11
 86570 	 116115 	 0.08 	 0.11
 86570 	 119111 	 0.10 	 0.11
 86570 	 101544 	 0.09 	 0.11
 86570 	 101892 	 0.05 	 0.11
 86570 	 115173 	 0.06 	 0.11
 86570 	 122251 	 0.08 	 0.11
 86570 	 125161 	 0.08 	 0.16
 86570 	 105733 	 0.04 	 0.11
 86570 	  16479 	 0.08 	 0.11
 86570 	  36327 	 0.06 	 0.10
 86570 	 130217 	 0.10 	 0.11
 86570 	 116522 	 0.05 	 0.11
 86570 	  76449 	 0.07 	 0.11
 86570 	 108127 	 0.04 	 0.18
 86570 	 114673 	 0.05 	 0.11
 86570 	 125990 	 0.09 	 0.11
 86570 	  73957 	 0.06 	 0.18
 86570 	  79310 	 0.07 	 0.11
 86570 	 107458 	 0.09 	 0.11
 86570 	 101673 	 0.09 	 0.11
 86570 	 120998 	 0.07 	 0.11
 86570 	  15972 	 0.08 	 0.11
 86570 	 110588 	 0.05 	 0.11
 86570 	 108174 	 0.04 	 0.11
 86570 	  75566 	 0.08 	 0.14
 86570 	 107489 	 0.07 	 0.11
 86570 	 117884 	 0.07 	 0.11
 86570 	 127221 	 0.04 	 0.11
 86570 	  74286 	 0.07 	 0.11
 86570 	 124177 	 0.05 	 0.11
 86570 	 119717 	 0.07 	 0.11
 86570 	 124225 	 0.07 	 0.11
 86570 	  96223 	 0.05 	 0.11
 86570 	 107890 	 0.05 	 0.11
 86570 	  95790 	 0.04 	 0.11
 86570 	  95350 	 0.08 	 0.18
 86570 	 109399 	 0.04 	 0.11
 86570 	  86335 	 0.10 	 0.11
 86570 	 123976 	 0.05 	 0.11
 86570 	 129747 	 0.10 	 0.11
 86570 	 117950 	 0.10 	 0.11
 86570 	  76438 	 0.07 	 0.11
 86570 	  79171 	 0.08 	 0.11
 86570 	 110898 	 0.08 	 0.11
 86570 	  58883 	 0.08 	 0.18
 86570 	 119884 	 0.03 	 0.11
 86570 	 110974 	 0.09 	 0.11
 86570 	 122171 	 0.05 	 0.11
 86570 	 111227 	 0.03 	 0.11
 86570 	  92509 	 0.05 	 0.11
 86570 	  82242 	 0.05 	 0.11
 86570 	  77586 	 0.05 	 0.18
 86570 	 103733 	 0.06 	 0.11
 86570 	  74664 	 0.07 	 0.11
 86570 	 103038 	 0.06 	 0.11
 86570 	  94837 	 0.03 	 0.16
 86570 	 119890 	 0.10 	 0.11
 86570 	  41611 	 0.07 	 0.11
 86570 	 117924 	 0.07 	 0.11
 86570 	  62617 	 0.07 	 0.11
 86570 	  96495 	 0.06 	 0.11
 86570 	 105872 	 0.07 	 0.11
 86570 	  95929 	 0.04 	 0.11
 86570 	  66016 	 0.09 	 0.11
 86570 	 131601 	 0.03 	 0.11
 97422 	  69633 	 0.10 	 0.14
 97422 	   2996 	 0.10 	 0.11
 97422 	  16404 	 0.09 	 0.14
 97422 	  37931 	 0.07 	 0.11
113690 	  65408 	 0.10 	 0.11
113690 	  53672 	 0.09 	 0.11
113690 	   2996 	 0.09 	 0.11
113690 	  82463 	 0.09 	 0.18
 94367 	  82555 	 0.09 	 0.11
 94367 	   2996 	 0.05 	 0.11
 94367 	  37931 	 0.07 	 0.11
 94367 	  81503 	 0.07 	 0.11
108883 	  81305 	 0.10 	 0.11
108883 	 205919 	 0.10 	 0.11
108883 	  53672 	 0.09 	 0.16
108883 	  10274 	 0.09 	 0.11
108883 	   2996 	 0.09 	 0.16
108883 	  81262 	 0.07 	 0.11
108883 	  37931 	 0.09 	 0.16
108883 	  48728 	 0.05 	 0.11
108883 	  59944 	 0.09 	 0.11
108883 	  86131 	 0.08 	 0.11
108883 	  86570 	 0.05 	 0.11
128822 	  81305 	 0.10 	 0.18
128822 	  82503 	 0.09 	 0.12
128822 	  31770 	 0.09 	 0.10
128822 	  81262 	 0.10 	 0.18
128822 	  48728 	 0.08 	 0.18
128822 	  86131 	 0.10 	 0.18
128822 	  86570 	 0.08 	 0.18
128975 	   9595 	 0.10 	 0.16
128975 	  82246 	 0.09 	 0.17
128975 	  10217 	 0.05 	 0.17
128975 	  82503 	 0.08 	 0.16
128975 	  31770 	 0.09 	 0.14
123702 	  37931 	 0.09 	 0.11
102759 	  82555 	 0.09 	 0.11
102759 	  53672 	 0.10 	 0.11
102759 	  81306 	 0.10 	 0.14
102759 	  69633 	 0.08 	 0.14
102759 	   2996 	 0.06 	 0.11
102759 	  16404 	 0.08 	 0.14
102759 	  48486 	 0.09 	 0.11
102759 	  37931 	 0.10 	 0.11
102759 	  34379 	 0.09 	 0.18
102759 	  81503 	 0.08 	 0.11
113068 	  82555 	 0.09 	 0.11
113068 	   2996 	 0.05 	 0.11
113068 	  37931 	 0.09 	 0.11
 95748 	  82555 	 0.09 	 0.11
 95748 	  95182 	 0.08 	 0.11
 95748 	  65408 	 0.09 	 0.11
 95748 	  53672 	 0.08 	 0.11
 95748 	  37464 	 0.09 	 0.11
 95748 	   2996 	 0.06 	 0.11
 95748 	  37931 	 0.08 	 0.11
 95748 	  34379 	 0.09 	 0.18
 95748 	  81503 	 0.09 	 0.11
 76053 	   9595 	 0.09 	 0.16
 76053 	  82246 	 0.06 	 0.17
 76053 	  10217 	 0.04 	 0.17
 76053 	  82503 	 0.03 	 0.16
 76053 	  34379 	 0.05 	 0.14
 90406 	  79310 	 0.07 	 0.11
 90406 	  48486 	 0.07 	 0.11
125108 	  72992 	 0.10 	 0.13
125108 	  59944 	 0.08 	 0.16
117344 	  82246 	 0.10 	 0.17
117344 	  10217 	 0.07 	 0.17
117344 	  82503 	 0.07 	 0.16
 97464 	  82246 	 0.09 	 0.17
 97464 	  10217 	 0.07 	 0.17
 97464 	  82503 	 0.07 	 0.16
 69636 	 102380 	 0.09 	 0.18
 69636 	  93163 	 0.06 	 0.14
 69636 	   5543 	 0.07 	 0.14
 69636 	  66388 	 0.09 	 0.15
 69636 	 113027 	 0.06 	 0.14
 69636 	 114379 	 0.09 	 0.14
 69636 	  94264 	 0.06 	 0.11
 69636 	 130218 	 0.08 	 0.14
 69636 	 129960 	 0.06 	 0.16
 69636 	  36327 	 0.07 	 0.17
 69636 	 101463 	 0.06 	 0.11
 69636 	 108127 	 0.07 	 0.14
 69636 	  99213 	 0.09 	 0.14
 69636 	  98469 	 0.09 	 0.14
 69636 	  18023 	 0.07 	 0.11
 69636 	  97187 	 0.07 	 0.11
 69636 	 101342 	 0.06 	 0.11
 69636 	  97422 	 0.10 	 0.14
 69636 	 102759 	 0.08 	 0.14
113639 	  81305 	 0.09 	 0.11
113639 	 205919 	 0.07 	 0.11
113639 	  95182 	 0.08 	 0.16
113639 	  65408 	 0.09 	 0.16
113639 	  69026 	 0.09 	 0.11
113639 	  53672 	 0.09 	 0.16
113639 	  10274 	 0.07 	 0.11
113639 	  79768 	 0.08 	 0.11
113639 	  81262 	 0.07 	 0.11
113639 	  70314 	 0.10 	 0.11
113639 	  48728 	 0.06 	 0.11
113639 	  31394 	 0.10 	 0.11
113639 	  59944 	 0.08 	 0.11
113639 	  80885 	 0.08 	 0.11
113639 	  86131 	 0.06 	 0.11
113639 	  86570 	 0.06 	 0.11
 52076 	  82246 	 0.08 	 0.12
 52076 	 117081 	 0.07 	 0.14
 52076 	  82503 	 0.01 	 0.11
 52076 	 107568 	 0.10 	 0.11
 52076 	  64266 	 0.04 	 0.12
 52076 	 105413 	 0.09 	 0.14
 52076 	  34379 	 0.07 	 0.10
 34899 	  93163 	 0.09 	 0.14
 34899 	 114379 	 0.09 	 0.14
 34899 	  58632 	 0.09 	 0.16
 34899 	  50309 	 0.09 	 0.10
 34899 	  90122 	 0.09 	 0.14
 73555 	  82555 	 0.06 	 0.11
 73555 	 105200 	 0.08 	 0.11
 73555 	 117081 	 0.09 	 0.11
 73555 	 107489 	 0.08 	 0.11
 73555 	  48486 	 0.07 	 0.11
 73555 	  34379 	 0.05 	 0.18
 73555 	 105872 	 0.09 	 0.11
 94032 	   9595 	 0.07 	 0.12
 94032 	  31770 	 0.08 	 0.10
 94032 	  69633 	 0.07 	 0.14
 94032 	   2996 	 0.05 	 0.11
 94032 	  34379 	 0.09 	 0.18
 94032 	   2267 	 0.10 	 0.11
 94032 	  82463 	 0.07 	 0.18
 94032 	  67993 	 0.09 	 0.10
 94032 	  69636 	 0.07 	 0.14
 98993 	  82555 	 0.10 	 0.11
 98993 	  37464 	 0.10 	 0.11
 98993 	   2996 	 0.08 	 0.11
 98993 	  37931 	 0.09 	 0.11
129520 	   9595 	 0.10 	 0.13
129520 	  82555 	 0.09 	 0.16
129520 	  82246 	 0.10 	 0.14
129520 	  10217 	 0.06 	 0.14
129520 	  82503 	 0.08 	 0.13
129520 	  69633 	 0.08 	 0.16
129520 	   2996 	 0.10 	 0.16
129520 	  37931 	 0.10 	 0.16
129520 	  69636 	 0.08 	 0.16
 50841 	   9595 	 0.07 	 0.12
 50841 	  95182 	 0.08 	 0.11
 50841 	  31770 	 0.07 	 0.10
 50841 	  72992 	 0.08 	 0.11
 50841 	  69633 	 0.06 	 0.14
 50841 	  77148 	 0.08 	 0.10
 50841 	  67672 	 0.07 	 0.12
 50841 	  69636 	 0.06 	 0.14
 50841 	  34899 	 0.09 	 0.14
 91849 	  82555 	 0.09 	 0.10
 91849 	  10217 	 0.05 	 0.19
 91849 	  90147 	 0.09 	 0.10
 91849 	  72992 	 0.09 	 0.10
 91849 	  77153 	 0.09 	 0.13
 91849 	  90137 	 0.09 	 0.10
 91849 	  77148 	 0.09 	 0.15
117925 	  82555 	 0.08 	 0.16
117925 	  53672 	 0.10 	 0.16
117925 	   2996 	 0.09 	 0.16
117925 	  37931 	 0.09 	 0.16
117925 	  48728 	 0.08 	 0.11
117925 	  86570 	 0.08 	 0.11
107802 	  82503 	 0.05 	 0.16
103602 	  81305 	 0.08 	 0.11
103602 	 205919 	 0.10 	 0.11
103602 	  82555 	 0.08 	 0.16
103602 	  95182 	 0.08 	 0.16
103602 	  90147 	 0.10 	 0.16
103602 	  72992 	 0.10 	 0.16
103602 	  10274 	 0.09 	 0.11
103602 	  79768 	 0.09 	 0.11
103602 	   2996 	 0.05 	 0.16
103602 	  90137 	 0.10 	 0.16
103602 	  81262 	 0.08 	 0.11
103602 	  48486 	 0.09 	 0.16
103602 	  37931 	 0.08 	 0.16
103602 	  48728 	 0.09 	 0.11
103602 	  81503 	 0.07 	 0.16
103602 	  59944 	 0.07 	 0.11
103602 	  80885 	 0.10 	 0.11
103602 	  86131 	 0.10 	 0.11
103602 	  86570 	 0.09 	 0.11
 93364 	  82246 	 0.06 	 0.14
 93364 	  10217 	 0.03 	 0.14
 93364 	  69633 	 0.04 	 0.16
 93364 	  34379 	 0.07 	 0.12
 93364 	  69636 	 0.04 	 0.16
119808 	  81305 	 0.05 	 0.11
119808 	 205919 	 0.09 	 0.11
119808 	  95182 	 0.08 	 0.16
119808 	  65408 	 0.10 	 0.16
119808 	  90147 	 0.09 	 0.16
119808 	  69026 	 0.07 	 0.11
119808 	  53672 	 0.09 	 0.16
119808 	  72992 	 0.06 	 0.16
119808 	  10274 	 0.05 	 0.11
119808 	  79768 	 0.07 	 0.11
119808 	   2996 	 0.06 	 0.16
119808 	  90137 	 0.09 	 0.16
119808 	  81262 	 0.05 	 0.11
119808 	  37931 	 0.09 	 0.16
119808 	  70314 	 0.09 	 0.11
119808 	  48728 	 0.04 	 0.11
119808 	  67993 	 0.08 	 0.14
119808 	  59944 	 0.06 	 0.11
119808 	  80885 	 0.06 	 0.11
119808 	  86131 	 0.05 	 0.11
119808 	  86570 	 0.04 	 0.11
125120 	  90147 	 0.08 	 0.13
125120 	  72992 	 0.09 	 0.13
125120 	  90137 	 0.08 	 0.13
125120 	  59944 	 0.07 	 0.16
101626 	  81305 	 0.09 	 0.11
101626 	 205919 	 0.08 	 0.11
101626 	  95182 	 0.09 	 0.16
101626 	  65408 	 0.10 	 0.16
101626 	  69026 	 0.09 	 0.11
101626 	  10274 	 0.08 	 0.11
101626 	  79768 	 0.09 	 0.11
101626 	  81262 	 0.08 	 0.11
101626 	  48728 	 0.05 	 0.11
101626 	  59944 	 0.08 	 0.11
101626 	  80885 	 0.09 	 0.11
101626 	  86131 	 0.06 	 0.11
101626 	  86570 	 0.05 	 0.11
129161 	  31770 	 0.09 	 0.14
 31821 	  39337 	 0.09 	 0.14
 31821 	 205919 	 0.06 	 0.18
 31821 	  80370 	 0.09 	 0.18
 31821 	  82246 	 0.07 	 0.12
 31821 	  93171 	 0.10 	 0.18
 31821 	  65408 	 0.07 	 0.14
 31821 	  10217 	 0.06 	 0.12
 31821 	   5646 	 0.09 	 0.10
 31821 	  69026 	 0.05 	 0.18
 31821 	  75641 	 0.08 	 0.15
 31821 	  72992 	 0.10 	 0.14
 31821 	  65887 	 0.08 	 0.10
 31821 	  77153 	 0.05 	 0.18
 31821 	  10274 	 0.08 	 0.18
 31821 	  58632 	 0.09 	 0.11
 31821 	  58416 	 0.10 	 0.11
 31821 	  34379 	 0.10 	 0.10
 31821 	  70314 	 0.08 	 0.18
 31821 	   2267 	 0.08 	 0.14
 31821 	  65978 	 0.08 	 0.18
 31821 	 109086 	 0.10 	 0.18
 31821 	  31394 	 0.08 	 0.18
 31821 	   2268 	 0.08 	 0.14
 31821 	  70788 	 0.07 	 0.12
 31821 	  86131 	 0.08 	 0.18
 31821 	   7854 	 0.08 	 0.14
 31821 	  90122 	 0.09 	 0.10
 31821 	  86570 	 0.07 	 0.18
 61674 	  82555 	 0.07 	 0.11
 61674 	  37931 	 0.06 	 0.11
121983 	  72992 	 0.09 	 0.11
121983 	  77153 	 0.08 	 0.15
121983 	  77148 	 0.08 	 0.18
121983 	  82463 	 0.06 	 0.18
121983 	  67993 	 0.08 	 0.18
125231 	  31770 	 0.09 	 0.14
125231 	  77153 	 0.10 	 0.12
125231 	  77148 	 0.09 	 0.14
125231 	  82463 	 0.09 	 0.14
 92153 	   9595 	 0.08 	 0.12
 92153 	  82555 	 0.10 	 0.11
 92153 	  65408 	 0.09 	 0.11
 92153 	  31770 	 0.09 	 0.10
 92153 	  81306 	 0.08 	 0.14
 92153 	  69633 	 0.07 	 0.14
 92153 	  16404 	 0.06 	 0.14
 92153 	  37931 	 0.07 	 0.11
 92153 	  77148 	 0.09 	 0.10
 92153 	  82463 	 0.09 	 0.18
 92153 	  67993 	 0.09 	 0.10
 92153 	  69636 	 0.07 	 0.14
 95496 	 205919 	 0.09 	 0.11
 95496 	  82555 	 0.06 	 0.16
 95496 	  92250 	 0.09 	 0.16
 95496 	  51289 	 0.08 	 0.11
 95496 	  79310 	 0.09 	 0.16
 95496 	  10274 	 0.09 	 0.11
 95496 	  37464 	 0.07 	 0.16
 95496 	   2996 	 0.04 	 0.16
 95496 	 105413 	 0.09 	 0.16
 95496 	  81262 	 0.08 	 0.11
 95496 	  48486 	 0.08 	 0.16
 95496 	  37931 	 0.06 	 0.16
 95496 	  34379 	 0.07 	 0.11
 95496 	  65782 	 0.10 	 0.16
 95496 	  70314 	 0.10 	 0.11
 95496 	   2267 	 0.10 	 0.16
 95496 	  48728 	 0.05 	 0.11
 95496 	  81503 	 0.06 	 0.16
 95496 	  86131 	 0.08 	 0.11
 95496 	 105872 	 0.08 	 0.16
 95496 	  86570 	 0.05 	 0.11
 92477 	 205919 	 0.09 	 0.11
 92477 	  10274 	 0.08 	 0.11
 92477 	  79768 	 0.10 	 0.11
 92477 	   2996 	 0.10 	 0.16
 92477 	  81262 	 0.08 	 0.11
 92477 	  37931 	 0.09 	 0.16
 92477 	  48728 	 0.07 	 0.11
 92477 	  58883 	 0.10 	 0.11
 92477 	  59944 	 0.09 	 0.11
 92477 	  86131 	 0.06 	 0.11
 92477 	  86570 	 0.07 	 0.11
 66612 	  82246 	 0.10 	 0.17
 66612 	 126216 	 0.09 	 0.14
 66612 	 108127 	 0.10 	 0.14
 97373 	  82555 	 0.10 	 0.11
 97373 	  69633 	 0.09 	 0.14
 97373 	   2996 	 0.07 	 0.11
 97373 	  16404 	 0.10 	 0.14
 97373 	  37931 	 0.07 	 0.11
 97373 	  81503 	 0.08 	 0.11
 97373 	  69636 	 0.09 	 0.14
124281 	  81305 	 0.09 	 0.11
124281 	  95182 	 0.09 	 0.16
124281 	  69026 	 0.09 	 0.11
124281 	  53672 	 0.10 	 0.16
124281 	  10274 	 0.08 	 0.11
124281 	  79768 	 0.09 	 0.11
124281 	   2996 	 0.10 	 0.16
124281 	  81262 	 0.07 	 0.11
124281 	  48728 	 0.05 	 0.11
124281 	  59944 	 0.08 	 0.11
124281 	  80885 	 0.09 	 0.11
124281 	  86131 	 0.07 	 0.11
124281 	  86570 	 0.05 	 0.11
 96106 	   9595 	 0.10 	 0.16
 96106 	  10217 	 0.03 	 0.17
 96106 	  82503 	 0.08 	 0.16
 96106 	  34379 	 0.09 	 0.14
 96106 	  77148 	 0.10 	 0.14
 96106 	  70788 	 0.10 	 0.17
111453 	  95182 	 0.10 	 0.10
111453 	  65408 	 0.09 	 0.10
111453 	  90147 	 0.09 	 0.10
111453 	  31770 	 0.06 	 0.15
111453 	  77153 	 0.07 	 0.13
111453 	   2996 	 0.05 	 0.10
111453 	  90137 	 0.09 	 0.10
111453 	  77148 	 0.08 	 0.15
111453 	  82463 	 0.08 	 0.16
111453 	  67993 	 0.07 	 0.15
111453 	  81503 	 0.08 	 0.10
 82662 	   9595 	 0.06 	 0.16
 82662 	  82246 	 0.09 	 0.17
 82662 	  10217 	 0.02 	 0.17
 82662 	  82503 	 0.07 	 0.16
 82662 	  31770 	 0.07 	 0.14
 82662 	  34379 	 0.08 	 0.14
 64212 	   9595 	 0.08 	 0.16
 64212 	  82503 	 0.06 	 0.16
 64212 	  31770 	 0.06 	 0.14
 64212 	  95336 	 0.10 	 0.18
 64212 	 107458 	 0.10 	 0.16
 64212 	 121157 	 0.10 	 0.11
 64212 	  60615 	 0.09 	 0.16
 64212 	  90406 	 0.09 	 0.11
 89982 	 113401 	 0.06 	 0.11
 89982 	  50275 	 0.06 	 0.11
 89982 	 100225 	 0.09 	 0.11
 89982 	  95573 	 0.06 	 0.11
 89982 	  82555 	 0.09 	 0.11
 89982 	   5543 	 0.08 	 0.18
 89982 	  62372 	 0.07 	 0.11
 89982 	 105200 	 0.05 	 0.11
 89982 	  66388 	 0.07 	 0.19
 89982 	  18307 	 0.08 	 0.11
 89982 	  96738 	 0.06 	 0.11
 89982 	  28241 	 0.07 	 0.11
 89982 	  51213 	 0.10 	 0.11
 89982 	 103813 	 0.10 	 0.11
 89982 	  95603 	 0.07 	 0.11
 89982 	  92250 	 0.06 	 0.11
 89982 	  31490 	 0.09 	 0.14
 89982 	 114535 	 0.10 	 0.11
 89982 	 111407 	 0.08 	 0.11
 89982 	 113290 	 0.07 	 0.11
 89982 	 105970 	 0.08 	 0.11
 89982 	 101892 	 0.08 	 0.11
 89982 	 115173 	 0.07 	 0.11
 89982 	 105733 	 0.08 	 0.11
 89982 	  16479 	 0.08 	 0.11
 89982 	  36327 	 0.07 	 0.10
 89982 	 116522 	 0.07 	 0.11
 89982 	 108127 	 0.06 	 0.18
 89982 	 114673 	 0.07 	 0.11
 89982 	  79310 	 0.07 	 0.11
 89982 	 108273 	 0.09 	 0.11
 89982 	  15972 	 0.09 	 0.11
 89982 	 110588 	 0.06 	 0.11
 89982 	 108174 	 0.05 	 0.11
 89982 	 107489 	 0.06 	 0.11
 89982 	 117884 	 0.08 	 0.11
 89982 	 127221 	 0.08 	 0.11
 89982 	 124177 	 0.08 	 0.11
 89982 	 124225 	 0.08 	 0.11
 89982 	  96223 	 0.06 	 0.11
 89982 	 107890 	 0.07 	 0.11
 89982 	  95790 	 0.07 	 0.11
 89982 	 109399 	 0.08 	 0.11
 89982 	  94005 	 0.10 	 0.11
 89982 	 123976 	 0.07 	 0.11
 89982 	  79171 	 0.09 	 0.11
 89982 	 105523 	 0.09 	 0.11
 89982 	 110898 	 0.09 	 0.11
 89982 	 119884 	 0.05 	 0.11
 89982 	 110974 	 0.09 	 0.11
 89982 	 122171 	 0.08 	 0.11
 89982 	 111227 	 0.06 	 0.11
 89982 	  92509 	 0.07 	 0.11
 89982 	  82242 	 0.06 	 0.11
 89982 	  62878 	 0.08 	 0.11
 89982 	 103733 	 0.09 	 0.11
 89982 	 103038 	 0.07 	 0.11
 89982 	  94837 	 0.05 	 0.16
 89982 	  41611 	 0.07 	 0.11
 89982 	  62617 	 0.08 	 0.11
 89982 	  96495 	 0.09 	 0.11
 89982 	 105872 	 0.08 	 0.11
 89982 	  95929 	 0.06 	 0.11
 89982 	 131601 	 0.05 	 0.11
 89982 	 108883 	 0.09 	 0.11
 89982 	 128822 	 0.09 	 0.18
 89982 	 113639 	 0.06 	 0.11
 89982 	 119808 	 0.06 	 0.11
 89982 	 101626 	 0.07 	 0.11
 89982 	  31821 	 0.07 	 0.18
 89982 	  95496 	 0.07 	 0.11
 89982 	  92477 	 0.08 	 0.11
 89982 	 124281 	 0.07 	 0.11
 42495 	   9595 	 0.10 	 0.16
 42495 	 107934 	 0.10 	 0.16
 42495 	  82503 	 0.05 	 0.16
 42495 	  69026 	 0.09 	 0.11
 42495 	 121157 	 0.10 	 0.11
 42495 	 105872 	 0.09 	 0.16
116362 	  82555 	 0.09 	 0.10
116362 	  95182 	 0.09 	 0.10
116362 	  76155 	 0.10 	 0.10
116362 	  65408 	 0.09 	 0.10
116362 	  90147 	 0.06 	 0.10
116362 	  53672 	 0.10 	 0.10
116362 	  72992 	 0.08 	 0.10
116362 	  37464 	 0.10 	 0.10
116362 	   2996 	 0.05 	 0.10
116362 	  90137 	 0.06 	 0.10
116362 	  37931 	 0.05 	 0.10
116362 	  34379 	 0.10 	 0.16
116362 	   2267 	 0.10 	 0.10
116362 	  82463 	 0.06 	 0.16
116362 	  81503 	 0.08 	 0.10
105591 	   9595 	 0.04 	 0.10
105591 	  81305 	 0.03 	 0.16
105591 	 205919 	 0.09 	 0.16
105591 	  76155 	 0.09 	 0.10
105591 	  82246 	 0.10 	 0.19
105591 	  63310 	 0.09 	 0.10
105591 	  10217 	 0.03 	 0.19
105591 	  82503 	 0.10 	 0.10
105591 	  81306 	 0.06 	 0.12
105591 	  72992 	 0.07 	 0.10
105591 	  69633 	 0.03 	 0.12
105591 	   3208 	 0.09 	 0.10
105591 	  10274 	 0.05 	 0.16
105591 	  79768 	 0.06 	 0.16
105591 	  16404 	 0.06 	 0.12
105591 	  81262 	 0.03 	 0.16
105591 	  70314 	 0.08 	 0.16
105591 	  48728 	 0.03 	 0.16
105591 	  58883 	 0.09 	 0.16
105591 	  31394 	 0.10 	 0.16
105591 	  80885 	 0.06 	 0.16
105591 	  70788 	 0.08 	 0.19
105591 	  86131 	 0.05 	 0.16
105591 	  86570 	 0.03 	 0.16
105591 	  69636 	 0.03 	 0.12
105591 	  34899 	 0.08 	 0.12
105591 	  66612 	 0.08 	 0.12
105591 	  89982 	 0.06 	 0.16
128928 	  31770 	 0.08 	 0.14
128928 	  77153 	 0.09 	 0.12
128928 	  77148 	 0.09 	 0.14
122396 	  81305 	 0.09 	 0.11
122396 	  82555 	 0.07 	 0.16
122396 	   2996 	 0.06 	 0.16
122396 	  81262 	 0.09 	 0.11
122396 	  37931 	 0.05 	 0.16
122396 	  48728 	 0.06 	 0.11
122396 	  81503 	 0.08 	 0.16
122396 	  86570 	 0.06 	 0.11
 88019 	   9595 	 0.05 	 0.12
 88019 	 117976 	 0.10 	 0.11
 88019 	  81305 	 0.05 	 0.18
 88019 	 205919 	 0.05 	 0.18
 88019 	 125052 	 0.09 	 0.16
 88019 	 124999 	 0.09 	 0.16
 88019 	  63310 	 0.07 	 0.11
 88019 	  51289 	 0.07 	 0.18
 88019 	  31770 	 0.06 	 0.18
 88019 	  81306 	 0.04 	 0.14
 88019 	 122251 	 0.09 	 0.11
 88019 	 125161 	 0.10 	 0.16
 88019 	  72992 	 0.07 	 0.11
 88019 	  65887 	 0.07 	 0.11
 88019 	  77153 	 0.07 	 0.15
 88019 	  69633 	 0.05 	 0.14
 88019 	   3208 	 0.07 	 0.11
 88019 	  10274 	 0.03 	 0.18
 88019 	  79768 	 0.04 	 0.18
 88019 	  65192 	 0.08 	 0.18
 88019 	  52224 	 0.08 	 0.14
 88019 	  16404 	 0.03 	 0.14
 88019 	  81262 	 0.04 	 0.18
 88019 	  77148 	 0.06 	 0.18
 88019 	  70314 	 0.04 	 0.18
 88019 	  48728 	 0.04 	 0.18
 88019 	  86335 	 0.09 	 0.11
 88019 	  61797 	 0.08 	 0.11
 88019 	  67993 	 0.06 	 0.10
 88019 	  58883 	 0.08 	 0.18
 88019 	  31394 	 0.06 	 0.18
 88019 	 116540 	 0.10 	 0.11
 88019 	  80885 	 0.04 	 0.18
 88019 	 108254 	 0.09 	 0.11
 88019 	  86131 	 0.04 	 0.18
 88019 	 119890 	 0.09 	 0.11
 88019 	 131601 	 0.09 	 0.11
 88019 	  86570 	 0.04 	 0.18
 88019 	  90406 	 0.09 	 0.13
 88019 	  69636 	 0.05 	 0.14
 88019 	  52076 	 0.08 	 0.10
 88019 	  34899 	 0.07 	 0.14
 88019 	  91849 	 0.09 	 0.16
 88019 	 103602 	 0.07 	 0.11
 88019 	 119808 	 0.10 	 0.11
 88019 	  66612 	 0.07 	 0.14
 88019 	  89982 	 0.04 	 0.18
 88019 	 105591 	 0.09 	 0.16
 88019 	 122396 	 0.10 	 0.11
118243 	  51289 	 0.09 	 0.11
118243 	   2996 	 0.05 	 0.16
118243 	 107489 	 0.10 	 0.16
118243 	  37931 	 0.09 	 0.16
118243 	  48728 	 0.09 	 0.11
118243 	  81503 	 0.09 	 0.16
118243 	  86570 	 0.09 	 0.11
112063 	  31770 	 0.08 	 0.14
112063 	  77153 	 0.09 	 0.12
112063 	  77148 	 0.10 	 0.14
100687 	  82555 	 0.09 	 0.16
100687 	  53672 	 0.09 	 0.16
100687 	  79310 	 0.10 	 0.16
100687 	  37464 	 0.10 	 0.16
100687 	  37931 	 0.05 	 0.16
100687 	  48728 	 0.09 	 0.11
100687 	 119884 	 0.10 	 0.16
100687 	  86131 	 0.09 	 0.11
100687 	  86570 	 0.09 	 0.11
130833 	   2996 	 0.08 	 0.11
130833 	  48486 	 0.09 	 0.11
130833 	  37931 	 0.08 	 0.11
114929 	   9595 	 0.05 	 0.16
114929 	  76155 	 0.09 	 0.16
114929 	 125052 	 0.10 	 0.13
114929 	  51213 	 0.07 	 0.16
114929 	  63310 	 0.06 	 0.16
114929 	   7012 	 0.09 	 0.16
114929 	  82503 	 0.08 	 0.16
114929 	  69026 	 0.06 	 0.11
114929 	  75641 	 0.08 	 0.10
114929 	  85890 	 0.08 	 0.11
114929 	  85972 	 0.10 	 0.11
114929 	  72992 	 0.03 	 0.16
114929 	  16479 	 0.06 	 0.16
114929 	  65887 	 0.08 	 0.15
114929 	  96012 	 0.09 	 0.11
114929 	 129208 	 0.10 	 0.11
114929 	   3208 	 0.07 	 0.16
114929 	 119617 	 0.09 	 0.11
114929 	 101673 	 0.10 	 0.16
114929 	 114259 	 0.07 	 0.11
114929 	  93866 	 0.10 	 0.16
114929 	  94602 	 0.09 	 0.10
114929 	 119717 	 0.10 	 0.16
114929 	  77148 	 0.05 	 0.14
114929 	 120346 	 0.09 	 0.16
114929 	 101486 	 0.09 	 0.11
114929 	  86335 	 0.06 	 0.16
114929 	  61797 	 0.05 	 0.16
114929 	 117950 	 0.08 	 0.16
114929 	  59944 	 0.04 	 0.11
114929 	 103733 	 0.09 	 0.16
114929 	 128707 	 0.10 	 0.11
114929 	 125108 	 0.09 	 0.13
114929 	  52076 	 0.06 	 0.14
114929 	  95496 	 0.09 	 0.16
114929 	 130833 	 0.10 	 0.11
123347 	  92753 	 0.09 	 0.11
123347 	  88141 	 0.07 	 0.11
123347 	  59539 	 0.10 	 0.16
123347 	 117976 	 0.10 	 0.16
123347 	  81305 	 0.05 	 0.11
123347 	 205919 	 0.04 	 0.11
123347 	  78533 	 0.06 	 0.16
123347 	  95182 	 0.06 	 0.16
123347 	  62372 	 0.07 	 0.16
123347 	  18307 	 0.07 	 0.16
123347 	  96738 	 0.09 	 0.16
123347 	  93171 	 0.09 	 0.11
123347 	  51213 	 0.08 	 0.16
123347 	  65408 	 0.05 	 0.16
123347 	  29716 	 0.07 	 0.16
123347 	  63310 	 0.07 	 0.16
123347 	  69026 	 0.04 	 0.11
123347 	 114535 	 0.10 	 0.16
123347 	  53672 	 0.09 	 0.16
123347 	 108185 	 0.10 	 0.11
123347 	  44074 	 0.08 	 0.16
123347 	   2332 	 0.08 	 0.16
123347 	  68681 	 0.08 	 0.11
123347 	 103296 	 0.09 	 0.16
123347 	  76449 	 0.08 	 0.16
123347 	 120065 	 0.09 	 0.11
123347 	   3208 	 0.06 	 0.16
123347 	  10274 	 0.06 	 0.11
123347 	  79768 	 0.05 	 0.11
123347 	  66221 	 0.07 	 0.16
123347 	 114259 	 0.07 	 0.11
123347 	 119112 	 0.09 	 0.11
123347 	  15972 	 0.07 	 0.16
123347 	   2251 	 0.09 	 0.11
123347 	  52786 	 0.08 	 0.11
123347 	  81262 	 0.05 	 0.11
123347 	  37931 	 0.10 	 0.16
123347 	  74286 	 0.08 	 0.16
123347 	 121308 	 0.10 	 0.11
123347 	  70314 	 0.06 	 0.11
123347 	  87759 	 0.07 	 0.19
123347 	  48728 	 0.04 	 0.11
123347 	  94015 	 0.09 	 0.11
123347 	 109086 	 0.08 	 0.11
123347 	  76438 	 0.07 	 0.16
123347 	  79171 	 0.07 	 0.16
123347 	 105523 	 0.09 	 0.16
123347 	  31394 	 0.04 	 0.11
123347 	  66563 	 0.10 	 0.16
123347 	  80885 	 0.05 	 0.11
123347 	  74664 	 0.08 	 0.16
123347 	  86131 	 0.05 	 0.11
123347 	  41611 	 0.07 	 0.16
123347 	  62617 	 0.08 	 0.16
123347 	  86570 	 0.04 	 0.11
123347 	 117490 	 0.10 	 0.11
123347 	  52076 	 0.06 	 0.14
123347 	  73555 	 0.07 	 0.11
123347 	  94032 	 0.10 	 0.11
123347 	  95496 	 0.08 	 0.16
123347 	  89982 	 0.06 	 0.11
123347 	  42495 	 0.07 	 0.16
123347 	 114929 	 0.09 	 0.16
 58385 	  82503 	 0.04 	 0.12
 58385 	  48728 	 0.08 	 0.18
 58385 	  86570 	 0.08 	 0.18
105144 	  76155 	 0.10 	 0.11
105144 	  90147 	 0.07 	 0.11
105144 	 129134 	 0.09 	 0.18
105144 	  31770 	 0.05 	 0.18
105144 	  72992 	 0.06 	 0.11
105144 	  77153 	 0.08 	 0.15
105144 	  90137 	 0.07 	 0.11
105144 	  34379 	 0.06 	 0.18
105144 	  77148 	 0.08 	 0.18
105144 	  66886 	 0.05 	 0.10
105144 	  66612 	 0.09 	 0.14
105144 	 123347 	 0.08 	 0.11
130531 	  95182 	 0.09 	 0.11
130531 	  31770 	 0.10 	 0.18
130531 	   2996 	 0.05 	 0.11
130531 	  48486 	 0.08 	 0.11
130531 	  77148 	 0.10 	 0.18
130531 	  81503 	 0.08 	 0.11
 69502 	  93163 	 0.07 	 0.14
 69502 	  92014 	 0.05 	 0.11
 69502 	   5543 	 0.10 	 0.14
 69502 	  75030 	 0.10 	 0.11
 69502 	 113027 	 0.06 	 0.14
 69502 	  85402 	 0.10 	 0.11
 69502 	  94264 	 0.07 	 0.11
 69502 	 130218 	 0.09 	 0.14
 69502 	 119325 	 0.07 	 0.11
 69502 	  36327 	 0.08 	 0.17
 69502 	 119311 	 0.07 	 0.11
 69502 	 101463 	 0.07 	 0.11
 69502 	 108127 	 0.06 	 0.14
 69502 	  95336 	 0.10 	 0.10
 69502 	 102481 	 0.10 	 0.11
 69502 	 115606 	 0.08 	 0.11
 69502 	  99213 	 0.08 	 0.14
 69502 	  98469 	 0.08 	 0.14
 69502 	 101809 	 0.08 	 0.14
 69502 	 126974 	 0.08 	 0.11
 69502 	 115883 	 0.07 	 0.11
 69502 	 100737 	 0.08 	 0.14
 69502 	  97187 	 0.08 	 0.11
 69502 	 101342 	 0.07 	 0.11
 69502 	  97422 	 0.08 	 0.14
 69502 	 128822 	 0.09 	 0.14
 69502 	 102759 	 0.07 	 0.14
 69502 	  97464 	 0.10 	 0.11
 69502 	 129520 	 0.09 	 0.16
 69502 	  92153 	 0.06 	 0.14
 69502 	  97373 	 0.08 	 0.14
 69502 	 105591 	 0.06 	 0.12
 92655 	  95182 	 0.08 	 0.11
 92655 	  53672 	 0.09 	 0.11
 92655 	  75641 	 0.10 	 0.13
 92655 	  31770 	 0.07 	 0.18
 92655 	  72992 	 0.08 	 0.11
 92655 	  65887 	 0.08 	 0.19
 92655 	  77153 	 0.07 	 0.15
 92655 	  77148 	 0.07 	 0.18
 92655 	  67993 	 0.07 	 0.18
 92655 	  52076 	 0.10 	 0.18
  8991 	  82246 	 0.09 	 0.17
  8991 	  10217 	 0.04 	 0.17
  8991 	  34379 	 0.09 	 0.14
 66646 	  82503 	 0.03 	 0.18
 66646 	  31821 	 0.09 	 0.11
113084 	 117976 	 0.10 	 0.16
113084 	  81305 	 0.06 	 0.11
113084 	 205919 	 0.08 	 0.11
113084 	  95182 	 0.07 	 0.16
113084 	  65408 	 0.09 	 0.16
113084 	  63310 	 0.10 	 0.16
113084 	  69026 	 0.07 	 0.11
113084 	  51289 	 0.07 	 0.11
113084 	  53672 	 0.08 	 0.16
113084 	  31770 	 0.07 	 0.14
113084 	 122251 	 0.08 	 0.16
113084 	  77153 	 0.07 	 0.12
113084 	 120065 	 0.09 	 0.11
113084 	  95336 	 0.09 	 0.18
113084 	   3208 	 0.09 	 0.16
113084 	  10274 	 0.06 	 0.11
113084 	  79768 	 0.08 	 0.11
113084 	  65192 	 0.10 	 0.14
113084 	  81262 	 0.06 	 0.11
113084 	  77148 	 0.07 	 0.14
113084 	  70314 	 0.08 	 0.11
113084 	  48728 	 0.06 	 0.11
113084 	 109086 	 0.09 	 0.11
113084 	 119884 	 0.10 	 0.16
113084 	  31394 	 0.09 	 0.11
113084 	  80885 	 0.07 	 0.11
113084 	  86131 	 0.07 	 0.11
113084 	 117924 	 0.09 	 0.16
113084 	  86570 	 0.06 	 0.11
113084 	  95496 	 0.07 	 0.16
113084 	  92477 	 0.10 	 0.16
113084 	  89982 	 0.07 	 0.11
113084 	 122396 	 0.10 	 0.16
113084 	 114929 	 0.09 	 0.16
 98306 	  81305 	 0.08 	 0.11
 98306 	 205919 	 0.09 	 0.11
 98306 	  95182 	 0.10 	 0.16
 98306 	  65408 	 0.09 	 0.16
 98306 	  69026 	 0.08 	 0.11
 98306 	  53672 	 0.08 	 0.16
 98306 	  10274 	 0.06 	 0.11
 98306 	  79768 	 0.08 	 0.11
 98306 	  81262 	 0.06 	 0.11
 98306 	  37931 	 0.10 	 0.16
 98306 	  70314 	 0.09 	 0.11
 98306 	  48728 	 0.05 	 0.11
 98306 	  59944 	 0.08 	 0.11
 98306 	  80885 	 0.08 	 0.11
 98306 	  86131 	 0.06 	 0.11
 98306 	  86570 	 0.05 	 0.11
 98306 	  89982 	 0.06 	 0.11
122256 	  50275 	 0.09 	 0.16
122256 	  82555 	 0.04 	 0.16
122256 	 105200 	 0.07 	 0.16
122256 	   8980 	 0.10 	 0.11
122256 	 113027 	 0.09 	 0.11
122256 	  28241 	 0.07 	 0.16
122256 	  51289 	 0.07 	 0.11
122256 	  65863 	 0.09 	 0.16
122256 	  53672 	 0.10 	 0.16
122256 	  67362 	 0.09 	 0.16
122256 	  70646 	 0.10 	 0.11
122256 	  52894 	 0.07 	 0.11
122256 	 105733 	 0.08 	 0.16
122256 	  79310 	 0.05 	 0.16
122256 	  37464 	 0.05 	 0.16
122256 	   2996 	 0.04 	 0.16
122256 	 108174 	 0.09 	 0.16
122256 	 105413 	 0.07 	 0.16
122256 	  48486 	 0.07 	 0.16
122256 	  37931 	 0.04 	 0.16
122256 	  27623 	 0.08 	 0.16
122256 	  34379 	 0.10 	 0.11
122256 	    514 	 0.08 	 0.16
122256 	 109086 	 0.09 	 0.11
122256 	 119884 	 0.07 	 0.16
122256 	 121157 	 0.09 	 0.11
122256 	  81503 	 0.05 	 0.16
122256 	   2268 	 0.08 	 0.16
122256 	  62878 	 0.06 	 0.16
122256 	   7854 	 0.09 	 0.16
122256 	 105872 	 0.08 	 0.16
122256 	  90122 	 0.09 	 0.11
122256 	 131601 	 0.09 	 0.16
122256 	  50841 	 0.10 	 0.11
122256 	 119808 	 0.09 	 0.16
122256 	 121983 	 0.10 	 0.11
122256 	  88019 	 0.09 	 0.11
122256 	 114929 	 0.06 	 0.16
122256 	 123347 	 0.10 	 0.16
122256 	  92655 	 0.09 	 0.11
 87194 	  82503 	 0.04 	 0.16
 87194 	 105872 	 0.09 	 0.16
 87194 	 125108 	 0.10 	 0.13
 87194 	 123347 	 0.07 	 0.16
