 50275 	  94908 	 0.22 	 0.36
 39079 	 119680 	 0.22 	 0.33
 91563 	  88141 	 0.22 	 0.33
 91563 	  39079 	 0.20 	 0.33
100225 	  59539 	 0.21 	 0.36
127242 	 127102 	 0.25 	 0.31
 97838 	 130387 	 0.29 	 0.36
 97838 	 127242 	 0.30 	 0.36
 62372 	 117976 	 0.26 	 0.36
 76155 	  94908 	 0.25 	 0.36
 76155 	  39337 	 0.26 	 0.36
 15511 	  91563 	 0.25 	 0.33
114621 	  62372 	 0.29 	 0.36
109693 	  92753 	 0.22 	 0.33
109693 	  91563 	 0.23 	 0.33
109693 	  15511 	 0.24 	 0.33
122022 	  39079 	 0.27 	 0.33
122022 	 109693 	 0.23 	 0.33
 88333 	  94927 	 0.27 	 0.33
 88333 	  96511 	 0.24 	 0.33
 88333 	 119680 	 0.24 	 0.33
 88333 	 130665 	 0.24 	 0.33
 88333 	 106302 	 0.27 	 0.33
 88333 	 110571 	 0.24 	 0.33
 18307 	 117976 	 0.23 	 0.36
 18307 	 114621 	 0.28 	 0.36
 70752 	  94927 	 0.29 	 0.33
 70752 	  96511 	 0.25 	 0.33
 70752 	 130665 	 0.26 	 0.33
 70752 	 110571 	 0.27 	 0.33
 70752 	  88333 	 0.22 	 0.33
  8980 	  39079 	 0.26 	 0.33
  8980 	  91563 	 0.23 	 0.33
  8980 	  97838 	 0.27 	 0.32
  8980 	  15511 	 0.21 	 0.33
130780 	  39079 	 0.22 	 0.33
130780 	   8980 	 0.21 	 0.33
107934 	 117976 	 0.22 	 0.36
129131 	  92014 	 0.26 	 0.36
129131 	   5543 	 0.25 	 0.32
129131 	  80370 	 0.21 	 0.32
105455 	 129131 	 0.28 	 0.36
113027 	 100617 	 0.22 	 0.32
113027 	  99902 	 0.22 	 0.32
 28241 	  39337 	 0.22 	 0.36
 28241 	   2986 	 0.25 	 0.36
 82246 	  82555 	 0.20 	 0.30
 93171 	 109693 	 0.20 	 0.33
114379 	 102380 	 0.20 	 0.36
114379 	 129131 	 0.23 	 0.32
131151 	 127242 	 0.22 	 0.31
126721 	  70752 	 0.30 	 0.32
 29716 	 117976 	 0.21 	 0.36
 29716 	 114621 	 0.26 	 0.36
110268 	  15511 	 0.22 	 0.33
110268 	 109693 	 0.29 	 0.33
110268 	 122022 	 0.21 	 0.33
110268 	   8980 	 0.28 	 0.33
110268 	 126721 	 0.24 	 0.32
101160 	 129131 	 0.26 	 0.32
101160 	 126721 	 0.21 	 0.32
127649 	  97838 	 0.29 	 0.36
 10217 	  65408 	 0.25 	 0.30
 90147 	  39337 	 0.21 	 0.36
 66308 	 127242 	 0.23 	 0.36
 66308 	  93171 	 0.21 	 0.32
 91926 	  91563 	 0.21 	 0.33
 91926 	 122022 	 0.23 	 0.33
 91926 	   8980 	 0.26 	 0.33
 91926 	  93171 	 0.21 	 0.33
 91926 	 110268 	 0.21 	 0.33
 95442 	 127102 	 0.24 	 0.31
 95442 	 128844 	 0.22 	 0.31
 95442 	 130983 	 0.24 	 0.31
 95442 	 126721 	 0.24 	 0.36
  7012 	 113401 	 0.21 	 0.36
  7012 	 127533 	 0.24 	 0.36
  7012 	  96738 	 0.21 	 0.36
117081 	 105200 	 0.21 	 0.36
 92865 	 106302 	 0.21 	 0.33
 92865 	  88333 	 0.24 	 0.33
 92865 	 130780 	 0.21 	 0.33
 92865 	 131018 	 0.22 	 0.33
 92250 	 105200 	 0.21 	 0.36
 92250 	 124999 	 0.27 	 0.36
 94332 	  95182 	 0.28 	 0.36
 94332 	  65408 	 0.23 	 0.36
 31490 	  59539 	 0.28 	 0.31
 31490 	 127242 	 0.25 	 0.34
 31490 	  97838 	 0.27 	 0.36
 31490 	   2986 	 0.25 	 0.31
114535 	   2986 	 0.22 	 0.36
114535 	  28241 	 0.21 	 0.36
114535 	  82246 	 0.22 	 0.30
114535 	  94332 	 0.24 	 0.36
 96113 	  62372 	 0.22 	 0.36
 96113 	 114621 	 0.21 	 0.36
 96113 	  18307 	 0.21 	 0.36
102078 	  50275 	 0.21 	 0.36
 94264 	  92014 	 0.21 	 0.31
 94264 	 131151 	 0.22 	 0.31
111407 	  59539 	 0.22 	 0.36
111407 	  52768 	 0.28 	 0.36
111407 	   2986 	 0.25 	 0.36
111407 	  28241 	 0.25 	 0.36
111407 	 114535 	 0.21 	 0.36
113290 	  94908 	 0.26 	 0.36
113290 	 103813 	 0.27 	 0.36
122840 	 129131 	 0.28 	 0.32
122840 	 126721 	 0.21 	 0.32
100909 	  50275 	 0.21 	 0.36
100909 	 113290 	 0.24 	 0.36
 65863 	   2986 	 0.20 	 0.36
 65863 	  28241 	 0.24 	 0.36
 65863 	  94332 	 0.24 	 0.36
 65863 	 111407 	 0.21 	 0.36
108185 	  94927 	 0.22 	 0.33
108185 	  96511 	 0.22 	 0.33
108185 	 117891 	 0.24 	 0.33
108185 	  80370 	 0.22 	 0.33
108185 	  15511 	 0.23 	 0.33
108185 	 109693 	 0.24 	 0.33
108185 	  88333 	 0.25 	 0.33
117951 	  94908 	 0.27 	 0.36
117951 	  65408 	 0.21 	 0.36
117951 	 102078 	 0.28 	 0.36
117951 	 100909 	 0.22 	 0.36
105970 	  50275 	 0.21 	 0.36
105970 	  96113 	 0.23 	 0.36
105970 	 102078 	 0.28 	 0.36
 75641 	  81305 	 0.23 	 0.39
 75641 	 205919 	 0.24 	 0.39
 72459 	 127242 	 0.26 	 0.32
 72459 	 129131 	 0.27 	 0.34
101510 	 126721 	 0.22 	 0.36
 44074 	  31490 	 0.26 	 0.31
127855 	  97838 	 0.23 	 0.36
127855 	 129131 	 0.29 	 0.36
127451 	 119680 	 0.22 	 0.33
127451 	 106302 	 0.29 	 0.33
127451 	 122022 	 0.22 	 0.33
127451 	  88333 	 0.25 	 0.33
127451 	 131018 	 0.25 	 0.33
127451 	  92865 	 0.20 	 0.33
  4363 	  97838 	 0.29 	 0.36
  4363 	 126721 	 0.26 	 0.36
 85890 	 130780 	 0.20 	 0.33
 85890 	 110268 	 0.28 	 0.33
 67362 	  28241 	 0.26 	 0.36
 67362 	 111407 	 0.24 	 0.36
119111 	  50275 	 0.21 	 0.36
119111 	  76155 	 0.20 	 0.36
119111 	 117081 	 0.21 	 0.36
119111 	 111407 	 0.22 	 0.36
119111 	 105970 	 0.24 	 0.36
119325 	 131151 	 0.22 	 0.31
 93950 	 128844 	 0.29 	 0.31
 93950 	 130983 	 0.29 	 0.31
 93950 	 126721 	 0.29 	 0.36
 58481 	  39337 	 0.23 	 0.36
 58481 	 107934 	 0.20 	 0.36
 58481 	  94332 	 0.22 	 0.36
 58481 	 111407 	 0.21 	 0.36
 58481 	  65863 	 0.28 	 0.36
 58481 	  67362 	 0.22 	 0.36
 70646 	  15511 	 0.21 	 0.33
 70646 	 109693 	 0.26 	 0.33
 70646 	   8980 	 0.22 	 0.33
 70646 	 126721 	 0.28 	 0.32
101544 	  76155 	 0.21 	 0.36
101544 	 100909 	 0.25 	 0.36
118363 	 126721 	 0.29 	 0.36
118363 	  66308 	 0.21 	 0.36
118363 	  93950 	 0.23 	 0.31
 67846 	 127242 	 0.23 	 0.31
 67846 	 129131 	 0.25 	 0.36
 67846 	  66308 	 0.27 	 0.36
100782 	 127102 	 0.23 	 0.31
100782 	 128844 	 0.23 	 0.31
100782 	 130983 	 0.24 	 0.31
100782 	 127855 	 0.24 	 0.31
 53106 	 129131 	 0.23 	 0.36
 53106 	 126721 	 0.20 	 0.36
 53106 	  66308 	 0.27 	 0.36
105815 	 107934 	 0.26 	 0.36
105815 	  58481 	 0.28 	 0.36
129960 	  39079 	 0.24 	 0.32
129960 	 110268 	 0.21 	 0.32
129960 	 101160 	 0.23 	 0.32
129960 	  70646 	 0.30 	 0.32
 81306 	  72459 	 0.25 	 0.32
126216 	  97838 	 0.23 	 0.32
126216 	 129131 	 0.24 	 0.32
130986 	  67846 	 0.21 	 0.31
 85972 	  15511 	 0.21 	 0.33
 85972 	 109693 	 0.22 	 0.33
 85972 	 122022 	 0.21 	 0.33
 85972 	   8980 	 0.21 	 0.33
 85972 	 110268 	 0.22 	 0.33
 85972 	  91926 	 0.21 	 0.33
 85972 	  70646 	 0.28 	 0.33
129434 	  88333 	 0.27 	 0.33
129434 	 108185 	 0.22 	 0.33
 94785 	 100225 	 0.21 	 0.36
 94785 	   2986 	 0.22 	 0.36
 94785 	  76155 	 0.22 	 0.36
 94785 	  31490 	 0.21 	 0.31
 94785 	 114535 	 0.24 	 0.36
 94785 	 111407 	 0.21 	 0.36
 94785 	  65863 	 0.24 	 0.36
 94785 	  67362 	 0.25 	 0.36
 94785 	 105815 	 0.21 	 0.36
115173 	 113290 	 0.25 	 0.36
104295 	  92250 	 0.22 	 0.36
104295 	 113290 	 0.24 	 0.36
104295 	 117951 	 0.22 	 0.36
104295 	 101544 	 0.28 	 0.36
124419 	  85972 	 0.22 	 0.33
128492 	  88333 	 0.30 	 0.33
128492 	 108185 	 0.23 	 0.33
 91637 	  80370 	 0.30 	 0.37
 91637 	  70646 	 0.28 	 0.37
  2332 	  59539 	 0.22 	 0.36
  2332 	  62372 	 0.27 	 0.36
  2332 	  18307 	 0.27 	 0.36
  2332 	  29716 	 0.25 	 0.36
  2332 	  44074 	 0.21 	 0.36
122251 	  65408 	 0.25 	 0.36
122251 	 100909 	 0.26 	 0.36
122251 	 105970 	 0.24 	 0.36
122251 	 104295 	 0.26 	 0.36
 68681 	 119680 	 0.24 	 0.33
 68681 	 106302 	 0.22 	 0.33
 68681 	 131018 	 0.23 	 0.33
105733 	 116115 	 0.21 	 0.36
103296 	  78533 	 0.22 	 0.36
103296 	  31490 	 0.25 	 0.31
  2911 	 105970 	 0.20 	 0.36
  2911 	 105733 	 0.21 	 0.36
 16479 	  90147 	 0.25 	 0.36
 65887 	 101160 	 0.25 	 0.30
 65887 	 122840 	 0.27 	 0.30
119311 	 131151 	 0.22 	 0.31
128762 	  67846 	 0.21 	 0.31
 43129 	 127242 	 0.21 	 0.31
 43129 	 129131 	 0.23 	 0.36
 43129 	  66308 	 0.28 	 0.36
 77153 	  94332 	 0.20 	 0.33
 77153 	  72459 	 0.21 	 0.32
124080 	  50275 	 0.20 	 0.36
124080 	  76155 	 0.25 	 0.36
124080 	 113290 	 0.25 	 0.36
124080 	 117951 	 0.29 	 0.36
124080 	 122251 	 0.28 	 0.36
  8179 	 100225 	 0.23 	 0.36
  8179 	  52768 	 0.21 	 0.36
  8179 	   2986 	 0.24 	 0.36
  8179 	 114621 	 0.21 	 0.36
  8179 	  28241 	 0.25 	 0.36
  8179 	 117081 	 0.20 	 0.36
  8179 	  94332 	 0.24 	 0.36
  8179 	 111407 	 0.25 	 0.36
  8179 	  67362 	 0.25 	 0.36
  8179 	  94785 	 0.26 	 0.36
109370 	  39079 	 0.20 	 0.33
109370 	 106302 	 0.20 	 0.33
109370 	 122022 	 0.25 	 0.33
109370 	  88333 	 0.21 	 0.33
109370 	  92865 	 0.22 	 0.33
  2622 	 129131 	 0.22 	 0.36
  2622 	  66308 	 0.24 	 0.36
 97207 	 119680 	 0.21 	 0.33
 97207 	  39079 	 0.24 	 0.33
 97207 	 106302 	 0.29 	 0.33
 97207 	 122022 	 0.26 	 0.33
 97207 	  88333 	 0.23 	 0.33
 97207 	  68681 	 0.21 	 0.33
 97207 	 109370 	 0.24 	 0.33
116522 	 118052 	 0.24 	 0.36
  5133 	  59539 	 0.23 	 0.36
  5133 	 100225 	 0.20 	 0.36
  5133 	  78533 	 0.20 	 0.36
  5133 	  52768 	 0.20 	 0.36
  5133 	  31490 	 0.21 	 0.31
  5133 	 111407 	 0.20 	 0.36
  5133 	  44074 	 0.20 	 0.36
 76449 	  96113 	 0.20 	 0.36
 76449 	  44074 	 0.27 	 0.36
 76449 	 105733 	 0.20 	 0.36
 76449 	 103296 	 0.25 	 0.36
 91880 	  81305 	 0.23 	 0.33
 91880 	  80370 	 0.21 	 0.33
 91880 	 109693 	 0.23 	 0.33
 91880 	 122022 	 0.20 	 0.33
 91880 	  69026 	 0.21 	 0.33
 91880 	  85972 	 0.23 	 0.33
 91880 	 109370 	 0.20 	 0.33
103133 	 102078 	 0.29 	 0.36
103133 	 113290 	 0.22 	 0.36
103133 	 117951 	 0.28 	 0.36
103133 	 105970 	 0.22 	 0.36
103133 	 119111 	 0.30 	 0.36
103133 	 122251 	 0.23 	 0.36
101463 	  93950 	 0.26 	 0.31
108127 	 129131 	 0.21 	 0.32
120065 	  92753 	 0.23 	 0.33
120065 	  15511 	 0.20 	 0.33
120065 	 108185 	 0.24 	 0.33
120065 	 127451 	 0.21 	 0.33
120065 	  70646 	 0.22 	 0.33
120065 	  97207 	 0.20 	 0.33
114673 	 107934 	 0.29 	 0.36
114673 	 105815 	 0.23 	 0.36
107568 	 102380 	 0.24 	 0.38
 96012 	  92865 	 0.21 	 0.33
 96012 	 127451 	 0.22 	 0.33
 96012 	 109370 	 0.21 	 0.33
 96012 	  97207 	 0.21 	 0.33
 73957 	  94927 	 0.29 	 0.33
 73957 	  96511 	 0.27 	 0.33
 73957 	 117891 	 0.28 	 0.33
 73957 	  91563 	 0.21 	 0.33
 73957 	 110571 	 0.29 	 0.33
 73957 	  88333 	 0.24 	 0.33
 73957 	 129131 	 0.28 	 0.32
 73957 	 108185 	 0.21 	 0.33
 73957 	  85890 	 0.21 	 0.33
 73957 	 128492 	 0.29 	 0.33
118768 	 111407 	 0.20 	 0.36
118768 	 117951 	 0.29 	 0.36
118768 	 116522 	 0.21 	 0.36
 85142 	  28241 	 0.21 	 0.36
 85142 	 117081 	 0.22 	 0.36
 85142 	 114535 	 0.22 	 0.36
 85142 	 111407 	 0.20 	 0.36
 85142 	  58481 	 0.21 	 0.36
 85142 	  94785 	 0.27 	 0.36
 69633 	  75641 	 0.23 	 0.30
128974 	  88141 	 0.21 	 0.33
128974 	  91563 	 0.23 	 0.33
128974 	  80370 	 0.21 	 0.33
128974 	  15511 	 0.28 	 0.33
128974 	 109693 	 0.27 	 0.33
128974 	 110268 	 0.24 	 0.33
128974 	  91926 	 0.20 	 0.33
128974 	 108185 	 0.28 	 0.33
128974 	  70646 	 0.22 	 0.33
128974 	  85972 	 0.23 	 0.33
128974 	 109370 	 0.23 	 0.33
128974 	  91880 	 0.20 	 0.33
 79310 	 107934 	 0.21 	 0.36
101365 	  80370 	 0.25 	 0.33
101365 	  15511 	 0.24 	 0.33
101365 	 109693 	 0.23 	 0.33
101365 	 122022 	 0.22 	 0.33
101365 	   8980 	 0.24 	 0.33
101365 	 110268 	 0.25 	 0.33
101365 	  91926 	 0.22 	 0.33
101365 	  70646 	 0.21 	 0.33
 10274 	  75641 	 0.27 	 0.39
 79768 	  91880 	 0.20 	 0.33
 99159 	  88333 	 0.24 	 0.33
 99159 	  70752 	 0.27 	 0.33
 99159 	 108185 	 0.23 	 0.33
 66221 	  59539 	 0.23 	 0.36
 66221 	  78533 	 0.25 	 0.36
 66221 	  95182 	 0.26 	 0.36
 66221 	  65408 	 0.25 	 0.36
 66221 	  94332 	 0.20 	 0.36
 66221 	 103296 	 0.29 	 0.36
 65192 	  76155 	 0.23 	 0.38
122945 	  15511 	 0.24 	 0.33
122945 	 122022 	 0.22 	 0.33
122945 	   8980 	 0.26 	 0.33
122945 	 126721 	 0.26 	 0.32
122945 	  91926 	 0.27 	 0.33
122945 	 129960 	 0.25 	 0.32
122945 	  85972 	 0.22 	 0.33
122945 	  68681 	 0.21 	 0.33
122945 	  65887 	 0.23 	 0.30
122945 	 109370 	 0.23 	 0.33
122945 	 128974 	 0.29 	 0.33
119617 	 100617 	 0.22 	 0.32
119617 	 110268 	 0.24 	 0.33
107458 	 114621 	 0.26 	 0.36
107458 	 124999 	 0.23 	 0.36
107458 	 100909 	 0.30 	 0.36
107458 	   8179 	 0.22 	 0.36
107458 	 103133 	 0.27 	 0.36
101673 	  94908 	 0.29 	 0.36
101673 	 100909 	 0.30 	 0.36
101673 	 104295 	 0.22 	 0.36
101673 	 124080 	 0.26 	 0.36
101673 	 116522 	 0.21 	 0.36
101673 	 103133 	 0.20 	 0.36
 96900 	  15511 	 0.24 	 0.33
 96900 	 109693 	 0.24 	 0.33
 96900 	 108185 	 0.26 	 0.33
 96900 	  70646 	 0.20 	 0.33
 96900 	  91880 	 0.20 	 0.33
 96900 	 122945 	 0.21 	 0.33
114259 	  15511 	 0.21 	 0.33
114259 	 109693 	 0.21 	 0.33
114259 	 128974 	 0.22 	 0.33
114259 	  96900 	 0.22 	 0.33
102481 	 126721 	 0.25 	 0.36
119112 	 119680 	 0.23 	 0.33
119112 	  39079 	 0.23 	 0.33
119112 	 106302 	 0.25 	 0.33
119112 	 122022 	 0.27 	 0.33
119112 	  88333 	 0.26 	 0.33
119112 	 131018 	 0.27 	 0.33
119112 	 110268 	 0.28 	 0.33
119112 	  92865 	 0.21 	 0.33
119112 	 127451 	 0.23 	 0.33
119112 	  85890 	 0.24 	 0.33
119112 	  68681 	 0.26 	 0.33
119112 	 125839 	 0.24 	 0.33
119112 	  97207 	 0.28 	 0.33
  2524 	  97838 	 0.27 	 0.36
  2524 	 129131 	 0.25 	 0.36
  2524 	 100782 	 0.28 	 0.31
 37464 	  82246 	 0.24 	 0.30
 37464 	 117081 	 0.21 	 0.36
 37464 	  58481 	 0.22 	 0.36
 37464 	   8179 	 0.28 	 0.36
108273 	  59539 	 0.29 	 0.36
108273 	   2986 	 0.22 	 0.36
108273 	  94332 	 0.24 	 0.36
108273 	  96113 	 0.20 	 0.36
108273 	 111407 	 0.21 	 0.36
108273 	  44074 	 0.27 	 0.36
108273 	  67362 	 0.24 	 0.36
108273 	  58481 	 0.22 	 0.36
108273 	   5133 	 0.22 	 0.36
108273 	  66221 	 0.24 	 0.36
  2996 	  28241 	 0.23 	 0.36
115606 	  99902 	 0.26 	 0.36
115606 	 131151 	 0.22 	 0.31
115606 	 119325 	 0.26 	 0.31
115606 	 130986 	 0.25 	 0.31
115606 	 119311 	 0.26 	 0.31
115606 	 128762 	 0.27 	 0.31
120998 	 129859 	 0.21 	 0.36
 15972 	 114621 	 0.28 	 0.36
 15972 	   2332 	 0.26 	 0.36
110588 	 113290 	 0.27 	 0.36
 92527 	  75030 	 0.24 	 0.31
 92527 	 126721 	 0.24 	 0.36
101749 	  92250 	 0.22 	 0.36
101749 	 113290 	 0.25 	 0.36
101749 	 117951 	 0.22 	 0.36
101749 	 101544 	 0.27 	 0.36
101749 	 122251 	 0.25 	 0.36
101749 	 101673 	 0.21 	 0.36
108174 	  94908 	 0.24 	 0.36
108174 	 102078 	 0.22 	 0.36
108174 	 100909 	 0.22 	 0.36
108174 	 105970 	 0.26 	 0.36
108174 	 119111 	 0.21 	 0.36
108174 	 104295 	 0.22 	 0.36
108174 	 124080 	 0.21 	 0.36
108174 	 103133 	 0.21 	 0.36
108174 	 101749 	 0.23 	 0.36
  2251 	  88141 	 0.28 	 0.33
  2251 	  97838 	 0.29 	 0.32
  2251 	  15511 	 0.27 	 0.33
  2251 	 109693 	 0.25 	 0.33
  2251 	 122022 	 0.23 	 0.33
  2251 	   8980 	 0.24 	 0.33
  2251 	 110268 	 0.28 	 0.33
  2251 	  91926 	 0.24 	 0.33
  2251 	 108185 	 0.21 	 0.33
  2251 	 128974 	 0.20 	 0.33
  2251 	 114259 	 0.27 	 0.33
 75566 	  75030 	 0.24 	 0.31
 75566 	 105455 	 0.20 	 0.31
 75566 	 102278 	 0.21 	 0.31
 75566 	  93950 	 0.20 	 0.31
 52224 	  75030 	 0.23 	 0.31
 52224 	  85402 	 0.24 	 0.31
 52224 	  75566 	 0.21 	 0.31
103677 	  50275 	 0.23 	 0.36
103677 	  76155 	 0.25 	 0.36
103677 	 113290 	 0.25 	 0.36
103677 	 117951 	 0.26 	 0.36
103677 	 101673 	 0.28 	 0.36
103677 	 108174 	 0.24 	 0.36
122600 	  88333 	 0.30 	 0.33
122600 	 108185 	 0.23 	 0.33
122600 	  73957 	 0.30 	 0.33
  1531 	  91563 	 0.23 	 0.33
  1531 	  80370 	 0.23 	 0.33
  1531 	 109693 	 0.22 	 0.33
  1531 	   8980 	 0.20 	 0.33
  1531 	 110268 	 0.21 	 0.33
  1531 	  70646 	 0.23 	 0.33
  1531 	  85972 	 0.22 	 0.33
  1531 	 128974 	 0.24 	 0.33
  1531 	 101365 	 0.22 	 0.33
  1531 	 122945 	 0.23 	 0.33
  1531 	  96900 	 0.22 	 0.33
 90137 	  39337 	 0.21 	 0.36
 90137 	  16479 	 0.25 	 0.36
 58632 	  67846 	 0.21 	 0.36
 58632 	  53106 	 0.27 	 0.36
 83275 	  94908 	 0.23 	 0.36
 83275 	 127533 	 0.26 	 0.36
 83275 	 101280 	 0.25 	 0.36
 83275 	 103813 	 0.24 	 0.36
 83275 	 130217 	 0.25 	 0.36
 83275 	 124080 	 0.22 	 0.36
 83275 	 103133 	 0.22 	 0.36
 83275 	 125990 	 0.25 	 0.36
 83275 	 103677 	 0.22 	 0.36
 62268 	  93163 	 0.20 	 0.32
 62268 	  92014 	 0.28 	 0.36
 62268 	 127242 	 0.26 	 0.36
 62268 	   5543 	 0.27 	 0.32
 62268 	 105455 	 0.21 	 0.36
 62268 	 101160 	 0.24 	 0.32
 62268 	  95442 	 0.24 	 0.36
 62268 	 122840 	 0.27 	 0.32
 62268 	  72459 	 0.29 	 0.34
 62268 	   4363 	 0.20 	 0.36
 62268 	  53106 	 0.20 	 0.36
 62268 	 126216 	 0.30 	 0.32
 62268 	 130986 	 0.28 	 0.36
 62268 	 128762 	 0.30 	 0.36
 62268 	   2622 	 0.20 	 0.36
 62268 	  92527 	 0.23 	 0.36
115220 	  76155 	 0.22 	 0.36
115220 	 113290 	 0.24 	 0.36
115220 	 117951 	 0.21 	 0.36
115220 	 119111 	 0.29 	 0.36
115220 	 101544 	 0.25 	 0.36
115220 	 122251 	 0.26 	 0.36
115220 	 101673 	 0.20 	 0.36
115220 	 108174 	 0.22 	 0.36
115220 	  83275 	 0.21 	 0.36
107489 	 118052 	 0.21 	 0.36
107489 	 118768 	 0.21 	 0.36
 58416 	  67846 	 0.23 	 0.36
 58416 	  53106 	 0.29 	 0.36
 58416 	  43129 	 0.21 	 0.36
 52786 	  15511 	 0.22 	 0.33
 52786 	 122022 	 0.26 	 0.33
 52786 	   8980 	 0.22 	 0.33
 52786 	  70646 	 0.25 	 0.33
 52786 	   2251 	 0.21 	 0.33
 16404 	  77153 	 0.27 	 0.36
117884 	 113290 	 0.24 	 0.36
117884 	  83275 	 0.22 	 0.36
105413 	  79310 	 0.20 	 0.36
124477 	 119112 	 0.25 	 0.33
 81262 	  65887 	 0.24 	 0.30
 48486 	  50275 	 0.20 	 0.36
 48486 	   2986 	 0.26 	 0.36
 48486 	 111407 	 0.20 	 0.36
 48486 	   2996 	 0.28 	 0.36
111297 	  31490 	 0.25 	 0.34
111297 	 102383 	 0.22 	 0.31
106697 	 117976 	 0.24 	 0.36
106697 	 113290 	 0.23 	 0.36
106697 	 101673 	 0.23 	 0.36
106697 	 107489 	 0.30 	 0.36
 74286 	  96113 	 0.20 	 0.36
 74286 	  44074 	 0.26 	 0.36
 74286 	 105733 	 0.20 	 0.36
 74286 	 103296 	 0.25 	 0.36
 27623 	  94908 	 0.21 	 0.36
 27623 	  52768 	 0.23 	 0.36
 27623 	 102078 	 0.24 	 0.36
 27623 	 111407 	 0.24 	 0.36
 27623 	 100909 	 0.24 	 0.36
 27623 	 105970 	 0.22 	 0.36
 27623 	 119111 	 0.20 	 0.36
 27623 	 104295 	 0.20 	 0.36
 27623 	   5103 	 0.22 	 0.36
 27623 	 124080 	 0.21 	 0.36
 27623 	  79310 	 0.25 	 0.36
 27623 	 101749 	 0.20 	 0.36
 27623 	 103677 	 0.22 	 0.36
 27623 	 115220 	 0.23 	 0.36
 95781 	  88333 	 0.27 	 0.33
 95781 	 127451 	 0.30 	 0.33
 95781 	  97207 	 0.27 	 0.33
 95781 	 119112 	 0.24 	 0.33
124177 	  95603 	 0.29 	 0.36
 65782 	  65408 	 0.24 	 0.36
 65782 	 117081 	 0.23 	 0.36
 65782 	 114535 	 0.23 	 0.36
 65782 	  65863 	 0.24 	 0.36
 65782 	  58481 	 0.23 	 0.36
 65782 	  94785 	 0.21 	 0.36
 65782 	  77153 	 0.20 	 0.33
 65782 	   8179 	 0.25 	 0.36
116898 	  94927 	 0.23 	 0.33
116898 	  96511 	 0.25 	 0.33
116898 	 117891 	 0.23 	 0.33
116898 	  91563 	 0.29 	 0.33
116898 	 130665 	 0.29 	 0.33
116898 	  15511 	 0.25 	 0.33
116898 	 110571 	 0.30 	 0.33
116898 	 109693 	 0.28 	 0.33
116898 	  70752 	 0.29 	 0.33
116898 	   8980 	 0.26 	 0.33
116898 	  91926 	 0.22 	 0.33
116898 	 108185 	 0.21 	 0.33
116898 	 129434 	 0.22 	 0.33
116898 	 128492 	 0.23 	 0.33
116898 	  73957 	 0.21 	 0.33
116898 	  99159 	 0.29 	 0.33
116898 	 122945 	 0.24 	 0.33
116898 	   2251 	 0.25 	 0.33
116898 	 122600 	 0.25 	 0.33
116898 	   1531 	 0.22 	 0.33
100142 	 105200 	 0.20 	 0.36
100142 	  91848 	 0.24 	 0.36
100142 	  92250 	 0.25 	 0.36
100142 	  96113 	 0.24 	 0.36
100142 	  65863 	 0.20 	 0.36
100142 	   8179 	 0.22 	 0.36
100142 	 107458 	 0.26 	 0.36
100142 	 120998 	 0.23 	 0.36
 51767 	  59539 	 0.30 	 0.38
 51767 	  92014 	 0.21 	 0.31
 51767 	  78533 	 0.23 	 0.38
 51767 	  52768 	 0.23 	 0.38
 51767 	 106205 	 0.22 	 0.31
 51767 	 105455 	 0.22 	 0.31
 51767 	  95442 	 0.22 	 0.31
 51767 	 114535 	 0.24 	 0.38
 51767 	  65863 	 0.22 	 0.38
 51767 	  44074 	 0.22 	 0.38
 51767 	 127855 	 0.23 	 0.31
 51767 	   4363 	 0.21 	 0.31
 51767 	 118363 	 0.23 	 0.31
 51767 	 130986 	 0.24 	 0.31
 51767 	 128762 	 0.24 	 0.31
 51767 	   5103 	 0.23 	 0.38
 51767 	   2622 	 0.22 	 0.31
 51767 	  76449 	 0.25 	 0.38
 51767 	  85142 	 0.22 	 0.38
 51767 	 108273 	 0.25 	 0.38
 51767 	  58632 	 0.25 	 0.31
 51767 	  58416 	 0.25 	 0.31
 51767 	  74286 	 0.24 	 0.38
 28201 	 127242 	 0.23 	 0.31
 28201 	 129131 	 0.24 	 0.36
 28201 	 102278 	 0.21 	 0.31
 28201 	  66308 	 0.26 	 0.36
 28201 	  72459 	 0.24 	 0.32
 28201 	 128762 	 0.21 	 0.31
 28201 	  58632 	 0.24 	 0.36
 28201 	  58416 	 0.26 	 0.36
105156 	  94927 	 0.22 	 0.33
105156 	  96511 	 0.25 	 0.33
105156 	 117891 	 0.23 	 0.33
105156 	 119680 	 0.22 	 0.33
105156 	  39079 	 0.21 	 0.33
105156 	 106302 	 0.20 	 0.33
105156 	  88333 	 0.21 	 0.33
105156 	  70752 	 0.27 	 0.33
105156 	 131018 	 0.26 	 0.33
105156 	 129434 	 0.23 	 0.33
105156 	 128492 	 0.24 	 0.33
105156 	  97207 	 0.20 	 0.33
105156 	  96012 	 0.23 	 0.33
105156 	 119112 	 0.21 	 0.33
105156 	 122600 	 0.23 	 0.33
105156 	 116898 	 0.29 	 0.33
 95409 	  88333 	 0.25 	 0.33
 95409 	  70752 	 0.28 	 0.33
 95409 	 108185 	 0.21 	 0.33
 95409 	 116898 	 0.23 	 0.33
 95409 	 105156 	 0.23 	 0.33
124225 	  96113 	 0.30 	 0.36
124225 	   5103 	 0.22 	 0.36
119685 	  91563 	 0.26 	 0.33
119685 	  80370 	 0.23 	 0.33
119685 	  15511 	 0.25 	 0.33
119685 	 109693 	 0.29 	 0.33
119685 	   8980 	 0.25 	 0.33
119685 	 110268 	 0.24 	 0.33
119685 	  91926 	 0.22 	 0.33
119685 	 108185 	 0.22 	 0.33
119685 	 109370 	 0.21 	 0.33
119685 	  96900 	 0.24 	 0.33
119685 	 114259 	 0.21 	 0.33
119685 	   2251 	 0.20 	 0.33
119685 	   1531 	 0.21 	 0.33
119685 	 116898 	 0.22 	 0.33
121308 	  88141 	 0.22 	 0.33
121308 	  39079 	 0.20 	 0.33
121308 	  91563 	 0.21 	 0.33
121308 	  15511 	 0.24 	 0.33
121308 	 122022 	 0.20 	 0.33
121308 	  70646 	 0.25 	 0.33
121308 	 128974 	 0.25 	 0.33
121308 	  96900 	 0.23 	 0.33
121308 	 119112 	 0.20 	 0.33
121308 	   2251 	 0.20 	 0.33
121308 	   1531 	 0.24 	 0.33
121308 	  52786 	 0.22 	 0.33
 77148 	  94332 	 0.20 	 0.38
 77148 	  16479 	 0.30 	 0.38
 96223 	  96113 	 0.29 	 0.36
 96223 	   5103 	 0.23 	 0.36
  3715 	  78533 	 0.21 	 0.36
  3715 	  31490 	 0.21 	 0.31
  3715 	 114535 	 0.25 	 0.36
  3715 	 111407 	 0.27 	 0.36
  3715 	  65863 	 0.24 	 0.36
  3715 	  94785 	 0.20 	 0.36
  3715 	   8179 	 0.21 	 0.36
  3715 	  66221 	 0.21 	 0.36
  3715 	 108273 	 0.24 	 0.36
  3715 	  51767 	 0.27 	 0.38
115258 	  96900 	 0.24 	 0.33
 69513 	  88141 	 0.23 	 0.33
 69513 	  15511 	 0.22 	 0.33
 69513 	 109693 	 0.24 	 0.33
 69513 	   8980 	 0.23 	 0.33
 69513 	 108185 	 0.21 	 0.33
 69513 	  75641 	 0.28 	 0.39
 69513 	  85890 	 0.25 	 0.33
 69513 	  85972 	 0.22 	 0.33
 69513 	  65887 	 0.26 	 0.30
 69513 	 128974 	 0.23 	 0.33
 69513 	 101365 	 0.26 	 0.33
 69513 	   2251 	 0.23 	 0.33
 69513 	   1531 	 0.23 	 0.33
 69513 	 119685 	 0.25 	 0.33
126248 	  88333 	 0.23 	 0.33
126248 	 108185 	 0.21 	 0.33
126248 	  73957 	 0.29 	 0.33
126248 	 116898 	 0.27 	 0.33
126248 	 105156 	 0.28 	 0.33
102995 	 117976 	 0.24 	 0.36
102995 	 113290 	 0.23 	 0.36
102995 	 101673 	 0.22 	 0.36
102995 	 107489 	 0.30 	 0.36
120346 	 100909 	 0.24 	 0.36
120346 	 117951 	 0.25 	 0.36
120346 	 105970 	 0.25 	 0.36
120346 	 104295 	 0.29 	 0.36
120346 	 103133 	 0.22 	 0.36
120346 	 101749 	 0.27 	 0.36
120346 	 115220 	 0.26 	 0.36
120346 	 106697 	 0.29 	 0.36
118432 	  96511 	 0.27 	 0.33
118432 	  39079 	 0.21 	 0.33
118432 	 130665 	 0.26 	 0.33
118432 	 106302 	 0.24 	 0.33
118432 	 110571 	 0.21 	 0.33
118432 	  70752 	 0.28 	 0.33
118432 	  92865 	 0.23 	 0.33
118432 	 108185 	 0.21 	 0.33
118432 	 127451 	 0.22 	 0.33
118432 	 128492 	 0.28 	 0.33
118432 	  68681 	 0.21 	 0.33
118432 	  97207 	 0.25 	 0.33
118432 	  96012 	 0.27 	 0.33
118432 	 122600 	 0.29 	 0.33
118432 	  95781 	 0.21 	 0.33
118432 	 116898 	 0.27 	 0.33
118432 	 105156 	 0.22 	 0.33
118432 	  95409 	 0.22 	 0.33
  2267 	   2986 	 0.29 	 0.36
  2267 	  91848 	 0.29 	 0.36
  2267 	  28241 	 0.22 	 0.36
  2267 	  82246 	 0.23 	 0.30
  2267 	  90147 	 0.26 	 0.36
  2267 	  67362 	 0.26 	 0.36
  2267 	  58481 	 0.24 	 0.36
  2267 	  94785 	 0.22 	 0.36
  2267 	 116522 	 0.21 	 0.36
  2267 	  85142 	 0.25 	 0.36
  2267 	  37464 	 0.23 	 0.36
  2267 	   2996 	 0.23 	 0.36
  2267 	  90137 	 0.26 	 0.36
  2267 	  65782 	 0.22 	 0.36
   514 	  82246 	 0.20 	 0.30
   514 	 114535 	 0.27 	 0.36
   514 	  58481 	 0.26 	 0.36
   514 	  94785 	 0.22 	 0.36
   514 	   2267 	 0.30 	 0.36
115465 	 118052 	 0.23 	 0.30
115465 	 100225 	 0.26 	 0.30
115465 	 116522 	 0.23 	 0.30
115465 	 118768 	 0.21 	 0.30
115465 	 101673 	 0.23 	 0.30
115465 	  93866 	 0.24 	 0.30
115465 	 106697 	 0.24 	 0.30
115465 	 102995 	 0.24 	 0.30
115465 	 120346 	 0.23 	 0.30
107890 	  52768 	 0.22 	 0.36
107890 	 107934 	 0.20 	 0.36
107890 	   3715 	 0.21 	 0.36
107890 	    514 	 0.23 	 0.36
 95350 	 119680 	 0.24 	 0.33
 95350 	 106302 	 0.21 	 0.33
 95350 	 122022 	 0.26 	 0.33
 95350 	  88333 	 0.22 	 0.33
 95350 	 127451 	 0.22 	 0.33
 95350 	  68681 	 0.23 	 0.33
 95350 	  97207 	 0.21 	 0.33
 95350 	 119112 	 0.25 	 0.33
 95350 	 121308 	 0.21 	 0.33
 95350 	 118432 	 0.23 	 0.33
101486 	  68681 	 0.24 	 0.33
109399 	 106697 	 0.24 	 0.36
109399 	 102995 	 0.22 	 0.36
109399 	 115465 	 0.27 	 0.30
 86335 	  90147 	 0.26 	 0.36
 86335 	  90137 	 0.26 	 0.36
 61797 	  90147 	 0.29 	 0.36
 61797 	  90137 	 0.29 	 0.36
 95513 	  91563 	 0.23 	 0.33
 95513 	 130780 	 0.27 	 0.33
 95513 	  92865 	 0.24 	 0.33
 95513 	  85890 	 0.21 	 0.33
 95513 	  73957 	 0.25 	 0.33
 94015 	  92753 	 0.21 	 0.33
 94015 	  94927 	 0.22 	 0.33
 94015 	  96511 	 0.23 	 0.33
 94015 	 117891 	 0.23 	 0.33
 94015 	  91563 	 0.29 	 0.33
 94015 	 130665 	 0.20 	 0.33
 94015 	  15511 	 0.23 	 0.33
 94015 	 110571 	 0.20 	 0.33
 94015 	 109693 	 0.21 	 0.33
 94015 	  70752 	 0.23 	 0.33
 94015 	   8980 	 0.20 	 0.33
 94015 	  93171 	 0.21 	 0.33
 94015 	 110268 	 0.22 	 0.33
 94015 	  91926 	 0.21 	 0.33
 94015 	 108185 	 0.28 	 0.33
 94015 	 129434 	 0.21 	 0.33
 94015 	 128492 	 0.22 	 0.33
 94015 	  73957 	 0.22 	 0.33
 94015 	 128974 	 0.21 	 0.33
 94015 	  99159 	 0.23 	 0.33
 94015 	 122945 	 0.21 	 0.33
 94015 	   2251 	 0.23 	 0.33
 94015 	 122600 	 0.23 	 0.33
 94015 	 116898 	 0.23 	 0.33
 94015 	 105156 	 0.24 	 0.33
 94015 	  95409 	 0.20 	 0.33
 94015 	 119685 	 0.22 	 0.33
 94015 	 126248 	 0.24 	 0.33
 94015 	 118432 	 0.22 	 0.33
117213 	  39079 	 0.26 	 0.33
117213 	  15511 	 0.23 	 0.33
117213 	 109693 	 0.29 	 0.33
117213 	   8980 	 0.22 	 0.33
117213 	 130780 	 0.26 	 0.33
117213 	  93171 	 0.20 	 0.33
117213 	  91926 	 0.23 	 0.33
117213 	 108185 	 0.22 	 0.33
117213 	  85972 	 0.22 	 0.33
117213 	 109370 	 0.27 	 0.33
117213 	 128974 	 0.22 	 0.33
117213 	 101365 	 0.23 	 0.33
117213 	 114259 	 0.24 	 0.33
117213 	   2251 	 0.23 	 0.33
117213 	   1531 	 0.21 	 0.33
117213 	  52786 	 0.25 	 0.33
117213 	 116898 	 0.24 	 0.33
117213 	 119685 	 0.23 	 0.33
117213 	 121308 	 0.22 	 0.33
117213 	  95513 	 0.21 	 0.33
117213 	  94015 	 0.25 	 0.33
 94005 	   2986 	 0.23 	 0.36
 94005 	  28241 	 0.20 	 0.36
 94005 	  94332 	 0.25 	 0.36
 94005 	 111407 	 0.22 	 0.36
 94005 	  94785 	 0.21 	 0.36
 94005 	  85142 	 0.25 	 0.36
 94005 	  37464 	 0.22 	 0.36
 94005 	  65782 	 0.23 	 0.36
 94005 	  51767 	 0.21 	 0.38
 94005 	   3715 	 0.28 	 0.36
 94005 	    514 	 0.25 	 0.36
123976 	   5103 	 0.22 	 0.36
 65978 	  94332 	 0.26 	 0.33
 65978 	 102503 	 0.22 	 0.36
 65978 	  69633 	 0.24 	 0.36
 65978 	  65782 	 0.25 	 0.33
 65978 	  28201 	 0.21 	 0.36
 65978 	   3715 	 0.21 	 0.33
129747 	  83275 	 0.25 	 0.36
117950 	  94908 	 0.28 	 0.36
117950 	 102078 	 0.29 	 0.36
117950 	 104295 	 0.20 	 0.36
117950 	 122251 	 0.25 	 0.36
117950 	 103133 	 0.30 	 0.36
117950 	 103677 	 0.27 	 0.36
109086 	  92753 	 0.21 	 0.33
109086 	  39079 	 0.21 	 0.33
109086 	 108185 	 0.28 	 0.33
109086 	 120065 	 0.27 	 0.33
109086 	 105156 	 0.22 	 0.33
109086 	 117213 	 0.20 	 0.33
 76438 	  96113 	 0.21 	 0.36
 76438 	  44074 	 0.26 	 0.36
 76438 	 105733 	 0.20 	 0.36
 76438 	 103296 	 0.25 	 0.36
 76438 	  51767 	 0.24 	 0.38
122891 	 126869 	 0.25 	 0.36
122891 	 129131 	 0.30 	 0.30
122891 	 105455 	 0.22 	 0.36
122891 	 127855 	 0.27 	 0.36
122891 	 126216 	 0.28 	 0.32
122891 	  43129 	 0.27 	 0.36
122891 	  92527 	 0.23 	 0.36
122891 	 116898 	 0.23 	 0.32
 79171 	 117976 	 0.24 	 0.36
124881 	  85972 	 0.20 	 0.33
105523 	  59539 	 0.23 	 0.36
105523 	  66221 	 0.22 	 0.36
105523 	   3715 	 0.20 	 0.36
129421 	 119680 	 0.27 	 0.33
129421 	  39079 	 0.24 	 0.33
129421 	  91563 	 0.21 	 0.33
129421 	 109693 	 0.22 	 0.33
129421 	 122022 	 0.23 	 0.33
129421 	  88333 	 0.25 	 0.33
129421 	   8980 	 0.26 	 0.33
129421 	 131018 	 0.26 	 0.33
129421 	 110268 	 0.23 	 0.33
129421 	  91926 	 0.24 	 0.33
129421 	  92865 	 0.21 	 0.33
129421 	 108185 	 0.21 	 0.33
129421 	  85972 	 0.22 	 0.33
129421 	  68681 	 0.21 	 0.33
129421 	 109370 	 0.28 	 0.33
129421 	  91880 	 0.22 	 0.33
129421 	  96012 	 0.24 	 0.33
129421 	 128974 	 0.23 	 0.33
129421 	 101365 	 0.29 	 0.33
129421 	 119112 	 0.27 	 0.33
129421 	   2251 	 0.27 	 0.33
129421 	 116898 	 0.20 	 0.33
129421 	 105156 	 0.23 	 0.33
129421 	 119685 	 0.26 	 0.33
129421 	 118432 	 0.27 	 0.33
129421 	  95350 	 0.24 	 0.33
129421 	  94015 	 0.21 	 0.33
113610 	  88333 	 0.25 	 0.33
113610 	  70752 	 0.27 	 0.33
113610 	 108185 	 0.20 	 0.33
113610 	  73957 	 0.30 	 0.33
113610 	 116898 	 0.30 	 0.33
113610 	 118432 	 0.23 	 0.33
113610 	  94015 	 0.22 	 0.33
103091 	 110571 	 0.29 	 0.33
103091 	  88333 	 0.23 	 0.33
103091 	 130780 	 0.25 	 0.33
103091 	  92865 	 0.23 	 0.33
103091 	 108185 	 0.23 	 0.33
103091 	 128492 	 0.29 	 0.33
103091 	  73957 	 0.22 	 0.33
103091 	 122600 	 0.27 	 0.33
103091 	 116898 	 0.22 	 0.33
103091 	  74885 	 0.29 	 0.33
103091 	  95409 	 0.25 	 0.33
103091 	  69513 	 0.22 	 0.33
103091 	  95513 	 0.24 	 0.33
 67993 	   2622 	 0.27 	 0.31
 67993 	  52224 	 0.25 	 0.31
 98991 	 100617 	 0.23 	 0.36
 98991 	 129131 	 0.24 	 0.36
 98991 	  62268 	 0.21 	 0.36
 98991 	  51767 	 0.20 	 0.31
110898 	 113290 	 0.27 	 0.36
110898 	  83275 	 0.23 	 0.36
 93696 	  92014 	 0.29 	 0.36
 93696 	   5543 	 0.22 	 0.32
 93696 	  15511 	 0.21 	 0.32
 93696 	  94264 	 0.25 	 0.36
 93696 	 130986 	 0.20 	 0.36
 93696 	 109086 	 0.25 	 0.32
 58883 	  85890 	 0.22 	 0.33
 58883 	  68681 	 0.21 	 0.33
 58883 	  73957 	 0.25 	 0.33
 58883 	 119112 	 0.21 	 0.33
110974 	 113290 	 0.27 	 0.36
110974 	  83275 	 0.22 	 0.36
123022 	  31490 	 0.30 	 0.34
123022 	 111297 	 0.22 	 0.31
100744 	 114621 	 0.20 	 0.36
100744 	  91848 	 0.21 	 0.36
100744 	  92250 	 0.24 	 0.36
100744 	  96113 	 0.27 	 0.36
100744 	 120998 	 0.20 	 0.36
118234 	  94908 	 0.27 	 0.36
118234 	 122251 	 0.28 	 0.36
118234 	 103133 	 0.28 	 0.36
118234 	 103677 	 0.25 	 0.36
122171 	  59539 	 0.21 	 0.36
122171 	  52768 	 0.25 	 0.36
122171 	 117951 	 0.21 	 0.36
122171 	 119111 	 0.20 	 0.36
122171 	 118768 	 0.23 	 0.36
122171 	   3715 	 0.22 	 0.36
115883 	 111297 	 0.23 	 0.31
103973 	 129131 	 0.27 	 0.36
103973 	 100782 	 0.23 	 0.31
103973 	  51767 	 0.22 	 0.31
111227 	   3715 	 0.23 	 0.36
121157 	  94927 	 0.30 	 0.33
121157 	 130665 	 0.27 	 0.33
121157 	 110571 	 0.26 	 0.33
121157 	 109693 	 0.28 	 0.33
121157 	 122022 	 0.24 	 0.33
121157 	  70752 	 0.26 	 0.33
121157 	   8980 	 0.28 	 0.33
121157 	 110268 	 0.24 	 0.33
121157 	  91926 	 0.24 	 0.33
121157 	  85972 	 0.22 	 0.33
121157 	  73957 	 0.21 	 0.33
121157 	 128974 	 0.24 	 0.33
121157 	  99159 	 0.24 	 0.33
121157 	 122945 	 0.29 	 0.33
121157 	 122600 	 0.28 	 0.33
121157 	 105156 	 0.25 	 0.33
121157 	 119685 	 0.28 	 0.33
121157 	  69513 	 0.24 	 0.33
121157 	 126248 	 0.26 	 0.33
121157 	 129421 	 0.22 	 0.33
121157 	 113610 	 0.25 	 0.33
 31394 	  91880 	 0.21 	 0.33
 31394 	   2251 	 0.20 	 0.33
 81503 	  48486 	 0.25 	 0.36
116540 	  94908 	 0.21 	 0.36
116540 	  91848 	 0.25 	 0.36
116540 	 124080 	 0.22 	 0.36
116540 	   8179 	 0.22 	 0.36
116540 	 103677 	 0.23 	 0.36
116540 	 118234 	 0.21 	 0.36
123045 	 127242 	 0.30 	 0.31
123045 	 127855 	 0.21 	 0.31
123045 	   4363 	 0.24 	 0.31
123045 	 130986 	 0.24 	 0.31
123045 	 128762 	 0.30 	 0.31
123045 	  43129 	 0.29 	 0.31
123045 	   2524 	 0.25 	 0.31
123045 	 103973 	 0.21 	 0.31
  2268 	  91848 	 0.24 	 0.36
  2268 	  28241 	 0.22 	 0.36
  2268 	  82246 	 0.23 	 0.30
  2268 	  94332 	 0.26 	 0.36
  2268 	  94785 	 0.23 	 0.36
  2268 	  85142 	 0.23 	 0.36
  2268 	  37464 	 0.23 	 0.36
  2268 	  65782 	 0.24 	 0.36
  2268 	  51767 	 0.21 	 0.38
  2268 	   3715 	 0.26 	 0.36
  2268 	 107890 	 0.20 	 0.36
  2268 	 111227 	 0.23 	 0.36
  2268 	 116540 	 0.22 	 0.36
  7303 	 127102 	 0.20 	 0.35
  7303 	 130983 	 0.20 	 0.35
  7303 	  95442 	 0.23 	 0.35
  7303 	 127855 	 0.25 	 0.35
  7303 	  67846 	 0.21 	 0.35
  7303 	 100782 	 0.22 	 0.35
  7303 	 128762 	 0.21 	 0.35
  7303 	   2524 	 0.29 	 0.35
  7303 	 103973 	 0.22 	 0.35
  7303 	 123045 	 0.24 	 0.35
 92509 	  94908 	 0.23 	 0.36
 92509 	  59539 	 0.21 	 0.36
 92509 	  52768 	 0.26 	 0.36
 92509 	  92250 	 0.23 	 0.36
 92509 	 102078 	 0.21 	 0.36
 92509 	 100909 	 0.21 	 0.36
 92509 	 117951 	 0.23 	 0.36
 92509 	 105970 	 0.27 	 0.36
 92509 	 101544 	 0.23 	 0.36
 92509 	 104295 	 0.24 	 0.36
 92509 	 124080 	 0.25 	 0.36
 92509 	 101749 	 0.24 	 0.36
 92509 	 103677 	 0.23 	 0.36
 92509 	 115220 	 0.23 	 0.36
 92509 	 117950 	 0.22 	 0.36
 92509 	 118234 	 0.23 	 0.36
 75661 	  52894 	 0.27 	 0.32
 66563 	  82246 	 0.20 	 0.30
 66563 	  96113 	 0.20 	 0.36
 66563 	 111407 	 0.21 	 0.36
 66563 	  94785 	 0.25 	 0.36
 66563 	  37464 	 0.20 	 0.36
 66563 	  65782 	 0.21 	 0.36
 66563 	 100142 	 0.21 	 0.36
 66563 	  51767 	 0.22 	 0.38
 66563 	   3715 	 0.26 	 0.36
 66563 	    514 	 0.26 	 0.36
 62878 	  27623 	 0.22 	 0.36
100172 	 119112 	 0.25 	 0.33
108160 	  97838 	 0.28 	 0.36
108160 	 129131 	 0.25 	 0.36
108160 	 126721 	 0.23 	 0.36
108160 	 129960 	 0.24 	 0.36
108160 	  62268 	 0.23 	 0.36
108160 	  51767 	 0.24 	 0.31
108160 	 122891 	 0.29 	 0.36
108160 	 123045 	 0.26 	 0.31
 77586 	 119680 	 0.27 	 0.33
 77586 	 106302 	 0.24 	 0.33
 77586 	 122022 	 0.30 	 0.33
 77586 	  88333 	 0.22 	 0.33
 77586 	 127451 	 0.23 	 0.33
 77586 	  68681 	 0.22 	 0.33
 77586 	  97207 	 0.27 	 0.33
 77586 	 119112 	 0.25 	 0.33
 77586 	  95781 	 0.23 	 0.33
 77586 	 105156 	 0.20 	 0.33
 77586 	 118432 	 0.20 	 0.33
 77586 	 129421 	 0.24 	 0.33
128300 	  76155 	 0.25 	 0.36
128300 	 113290 	 0.28 	 0.36
128300 	 105970 	 0.24 	 0.36
128300 	 107458 	 0.25 	 0.36
128300 	 101673 	 0.27 	 0.36
128300 	 108174 	 0.21 	 0.36
128300 	  83275 	 0.25 	 0.36
128300 	 116540 	 0.23 	 0.36
101850 	 117081 	 0.24 	 0.36
101850 	 116522 	 0.24 	 0.36
101850 	 107489 	 0.23 	 0.36
101850 	 115465 	 0.27 	 0.30
 50309 	 121157 	 0.20 	 0.36
 91740 	  80370 	 0.23 	 0.33
 91740 	 109693 	 0.25 	 0.33
 91740 	 110268 	 0.30 	 0.33
 91740 	 108185 	 0.24 	 0.33
 91740 	  85972 	 0.24 	 0.33
 91740 	 109370 	 0.29 	 0.33
 91740 	  91880 	 0.22 	 0.33
 91740 	 101365 	 0.26 	 0.33
 91740 	  96900 	 0.24 	 0.33
 91740 	 119685 	 0.28 	 0.33
 91740 	  69513 	 0.21 	 0.33
 91740 	 129421 	 0.21 	 0.33
 59944 	  69513 	 0.25 	 0.33
 59944 	  58883 	 0.21 	 0.33
 80885 	  91880 	 0.21 	 0.33
 70788 	  94332 	 0.27 	 0.30
 70788 	  65782 	 0.22 	 0.30
103733 	  95603 	 0.29 	 0.36
 74664 	  96113 	 0.20 	 0.36
 74664 	  44074 	 0.26 	 0.36
 74664 	 105733 	 0.20 	 0.36
 74664 	 103296 	 0.25 	 0.36
 74664 	  51767 	 0.24 	 0.38
106244 	  88333 	 0.28 	 0.33
106244 	  92865 	 0.21 	 0.33
106244 	 127451 	 0.28 	 0.33
106244 	 109370 	 0.20 	 0.33
106244 	  97207 	 0.27 	 0.33
106244 	 119112 	 0.24 	 0.33
106244 	 105156 	 0.22 	 0.33
106244 	 118432 	 0.20 	 0.33
106244 	  77586 	 0.23 	 0.33
108765 	 102078 	 0.29 	 0.36
108765 	 117951 	 0.30 	 0.36
108765 	 105970 	 0.22 	 0.36
108765 	 119111 	 0.27 	 0.36
108765 	 122251 	 0.22 	 0.36
108765 	   5103 	 0.23 	 0.36
108765 	 107458 	 0.24 	 0.36
108765 	 101673 	 0.20 	 0.36
108765 	 108174 	 0.20 	 0.36
108765 	 120346 	 0.23 	 0.36
108765 	 117950 	 0.26 	 0.36
108765 	 118234 	 0.28 	 0.36
119270 	  92753 	 0.22 	 0.33
119270 	  15511 	 0.22 	 0.33
119270 	   8980 	 0.21 	 0.33
119270 	 108185 	 0.24 	 0.33
119270 	  70646 	 0.28 	 0.33
119270 	 109370 	 0.22 	 0.33
119270 	 120065 	 0.25 	 0.33
119270 	 101365 	 0.24 	 0.33
119270 	 122945 	 0.24 	 0.33
119270 	  96900 	 0.27 	 0.33
119270 	 114259 	 0.23 	 0.33
119270 	   2251 	 0.21 	 0.33
119270 	 116898 	 0.22 	 0.33
119270 	  94015 	 0.26 	 0.33
126646 	  88333 	 0.27 	 0.33
126646 	 108185 	 0.23 	 0.33
126646 	  73957 	 0.29 	 0.33
126646 	 116898 	 0.22 	 0.33
126646 	 105156 	 0.22 	 0.33
126646 	  94015 	 0.21 	 0.33
108254 	  39337 	 0.20 	 0.36
108254 	 117081 	 0.26 	 0.36
108254 	 117951 	 0.24 	 0.36
108254 	 118768 	 0.26 	 0.36
103038 	 113290 	 0.23 	 0.36
126048 	  68681 	 0.20 	 0.33
 99548 	 119680 	 0.21 	 0.33
 99548 	  39079 	 0.24 	 0.33
 99548 	 122022 	 0.27 	 0.33
 99548 	 127451 	 0.28 	 0.33
 99548 	  68681 	 0.23 	 0.33
 99548 	  97207 	 0.23 	 0.33
 99548 	  91880 	 0.21 	 0.33
 99548 	 119112 	 0.23 	 0.33
 99548 	  95350 	 0.28 	 0.33
 99548 	 129421 	 0.25 	 0.33
 86131 	  69026 	 0.28 	 0.33
 86131 	  75641 	 0.23 	 0.39
 86131 	  65887 	 0.27 	 0.30
  7854 	   2986 	 0.25 	 0.36
  7854 	  91848 	 0.22 	 0.36
  7854 	  94332 	 0.23 	 0.36
  7854 	 111407 	 0.21 	 0.36
  7854 	  94785 	 0.22 	 0.36
  7854 	  85142 	 0.22 	 0.36
  7854 	  65782 	 0.23 	 0.36
  7854 	  51767 	 0.23 	 0.38
  7854 	   3715 	 0.27 	 0.36
  7854 	    514 	 0.24 	 0.36
  7854 	 107890 	 0.21 	 0.36
  7854 	 122171 	 0.21 	 0.36
  7854 	 111227 	 0.21 	 0.36
  7854 	 116540 	 0.22 	 0.36
126574 	  92865 	 0.21 	 0.33
126574 	 127451 	 0.22 	 0.33
126574 	  68681 	 0.20 	 0.33
126574 	  97207 	 0.21 	 0.33
126574 	 119112 	 0.20 	 0.33
126574 	 105156 	 0.22 	 0.33
126574 	 118432 	 0.27 	 0.33
126574 	  95350 	 0.23 	 0.33
126574 	 129421 	 0.21 	 0.33
126574 	  99548 	 0.25 	 0.33
 66058 	 109693 	 0.22 	 0.33
 66058 	   8980 	 0.23 	 0.33
 66058 	  91637 	 0.29 	 0.37
 66058 	 128974 	 0.21 	 0.33
 66058 	 101365 	 0.28 	 0.33
 66058 	 122945 	 0.29 	 0.33
 66058 	 119685 	 0.21 	 0.33
 66058 	 121157 	 0.22 	 0.33
 66058 	  91740 	 0.22 	 0.33
127707 	  88333 	 0.25 	 0.33
127707 	  70752 	 0.29 	 0.33
127707 	 108185 	 0.22 	 0.33
127707 	  73957 	 0.29 	 0.33
127707 	 105156 	 0.28 	 0.33
127707 	  94015 	 0.22 	 0.33
127707 	 121157 	 0.25 	 0.33
 94837 	   2986 	 0.25 	 0.36
 94837 	  58481 	 0.27 	 0.36
 94837 	  52250 	 0.24 	 0.32
124069 	  85890 	 0.22 	 0.33
124069 	 119112 	 0.27 	 0.33
119890 	  91848 	 0.25 	 0.36
119890 	  92250 	 0.22 	 0.36
119890 	 107458 	 0.28 	 0.36
119890 	 100142 	 0.27 	 0.36
119890 	   2267 	 0.20 	 0.36
119890 	 100744 	 0.26 	 0.36
 41611 	  59539 	 0.29 	 0.36
 41611 	  96113 	 0.21 	 0.36
 41611 	  44074 	 0.25 	 0.36
 41611 	 103296 	 0.22 	 0.36
 41611 	  51767 	 0.24 	 0.38
127382 	  96511 	 0.29 	 0.33
127382 	 130665 	 0.26 	 0.33
127382 	 110571 	 0.25 	 0.33
127382 	  88333 	 0.24 	 0.33
127382 	  70752 	 0.21 	 0.33
127382 	 108185 	 0.21 	 0.33
127382 	  99159 	 0.26 	 0.33
127382 	 122600 	 0.27 	 0.33
127382 	 116898 	 0.21 	 0.33
127382 	 126248 	 0.29 	 0.33
127382 	 118432 	 0.21 	 0.33
127382 	  94015 	 0.20 	 0.33
127382 	 113610 	 0.29 	 0.33
127382 	 103091 	 0.27 	 0.33
127382 	 121157 	 0.23 	 0.33
127382 	 127707 	 0.26 	 0.33
103084 	 118052 	 0.29 	 0.36
103084 	 117976 	 0.29 	 0.36
103084 	 113290 	 0.24 	 0.36
103084 	 118768 	 0.27 	 0.36
103084 	 101673 	 0.21 	 0.36
103084 	  93866 	 0.24 	 0.36
103084 	 107489 	 0.28 	 0.36
103084 	 120346 	 0.25 	 0.36
103084 	 115465 	 0.28 	 0.30
103084 	 109399 	 0.22 	 0.36
130419 	  91563 	 0.30 	 0.32
130419 	  97838 	 0.22 	 0.30
130419 	 129131 	 0.23 	 0.30
130419 	  95442 	 0.22 	 0.36
130419 	  70646 	 0.29 	 0.32
130419 	  53106 	 0.21 	 0.36
130419 	 122945 	 0.23 	 0.32
130419 	  62268 	 0.29 	 0.30
130419 	 122891 	 0.27 	 0.30
130419 	 108160 	 0.24 	 0.36
 68575 	  80370 	 0.20 	 0.33
 68575 	  15511 	 0.23 	 0.33
 68575 	 122022 	 0.28 	 0.33
 68575 	   8980 	 0.29 	 0.33
 68575 	 110268 	 0.26 	 0.33
 68575 	  91926 	 0.26 	 0.33
 68575 	  70646 	 0.20 	 0.33
 68575 	  85972 	 0.27 	 0.33
 68575 	 109370 	 0.24 	 0.33
 68575 	 101365 	 0.26 	 0.33
 68575 	 122945 	 0.27 	 0.33
 68575 	   2251 	 0.23 	 0.33
 68575 	   1531 	 0.23 	 0.33
 68575 	  69513 	 0.21 	 0.33
 68575 	  94015 	 0.20 	 0.33
 68575 	 117213 	 0.22 	 0.33
 68575 	 122891 	 0.29 	 0.32
 68575 	 129421 	 0.25 	 0.33
 68575 	 121157 	 0.26 	 0.33
 68575 	 119270 	 0.20 	 0.33
 68575 	  66058 	 0.23 	 0.33
117924 	  65408 	 0.24 	 0.36
117924 	 100909 	 0.29 	 0.36
117924 	 103133 	 0.29 	 0.36
117924 	 118234 	 0.28 	 0.36
117924 	 108765 	 0.29 	 0.36
 62617 	  59539 	 0.29 	 0.36
 62617 	  96113 	 0.20 	 0.36
 62617 	  44074 	 0.25 	 0.36
 62617 	 103296 	 0.23 	 0.36
 62617 	  51767 	 0.23 	 0.38
128707 	  39079 	 0.20 	 0.33
128707 	  85890 	 0.20 	 0.33
128707 	 117213 	 0.23 	 0.33
 96495 	  96223 	 0.27 	 0.36
 51984 	 127102 	 0.24 	 0.31
 51984 	  97838 	 0.27 	 0.36
 51984 	 128844 	 0.23 	 0.31
 51984 	 129131 	 0.27 	 0.36
 51984 	 130983 	 0.23 	 0.31
 51984 	 126721 	 0.27 	 0.36
 51984 	 100782 	 0.24 	 0.31
 51984 	  62268 	 0.27 	 0.36
 51984 	 122891 	 0.27 	 0.36
 51984 	 123045 	 0.26 	 0.31
 51984 	 130419 	 0.26 	 0.36
105872 	 118768 	 0.23 	 0.36
105872 	 101850 	 0.28 	 0.36
105872 	 108254 	 0.22 	 0.36
101248 	  94927 	 0.26 	 0.33
101248 	  96511 	 0.26 	 0.33
101248 	 117891 	 0.30 	 0.33
101248 	  39079 	 0.22 	 0.33
101248 	  91563 	 0.23 	 0.33
101248 	 130665 	 0.26 	 0.33
101248 	 110571 	 0.23 	 0.33
101248 	  70752 	 0.24 	 0.33
101248 	 130780 	 0.25 	 0.33
101248 	  92865 	 0.21 	 0.33
101248 	 108185 	 0.21 	 0.33
101248 	 129434 	 0.28 	 0.33
101248 	 128492 	 0.28 	 0.33
101248 	  73957 	 0.23 	 0.33
101248 	  99159 	 0.29 	 0.33
101248 	 122600 	 0.28 	 0.33
101248 	  74885 	 0.24 	 0.33
101248 	  95409 	 0.24 	 0.33
101248 	 126248 	 0.23 	 0.33
101248 	 118432 	 0.26 	 0.33
101248 	  95513 	 0.24 	 0.33
101248 	  94015 	 0.21 	 0.33
101248 	 117213 	 0.26 	 0.33
101248 	 113610 	 0.24 	 0.33
101248 	  58883 	 0.21 	 0.33
101248 	 126646 	 0.29 	 0.33
101248 	 127707 	 0.28 	 0.33
101248 	 127382 	 0.20 	 0.33
101248 	 128707 	 0.23 	 0.33
124765 	 118052 	 0.30 	 0.36
124765 	 117976 	 0.22 	 0.36
124765 	   5103 	 0.23 	 0.36
124765 	 101673 	 0.21 	 0.36
124765 	 107489 	 0.28 	 0.36
124765 	 120346 	 0.29 	 0.36
124765 	 115465 	 0.24 	 0.30
124765 	 109399 	 0.23 	 0.36
 97187 	 129131 	 0.29 	 0.36
 97187 	  93950 	 0.26 	 0.31
 76123 	  94908 	 0.23 	 0.30
 76123 	  94927 	 0.26 	 0.38
 76123 	 117891 	 0.25 	 0.38
 76123 	 127242 	 0.21 	 0.30
 76123 	  70752 	 0.24 	 0.38
 76123 	 127649 	 0.22 	 0.30
 76123 	 102078 	 0.23 	 0.30
 76123 	  99477 	 0.22 	 0.30
 76123 	 105970 	 0.29 	 0.30
 76123 	 129434 	 0.28 	 0.38
 76123 	 104295 	 0.21 	 0.30
 76123 	 128492 	 0.22 	 0.38
 76123 	 124080 	 0.22 	 0.30
 76123 	  99455 	 0.26 	 0.30
 76123 	 102481 	 0.21 	 0.30
 76123 	 101749 	 0.20 	 0.30
 76123 	 103677 	 0.22 	 0.30
 76123 	 122600 	 0.25 	 0.38
 76123 	 126248 	 0.21 	 0.38
 76123 	 120346 	 0.28 	 0.30
 76123 	 117950 	 0.21 	 0.30
 76123 	 103091 	 0.20 	 0.38
 76123 	 118234 	 0.23 	 0.30
 76123 	  92509 	 0.24 	 0.30
 76123 	 126646 	 0.28 	 0.38
102704 	  65978 	 0.20 	 0.36
131601 	  94908 	 0.21 	 0.36
131601 	 102078 	 0.25 	 0.36
131601 	 100909 	 0.21 	 0.36
131601 	 104295 	 0.21 	 0.36
131601 	   2911 	 0.29 	 0.36
131601 	 101749 	 0.21 	 0.36
131601 	 108174 	 0.20 	 0.36
131601 	 103677 	 0.20 	 0.36
131601 	  92509 	 0.20 	 0.36
111569 	  50275 	 0.21 	 0.36
111569 	 117951 	 0.22 	 0.36
111569 	 105970 	 0.28 	 0.36
111569 	 119111 	 0.28 	 0.36
111569 	 101544 	 0.24 	 0.36
111569 	 122251 	 0.24 	 0.36
111569 	   5103 	 0.23 	 0.36
111569 	 107458 	 0.27 	 0.36
111569 	 101673 	 0.21 	 0.36
111569 	 108174 	 0.21 	 0.36
111569 	  27623 	 0.23 	 0.36
111569 	 119717 	 0.28 	 0.36
111569 	 120346 	 0.22 	 0.36
111569 	  95790 	 0.28 	 0.36
111569 	  92509 	 0.21 	 0.36
111569 	 117924 	 0.25 	 0.36
101342 	  99902 	 0.24 	 0.36
101342 	  93950 	 0.26 	 0.31
 68241 	  91740 	 0.21 	 0.30
124365 	  91563 	 0.23 	 0.33
124365 	  80370 	 0.21 	 0.33
124365 	  15511 	 0.28 	 0.33
124365 	 109693 	 0.29 	 0.33
124365 	 110268 	 0.29 	 0.33
124365 	  85972 	 0.25 	 0.33
124365 	 109370 	 0.26 	 0.33
124365 	  96900 	 0.22 	 0.33
124365 	 114259 	 0.23 	 0.33
124365 	   2251 	 0.22 	 0.33
124365 	   1531 	 0.21 	 0.33
124365 	 116898 	 0.20 	 0.33
124365 	  69513 	 0.28 	 0.33
124365 	  94015 	 0.21 	 0.33
124365 	 117213 	 0.22 	 0.33
124365 	 129421 	 0.29 	 0.33
124365 	  50309 	 0.23 	 0.36
124365 	 119270 	 0.26 	 0.33
124365 	  66058 	 0.23 	 0.33
124365 	  68575 	 0.22 	 0.33
113690 	 119112 	 0.25 	 0.33
 94367 	 119680 	 0.25 	 0.33
 94367 	  39079 	 0.21 	 0.33
 94367 	  91563 	 0.22 	 0.33
 94367 	 106302 	 0.26 	 0.33
 94367 	 122022 	 0.27 	 0.33
 94367 	  88333 	 0.20 	 0.33
 94367 	 130780 	 0.26 	 0.33
 94367 	 127451 	 0.23 	 0.33
 94367 	  85890 	 0.23 	 0.33
 94367 	  68681 	 0.23 	 0.33
 94367 	 109370 	 0.24 	 0.33
 94367 	  97207 	 0.23 	 0.33
 94367 	  96012 	 0.21 	 0.33
 94367 	  73957 	 0.29 	 0.33
 94367 	 119112 	 0.27 	 0.33
 94367 	  95781 	 0.21 	 0.33
 94367 	 121308 	 0.21 	 0.33
 94367 	 118432 	 0.22 	 0.33
 94367 	  95513 	 0.25 	 0.33
 94367 	 117213 	 0.26 	 0.33
 94367 	 129421 	 0.27 	 0.33
 94367 	  58883 	 0.23 	 0.33
 94367 	  77586 	 0.25 	 0.33
 94367 	 106244 	 0.23 	 0.33
 94367 	  99548 	 0.25 	 0.33
 94367 	 126574 	 0.22 	 0.33
 94367 	 128707 	 0.24 	 0.33
108883 	  95573 	 0.28 	 0.36
108883 	  95603 	 0.27 	 0.36
108883 	 119717 	 0.28 	 0.36
108883 	  95790 	 0.27 	 0.36
123702 	  91563 	 0.25 	 0.33
123702 	  80370 	 0.27 	 0.33
123702 	  15511 	 0.24 	 0.33
123702 	   8980 	 0.21 	 0.33
123702 	  91926 	 0.22 	 0.33
123702 	 108185 	 0.20 	 0.33
123702 	  85972 	 0.24 	 0.33
123702 	 109370 	 0.22 	 0.33
123702 	  91880 	 0.26 	 0.33
123702 	  96900 	 0.26 	 0.33
123702 	 114259 	 0.21 	 0.33
123702 	   2251 	 0.22 	 0.33
123702 	 116898 	 0.25 	 0.33
123702 	 117213 	 0.21 	 0.33
123702 	 129421 	 0.28 	 0.33
123702 	  91740 	 0.30 	 0.33
123702 	  66058 	 0.27 	 0.33
123702 	  68575 	 0.22 	 0.33
126225 	 114535 	 0.20 	 0.36
126225 	 105970 	 0.23 	 0.36
126225 	   5103 	 0.24 	 0.36
126225 	 107458 	 0.20 	 0.36
126225 	 108273 	 0.21 	 0.36
126225 	 100142 	 0.22 	 0.36
126225 	 119717 	 0.26 	 0.36
126225 	  95790 	 0.25 	 0.36
126225 	 100744 	 0.23 	 0.36
126225 	  66563 	 0.21 	 0.36
126225 	  96495 	 0.29 	 0.36
113068 	  92753 	 0.22 	 0.33
113068 	  88141 	 0.21 	 0.33
113068 	  91563 	 0.21 	 0.33
113068 	  15511 	 0.22 	 0.33
113068 	 109693 	 0.25 	 0.33
113068 	  93171 	 0.22 	 0.33
113068 	 108185 	 0.20 	 0.33
113068 	  73957 	 0.21 	 0.33
113068 	 116898 	 0.22 	 0.33
113068 	 117213 	 0.22 	 0.33
113068 	 119270 	 0.26 	 0.33
113068 	 128707 	 0.25 	 0.33
113068 	 124365 	 0.24 	 0.33
113068 	 123702 	 0.22 	 0.33
 95748 	  39079 	 0.20 	 0.33
 95748 	 122022 	 0.21 	 0.33
 95748 	  88333 	 0.26 	 0.33
 95748 	  92865 	 0.22 	 0.33
 95748 	  68681 	 0.22 	 0.33
 95748 	 120065 	 0.20 	 0.33
 95748 	 119112 	 0.29 	 0.33
 95748 	 105156 	 0.23 	 0.33
 95748 	 118432 	 0.25 	 0.33
 95748 	  77586 	 0.26 	 0.33
 95748 	  94367 	 0.23 	 0.33
 76053 	 100617 	 0.25 	 0.36
 76053 	 129131 	 0.22 	 0.36
 76053 	  75566 	 0.21 	 0.31
 76053 	  62268 	 0.21 	 0.36
 76053 	  51767 	 0.26 	 0.31
 76053 	  93696 	 0.22 	 0.36
117793 	  76155 	 0.25 	 0.36
117793 	 113290 	 0.26 	 0.36
117793 	 105970 	 0.23 	 0.36
117793 	 122251 	 0.28 	 0.36
117793 	 107458 	 0.25 	 0.36
117793 	 101673 	 0.26 	 0.36
117793 	  83275 	 0.24 	 0.36
117793 	 120346 	 0.30 	 0.36
117793 	 116540 	 0.23 	 0.36
125108 	 101463 	 0.22 	 0.39
125108 	  97187 	 0.22 	 0.39
117490 	 129131 	 0.28 	 0.32
117490 	 126721 	 0.24 	 0.32
117490 	 129960 	 0.22 	 0.32
117490 	  65887 	 0.26 	 0.30
117490 	  62268 	 0.29 	 0.32
117344 	 127102 	 0.25 	 0.31
117344 	 128844 	 0.24 	 0.31
117344 	 130983 	 0.26 	 0.31
117344 	 127855 	 0.26 	 0.31
117344 	  43129 	 0.28 	 0.31
117344 	 103973 	 0.28 	 0.31
117344 	   7303 	 0.23 	 0.35
117344 	  51984 	 0.26 	 0.31
 97464 	 127102 	 0.24 	 0.31
 97464 	 128844 	 0.24 	 0.31
 97464 	 130983 	 0.25 	 0.31
 97464 	 127855 	 0.26 	 0.31
 97464 	  43129 	 0.27 	 0.31
 97464 	   2524 	 0.29 	 0.31
 97464 	 103973 	 0.23 	 0.31
 97464 	   7303 	 0.21 	 0.35
 97464 	  51984 	 0.24 	 0.31
 69636 	  75641 	 0.22 	 0.30
 69636 	  65978 	 0.24 	 0.36
113639 	   5103 	 0.21 	 0.36
113639 	 119717 	 0.29 	 0.36
113639 	  95790 	 0.29 	 0.36
 52076 	  90147 	 0.25 	 0.38
 52076 	  95442 	 0.23 	 0.31
 52076 	  94332 	 0.24 	 0.38
 52076 	  67846 	 0.24 	 0.31
 52076 	  53106 	 0.28 	 0.31
 52076 	  69633 	 0.26 	 0.31
 52076 	   2524 	 0.22 	 0.31
 52076 	  90137 	 0.25 	 0.38
 52076 	  65782 	 0.20 	 0.38
 52076 	   3715 	 0.20 	 0.38
 52076 	  69636 	 0.25 	 0.31
 34899 	   9595 	 0.25 	 0.36
 34899 	  77148 	 0.20 	 0.31
 34899 	 123045 	 0.21 	 0.31
 73555 	 119680 	 0.24 	 0.33
 73555 	  39079 	 0.22 	 0.33
 73555 	  91563 	 0.22 	 0.33
 73555 	 106302 	 0.21 	 0.33
 73555 	  68681 	 0.23 	 0.33
 73555 	 122945 	 0.21 	 0.33
 73555 	   2251 	 0.25 	 0.33
 73555 	 116898 	 0.26 	 0.33
 73555 	 119685 	 0.20 	 0.33
 73555 	 121308 	 0.21 	 0.33
 73555 	 118432 	 0.22 	 0.33
 73555 	  94015 	 0.23 	 0.33
 73555 	 117213 	 0.24 	 0.33
 73555 	  77586 	 0.24 	 0.33
 73555 	 119270 	 0.20 	 0.33
 73555 	  95748 	 0.20 	 0.33
 98993 	  88333 	 0.24 	 0.33
 98993 	  70752 	 0.27 	 0.33
 98993 	 108185 	 0.23 	 0.33
 98993 	 116898 	 0.29 	 0.33
 98993 	  94015 	 0.23 	 0.33
 98993 	 121157 	 0.24 	 0.33
 98993 	 127382 	 0.26 	 0.33
 98993 	 101248 	 0.29 	 0.33
129520 	  39079 	 0.27 	 0.32
129520 	 114379 	 0.24 	 0.32
129520 	  73957 	 0.24 	 0.32
129520 	 117213 	 0.27 	 0.32
 50841 	 100617 	 0.22 	 0.32
 50841 	  99902 	 0.23 	 0.32
 50841 	 129131 	 0.20 	 0.32
 91849 	 127242 	 0.22 	 0.35
 91849 	 102278 	 0.26 	 0.35
 91849 	 128762 	 0.23 	 0.35
 91849 	 101648 	 0.20 	 0.35
 91849 	 123022 	 0.25 	 0.35
 91849 	   7303 	 0.22 	 0.39
117925 	  76155 	 0.23 	 0.36
117925 	 100909 	 0.24 	 0.36
117925 	 105970 	 0.23 	 0.36
117925 	 104295 	 0.23 	 0.36
117925 	 122251 	 0.30 	 0.36
117925 	 103133 	 0.30 	 0.36
117925 	 101749 	 0.23 	 0.36
117925 	 115220 	 0.23 	 0.36
117925 	  92509 	 0.24 	 0.36
117925 	 108765 	 0.29 	 0.36
117925 	 117924 	 0.25 	 0.36
117925 	 111569 	 0.22 	 0.36
107802 	  62372 	 0.21 	 0.36
107802 	 114621 	 0.22 	 0.36
107802 	  18307 	 0.21 	 0.36
107802 	  29716 	 0.22 	 0.36
107802 	  44074 	 0.25 	 0.36
107802 	 103296 	 0.24 	 0.36
107802 	   5103 	 0.21 	 0.36
107802 	   5133 	 0.22 	 0.36
107802 	  66221 	 0.26 	 0.36
107802 	  15972 	 0.21 	 0.36
107802 	  51767 	 0.25 	 0.38
107802 	   3715 	 0.22 	 0.36
107802 	  79171 	 0.21 	 0.36
107802 	 116540 	 0.21 	 0.36
 93364 	  39079 	 0.27 	 0.32
 93364 	  15511 	 0.30 	 0.32
 93364 	 118363 	 0.22 	 0.36
 93364 	 102481 	 0.20 	 0.36
 93364 	 121308 	 0.22 	 0.32
 93364 	 123022 	 0.22 	 0.36
 93364 	 115883 	 0.27 	 0.36
 93364 	 103973 	 0.21 	 0.36
 93364 	  76053 	 0.24 	 0.36
 93364 	  73555 	 0.22 	 0.32
119808 	 103677 	 0.20 	 0.36
119808 	 119890 	 0.20 	 0.36
101626 	 113290 	 0.25 	 0.36
101626 	  83275 	 0.21 	 0.36
 31821 	  52768 	 0.24 	 0.38
 31821 	  68241 	 0.22 	 0.31
 98813 	  92250 	 0.26 	 0.36
 98813 	 119111 	 0.20 	 0.36
 98813 	 117925 	 0.23 	 0.36
 61674 	 102380 	 0.23 	 0.36
 61674 	 119680 	 0.26 	 0.33
 61674 	 106302 	 0.25 	 0.33
 61674 	  88333 	 0.23 	 0.33
 61674 	   8980 	 0.21 	 0.33
 61674 	  85890 	 0.25 	 0.33
 61674 	  68681 	 0.22 	 0.33
 61674 	 120065 	 0.20 	 0.33
 61674 	 119112 	 0.21 	 0.33
 61674 	  95781 	 0.23 	 0.33
 61674 	 121308 	 0.20 	 0.33
 61674 	  95350 	 0.24 	 0.33
 61674 	  95513 	 0.20 	 0.33
 61674 	 103091 	 0.23 	 0.33
 61674 	  77586 	 0.21 	 0.33
 61674 	 106244 	 0.24 	 0.33
 61674 	  99548 	 0.22 	 0.33
 61674 	 126574 	 0.25 	 0.33
 61674 	 101248 	 0.21 	 0.33
 61674 	  94367 	 0.23 	 0.33
 61674 	 113068 	 0.24 	 0.33
 61674 	  95748 	 0.24 	 0.33
 61674 	  73555 	 0.21 	 0.33
 61674 	 129520 	 0.26 	 0.32
121983 	  91563 	 0.21 	 0.33
121983 	  15511 	 0.20 	 0.33
121983 	 109693 	 0.26 	 0.33
121983 	  91926 	 0.23 	 0.33
121983 	 128974 	 0.21 	 0.33
121983 	 119685 	 0.24 	 0.33
121983 	 119270 	 0.20 	 0.33
121983 	 124069 	 0.20 	 0.33
121983 	 123702 	 0.21 	 0.33
 92153 	 122891 	 0.21 	 0.32
 95496 	  94908 	 0.26 	 0.36
 95496 	 103813 	 0.26 	 0.36
 95496 	 100909 	 0.22 	 0.36
 95496 	 101892 	 0.29 	 0.36
 95496 	 115173 	 0.23 	 0.36
 95496 	 104295 	 0.22 	 0.36
 95496 	 124080 	 0.23 	 0.36
 95496 	 103133 	 0.20 	 0.36
 95496 	 110588 	 0.23 	 0.36
 95496 	 101749 	 0.22 	 0.36
 95496 	 103677 	 0.24 	 0.36
 95496 	 115220 	 0.22 	 0.36
 95496 	 117884 	 0.22 	 0.36
 95496 	 106697 	 0.21 	 0.36
 95496 	 102995 	 0.20 	 0.36
 95496 	 110898 	 0.25 	 0.36
 95496 	 110974 	 0.25 	 0.36
 95496 	 128300 	 0.26 	 0.36
 95496 	 103038 	 0.22 	 0.36
 95496 	 103084 	 0.22 	 0.36
 95496 	 117793 	 0.23 	 0.36
 95496 	 101626 	 0.23 	 0.36
 92477 	  52768 	 0.20 	 0.36
 92477 	 118768 	 0.23 	 0.36
 92477 	 101850 	 0.21 	 0.36
124281 	   5103 	 0.23 	 0.36
 96106 	  66308 	 0.23 	 0.36
 96106 	  62268 	 0.27 	 0.36
 82662 	 127102 	 0.24 	 0.31
 82662 	 128844 	 0.23 	 0.31
 82662 	 130983 	 0.23 	 0.31
 82662 	 127855 	 0.26 	 0.31
 82662 	  93950 	 0.27 	 0.31
 82662 	 101463 	 0.25 	 0.31
 82662 	   2524 	 0.24 	 0.31
 82662 	 103973 	 0.23 	 0.31
 82662 	  97187 	 0.25 	 0.31
 82662 	 101342 	 0.24 	 0.31
 82662 	  91849 	 0.22 	 0.35
 64212 	  94332 	 0.22 	 0.36
 64212 	 114535 	 0.23 	 0.36
 64212 	  65863 	 0.23 	 0.36
 64212 	 105815 	 0.21 	 0.36
 64212 	   8179 	 0.22 	 0.36
 64212 	  85142 	 0.22 	 0.36
 64212 	  65782 	 0.27 	 0.36
 64212 	  94005 	 0.23 	 0.36
 64212 	   2268 	 0.24 	 0.36
 64212 	  92509 	 0.23 	 0.36
 64212 	  66563 	 0.24 	 0.36
 64212 	   7854 	 0.21 	 0.36
 64212 	 107802 	 0.20 	 0.36
 89982 	  75641 	 0.24 	 0.39
 42495 	  62372 	 0.21 	 0.36
 42495 	  18307 	 0.21 	 0.36
 42495 	  29716 	 0.22 	 0.36
 42495 	   5103 	 0.24 	 0.36
 42495 	  66221 	 0.23 	 0.36
 42495 	  15972 	 0.20 	 0.36
 42495 	  51767 	 0.22 	 0.38
 42495 	   3715 	 0.21 	 0.36
 42495 	  79171 	 0.20 	 0.36
 42495 	 122171 	 0.22 	 0.36
 42495 	 111227 	 0.20 	 0.36
116362 	  93950 	 0.25 	 0.35
116362 	 111453 	 0.23 	 0.39
105591 	 115606 	 0.20 	 0.35
105591 	 101648 	 0.24 	 0.35
128928 	  92250 	 0.21 	 0.36
128928 	 102078 	 0.23 	 0.36
128928 	 117951 	 0.24 	 0.36
128928 	 105970 	 0.23 	 0.36
128928 	 119111 	 0.21 	 0.36
128928 	 101544 	 0.30 	 0.36
128928 	 122251 	 0.20 	 0.36
128928 	 107458 	 0.21 	 0.36
128928 	 101673 	 0.21 	 0.36
128928 	 120346 	 0.22 	 0.36
128928 	 117950 	 0.29 	 0.36
128928 	 118234 	 0.29 	 0.36
128928 	 117924 	 0.22 	 0.36
128928 	  98813 	 0.22 	 0.36
128079 	 120998 	 0.26 	 0.36
128079 	 103602 	 0.27 	 0.36
122396 	 100909 	 0.26 	 0.36
122396 	 104295 	 0.28 	 0.36
122396 	 124080 	 0.27 	 0.36
122396 	 103133 	 0.26 	 0.36
122396 	 101749 	 0.28 	 0.36
122396 	 103677 	 0.30 	 0.36
122396 	 115220 	 0.26 	 0.36
122396 	 118234 	 0.25 	 0.36
122396 	 108765 	 0.27 	 0.36
122396 	 111569 	 0.24 	 0.36
122396 	  92477 	 0.23 	 0.36
122396 	 128928 	 0.20 	 0.36
118243 	 105970 	 0.22 	 0.36
118243 	 104295 	 0.20 	 0.36
118243 	 103133 	 0.27 	 0.36
118243 	 103677 	 0.29 	 0.36
118243 	 116540 	 0.22 	 0.36
118243 	  92509 	 0.24 	 0.36
118243 	 108765 	 0.28 	 0.36
118243 	 117924 	 0.30 	 0.36
118243 	  76123 	 0.21 	 0.30
118243 	  98813 	 0.21 	 0.36
118243 	 122396 	 0.29 	 0.36
112063 	  92250 	 0.24 	 0.36
112063 	 113290 	 0.26 	 0.36
112063 	 117951 	 0.22 	 0.36
112063 	 119111 	 0.30 	 0.36
112063 	 101544 	 0.27 	 0.36
112063 	 122251 	 0.24 	 0.36
112063 	 101673 	 0.24 	 0.36
112063 	 108174 	 0.21 	 0.36
112063 	 120346 	 0.28 	 0.36
112063 	 117950 	 0.23 	 0.36
112063 	  92509 	 0.22 	 0.36
112063 	  76123 	 0.21 	 0.30
112063 	 131601 	 0.21 	 0.36
112063 	 117925 	 0.23 	 0.36
112063 	  95496 	 0.23 	 0.36
112063 	 122396 	 0.26 	 0.36
112063 	 118243 	 0.20 	 0.36
100687 	  83275 	 0.24 	 0.36
114929 	 105733 	 0.22 	 0.36
123347 	 107934 	 0.26 	 0.36
123347 	 114673 	 0.21 	 0.36
 58385 	 102380 	 0.23 	 0.36
 58385 	 119680 	 0.26 	 0.33
 58385 	 106302 	 0.24 	 0.33
 58385 	  88333 	 0.24 	 0.33
 58385 	   8980 	 0.20 	 0.33
 58385 	 129131 	 0.24 	 0.32
 58385 	  92865 	 0.20 	 0.33
 58385 	  85890 	 0.26 	 0.33
 58385 	  68681 	 0.23 	 0.33
 58385 	 120065 	 0.21 	 0.33
 58385 	 119112 	 0.20 	 0.33
 58385 	  95781 	 0.22 	 0.33
 58385 	  95513 	 0.21 	 0.33
 58385 	 103091 	 0.23 	 0.33
 58385 	 106244 	 0.23 	 0.33
 58385 	  99548 	 0.22 	 0.33
 58385 	 126574 	 0.25 	 0.33
 58385 	 101248 	 0.21 	 0.33
 58385 	  94367 	 0.23 	 0.33
 58385 	 113068 	 0.25 	 0.33
 58385 	  95748 	 0.23 	 0.33
 58385 	  73555 	 0.21 	 0.33
 58385 	 129520 	 0.24 	 0.32
105144 	  91563 	 0.23 	 0.33
105144 	  15511 	 0.21 	 0.33
105144 	 109693 	 0.21 	 0.33
105144 	 122022 	 0.21 	 0.33
105144 	   2251 	 0.23 	 0.33
105144 	  52786 	 0.26 	 0.33
105144 	 121308 	 0.20 	 0.33
105144 	 117213 	 0.23 	 0.33
105144 	  94367 	 0.21 	 0.33
105144 	  93364 	 0.24 	 0.32
130531 	  96511 	 0.27 	 0.33
130531 	 117891 	 0.28 	 0.33
130531 	 130665 	 0.24 	 0.33
130531 	 110571 	 0.24 	 0.33
130531 	  88333 	 0.21 	 0.33
130531 	  70752 	 0.20 	 0.33
130531 	 108185 	 0.20 	 0.33
130531 	 129434 	 0.28 	 0.33
130531 	 128492 	 0.28 	 0.33
130531 	  99159 	 0.25 	 0.33
130531 	 122600 	 0.25 	 0.33
130531 	 105156 	 0.20 	 0.33
130531 	 126248 	 0.24 	 0.33
130531 	 118432 	 0.21 	 0.33
130531 	 113610 	 0.28 	 0.33
130531 	 103091 	 0.23 	 0.33
130531 	 121157 	 0.20 	 0.33
130531 	 126646 	 0.29 	 0.33
130531 	 127707 	 0.23 	 0.33
130531 	 101248 	 0.21 	 0.33
130531 	  98993 	 0.25 	 0.33
 69502 	  77148 	 0.28 	 0.31
 69502 	  52076 	 0.26 	 0.31
 92655 	  94927 	 0.29 	 0.33
 92655 	  96511 	 0.22 	 0.33
 92655 	  91563 	 0.21 	 0.33
 92655 	 130665 	 0.27 	 0.33
 92655 	 110571 	 0.27 	 0.33
 92655 	 122022 	 0.24 	 0.33
 92655 	  88333 	 0.24 	 0.33
 92655 	   8980 	 0.27 	 0.33
 92655 	 110268 	 0.22 	 0.33
 92655 	  91926 	 0.22 	 0.33
 92655 	 108185 	 0.21 	 0.33
 92655 	  70646 	 0.27 	 0.33
 92655 	 120065 	 0.23 	 0.33
 92655 	  73957 	 0.22 	 0.33
 92655 	 128974 	 0.24 	 0.33
 92655 	 101365 	 0.26 	 0.33
 92655 	  99159 	 0.25 	 0.33
 92655 	 122945 	 0.27 	 0.33
 92655 	  52786 	 0.20 	 0.33
 92655 	 116898 	 0.24 	 0.33
 92655 	 105156 	 0.25 	 0.33
 92655 	 119685 	 0.26 	 0.33
 92655 	 126248 	 0.28 	 0.33
 92655 	 118432 	 0.21 	 0.33
 92655 	 117213 	 0.24 	 0.33
 92655 	 113610 	 0.26 	 0.33
 92655 	  93696 	 0.27 	 0.32
 92655 	 119270 	 0.23 	 0.33
 92655 	  66058 	 0.20 	 0.33
 92655 	 127707 	 0.28 	 0.33
 92655 	 127382 	 0.22 	 0.33
 92655 	  68575 	 0.25 	 0.33
 92655 	 124365 	 0.25 	 0.33
 92655 	 123702 	 0.27 	 0.33
 92655 	 113068 	 0.24 	 0.33
 92655 	  98993 	 0.25 	 0.33
 92655 	 121983 	 0.25 	 0.33
  8991 	  62268 	 0.29 	 0.36
  8991 	  65978 	 0.25 	 0.36
  8991 	 123045 	 0.27 	 0.31
 66646 	   2524 	 0.28 	 0.36
113084 	 107934 	 0.21 	 0.36
113084 	  96113 	 0.27 	 0.36
 98306 	 113290 	 0.26 	 0.36
 98306 	  83275 	 0.20 	 0.36
 98306 	  95496 	 0.23 	 0.36
122256 	 118052 	 0.25 	 0.36
 87194 	  59539 	 0.21 	 0.36
 87194 	  29716 	 0.30 	 0.36
 87194 	  44074 	 0.21 	 0.36
 87194 	  27623 	 0.20 	 0.36
103607 	  50275 	 0.23 	 0.36
103607 	  76155 	 0.24 	 0.36
103607 	 113290 	 0.28 	 0.36
103607 	 117951 	 0.28 	 0.36
103607 	 105970 	 0.23 	 0.36
103607 	 122251 	 0.27 	 0.36
103607 	 107458 	 0.24 	 0.36
103607 	 101673 	 0.26 	 0.36
103607 	 108174 	 0.23 	 0.36
103607 	  83275 	 0.23 	 0.36
103607 	 120346 	 0.26 	 0.36
103607 	 117950 	 0.27 	 0.36
103607 	 118234 	 0.26 	 0.36
103607 	 116540 	 0.21 	 0.36
103607 	  92509 	 0.27 	 0.36
103607 	 117924 	 0.28 	 0.36
103607 	  95496 	 0.26 	 0.36
103607 	 122396 	 0.29 	 0.36
103607 	 118243 	 0.27 	 0.36
