 81305 	  88141 	 0.13 	 0.33
 50275 	  59539 	 0.14 	 0.36
 91563 	  92753 	 0.15 	 0.33
 78533 	  50275 	 0.13 	 0.36
 78533 	 100225 	 0.16 	 0.36
 82555 	  94908 	 0.11 	 0.36
 95182 	  94908 	 0.13 	 0.36
 95182 	  59539 	 0.13 	 0.36
 95182 	  78533 	 0.14 	 0.36
 52768 	  78533 	 0.15 	 0.36
 52768 	  82555 	 0.14 	 0.36
  2986 	  78533 	 0.16 	 0.36
 80370 	  92753 	 0.16 	 0.33
 80370 	  88141 	 0.15 	 0.33
 80370 	  91563 	 0.16 	 0.33
 76155 	  50275 	 0.18 	 0.36
 75030 	 127102 	 0.16 	 0.31
106302 	  39079 	 0.18 	 0.33
128844 	  75030 	 0.15 	 0.31
105200 	  59539 	 0.15 	 0.36
105200 	  95573 	 0.11 	 0.36
105200 	  78533 	 0.10 	 0.36
105200 	  82555 	 0.18 	 0.36
105200 	  52768 	 0.15 	 0.36
105200 	   2986 	 0.14 	 0.36
 15511 	 205919 	 0.11 	 0.33
 15511 	  80370 	 0.20 	 0.33
114621 	  78533 	 0.20 	 0.36
109693 	  88141 	 0.19 	 0.33
109693 	 205919 	 0.11 	 0.33
109693 	  80370 	 0.19 	 0.33
122022 	  92753 	 0.12 	 0.33
122022 	  88141 	 0.14 	 0.33
122022 	 119680 	 0.18 	 0.33
122022 	  91563 	 0.18 	 0.33
122022 	 205919 	 0.12 	 0.33
122022 	  80370 	 0.15 	 0.33
122022 	 106302 	 0.17 	 0.33
122022 	  15511 	 0.19 	 0.33
 88333 	  39079 	 0.18 	 0.33
  8980 	  92753 	 0.19 	 0.33
  8980 	  88141 	 0.16 	 0.33
  8980 	  80370 	 0.19 	 0.33
130780 	  91563 	 0.16 	 0.33
 91848 	  78533 	 0.15 	 0.36
 91848 	  62372 	 0.16 	 0.36
 91848 	 114621 	 0.16 	 0.36
 91848 	  18307 	 0.17 	 0.36
107934 	  39337 	 0.17 	 0.36
107934 	  62372 	 0.14 	 0.36
107934 	  76155 	 0.12 	 0.36
107934 	  18307 	 0.13 	 0.36
129131 	   9595 	 0.11 	 0.30
129131 	 205919 	 0.11 	 0.32
131018 	  39079 	 0.18 	 0.33
131018 	 122022 	 0.19 	 0.33
131018 	  88333 	 0.19 	 0.33
 28241 	  59539 	 0.12 	 0.36
 28241 	  78533 	 0.11 	 0.36
 28241 	  82555 	 0.13 	 0.36
 28241 	  52768 	 0.14 	 0.36
 28241 	 105200 	 0.15 	 0.36
130983 	  75030 	 0.15 	 0.31
 82246 	  50275 	 0.11 	 0.30
 82246 	 100225 	 0.13 	 0.30
 82246 	  95182 	 0.14 	 0.30
 82246 	  52768 	 0.18 	 0.30
 82246 	   2986 	 0.11 	 0.30
 82246 	 105200 	 0.11 	 0.30
 82246 	  28241 	 0.15 	 0.30
 93171 	  91563 	 0.19 	 0.33
 93171 	 205919 	 0.10 	 0.33
 93171 	  80370 	 0.15 	 0.33
 93171 	  15511 	 0.20 	 0.33
 93171 	 122022 	 0.17 	 0.33
 93171 	   8980 	 0.16 	 0.33
102278 	  92014 	 0.16 	 0.31
 65408 	  94908 	 0.13 	 0.36
 65408 	  59539 	 0.14 	 0.36
 65408 	 100225 	 0.13 	 0.36
 65408 	  78533 	 0.15 	 0.36
 65408 	  76155 	 0.16 	 0.36
 65408 	  82246 	 0.13 	 0.30
 29716 	  91848 	 0.15 	 0.36
 29716 	 107934 	 0.14 	 0.36
110268 	  92753 	 0.15 	 0.33
110268 	  88141 	 0.19 	 0.33
110268 	  81305 	 0.19 	 0.33
110268 	 205919 	 0.14 	 0.33
110268 	  93171 	 0.15 	 0.33
101160 	   9595 	 0.16 	 0.32
 95603 	 105200 	 0.13 	 0.36
 10217 	  95182 	 0.15 	 0.30
 90147 	  59539 	 0.12 	 0.36
 90147 	  82246 	 0.12 	 0.30
 90147 	  10217 	 0.14 	 0.30
 66308 	  92753 	 0.18 	 0.32
 66308 	  92014 	 0.19 	 0.36
 66308 	  39079 	 0.18 	 0.32
 66308 	   5543 	 0.19 	 0.32
 66308 	 105455 	 0.19 	 0.36
 91926 	  92753 	 0.19 	 0.33
 91926 	  88141 	 0.14 	 0.33
 91926 	  80370 	 0.19 	 0.33
 91926 	  15511 	 0.19 	 0.33
 95442 	   9595 	 0.15 	 0.36
117081 	  59539 	 0.13 	 0.36
117081 	 118052 	 0.19 	 0.36
117081 	  50275 	 0.14 	 0.36
117081 	 100225 	 0.19 	 0.36
117081 	  82555 	 0.13 	 0.36
117081 	  52768 	 0.15 	 0.36
117081 	   2986 	 0.17 	 0.36
117081 	  28241 	 0.17 	 0.36
117081 	  82246 	 0.11 	 0.30
117081 	  90147 	 0.11 	 0.36
 92865 	 119680 	 0.18 	 0.33
 92865 	  39079 	 0.20 	 0.33
 92865 	  91563 	 0.17 	 0.33
 92865 	 122022 	 0.18 	 0.33
 92865 	   8980 	 0.19 	 0.33
 92250 	  94908 	 0.20 	 0.36
 92250 	  50275 	 0.11 	 0.36
 92250 	  82555 	 0.19 	 0.36
 92250 	  76155 	 0.11 	 0.36
 92250 	 114621 	 0.16 	 0.36
 92250 	  91848 	 0.14 	 0.36
 94332 	  78533 	 0.12 	 0.36
 94332 	 105200 	 0.15 	 0.36
 94332 	  28241 	 0.20 	 0.36
 94332 	  82246 	 0.12 	 0.30
 94332 	  10217 	 0.11 	 0.30
 94332 	 117081 	 0.18 	 0.36
 31490 	  50275 	 0.18 	 0.31
 31490 	  95182 	 0.15 	 0.31
 31490 	  52768 	 0.17 	 0.31
 31490 	  28241 	 0.16 	 0.31
 31490 	  65408 	 0.13 	 0.31
 31490 	  90147 	 0.13 	 0.31
 31490 	  94332 	 0.17 	 0.31
 69026 	  92753 	 0.11 	 0.33
 69026 	  88141 	 0.15 	 0.33
 69026 	  80370 	 0.14 	 0.33
 69026 	  15511 	 0.11 	 0.33
 69026 	 109693 	 0.11 	 0.33
 69026 	 122022 	 0.11 	 0.33
 69026 	  93171 	 0.11 	 0.33
 69026 	 110268 	 0.19 	 0.33
114535 	  59539 	 0.19 	 0.36
114535 	  82555 	 0.10 	 0.36
114535 	  95182 	 0.13 	 0.36
114535 	  52768 	 0.17 	 0.36
114535 	  65408 	 0.16 	 0.36
114535 	 117081 	 0.11 	 0.36
 96113 	  78533 	 0.19 	 0.36
 96113 	 105200 	 0.13 	 0.36
 96113 	  91848 	 0.18 	 0.36
 96113 	  29716 	 0.20 	 0.36
 96113 	  92250 	 0.10 	 0.36
 96113 	 114535 	 0.18 	 0.36
102078 	  82555 	 0.11 	 0.36
102078 	  95182 	 0.14 	 0.36
102078 	  76155 	 0.19 	 0.36
102078 	  65408 	 0.15 	 0.36
102078 	  92250 	 0.19 	 0.36
 51289 	  92753 	 0.14 	 0.33
 51289 	 109693 	 0.13 	 0.33
 51289 	 122022 	 0.18 	 0.33
 51289 	   8980 	 0.12 	 0.33
 51289 	 129131 	 0.13 	 0.32
 51289 	  93171 	 0.13 	 0.33
 51289 	 126721 	 0.10 	 0.32
 51289 	  91926 	 0.11 	 0.33
 94264 	 125052 	 0.14 	 0.39
 94264 	 124999 	 0.15 	 0.39
111407 	  78533 	 0.16 	 0.36
111407 	  82555 	 0.11 	 0.36
111407 	 105200 	 0.13 	 0.36
111407 	  82246 	 0.16 	 0.30
111407 	  65408 	 0.10 	 0.36
111407 	  94332 	 0.18 	 0.36
122840 	   9595 	 0.16 	 0.32
100909 	  82555 	 0.11 	 0.36
100909 	  76155 	 0.18 	 0.36
100909 	  92250 	 0.19 	 0.36
 65863 	  59539 	 0.16 	 0.36
 65863 	  82555 	 0.10 	 0.36
 65863 	  95182 	 0.11 	 0.36
 65863 	  52768 	 0.19 	 0.36
 65863 	  82246 	 0.14 	 0.30
 65863 	  65408 	 0.12 	 0.36
 65863 	 117081 	 0.15 	 0.36
 65863 	  96113 	 0.17 	 0.36
 53672 	  78533 	 0.13 	 0.36
 53672 	  95182 	 0.16 	 0.36
 53672 	  65408 	 0.13 	 0.36
 53672 	 114535 	 0.12 	 0.36
108185 	  92753 	 0.20 	 0.33
108185 	  88141 	 0.19 	 0.33
108185 	 130665 	 0.20 	 0.33
108185 	 110571 	 0.19 	 0.33
108185 	 122022 	 0.16 	 0.33
108185 	  70752 	 0.16 	 0.33
108185 	  93171 	 0.18 	 0.33
108185 	  91926 	 0.19 	 0.33
108185 	  69026 	 0.12 	 0.33
117951 	  50275 	 0.17 	 0.36
117951 	  95182 	 0.17 	 0.36
117951 	  76155 	 0.14 	 0.36
117951 	 117081 	 0.16 	 0.36
117951 	  92250 	 0.13 	 0.36
117951 	 111407 	 0.19 	 0.36
105970 	  76155 	 0.15 	 0.36
105970 	 125052 	 0.20 	 0.36
105970 	 124999 	 0.18 	 0.36
105970 	  65408 	 0.12 	 0.36
105970 	 117951 	 0.18 	 0.36
 75641 	 127102 	 0.13 	 0.30
 75641 	  91563 	 0.14 	 0.39
 75641 	  80370 	 0.17 	 0.39
 75641 	 128844 	 0.11 	 0.30
 75641 	 130983 	 0.11 	 0.30
 72459 	   9595 	 0.15 	 0.34
 72459 	  66308 	 0.18 	 0.34
 44074 	  95182 	 0.12 	 0.36
 44074 	  65408 	 0.14 	 0.36
 44074 	 114535 	 0.17 	 0.36
 44074 	 111407 	 0.15 	 0.36
 44074 	  65863 	 0.13 	 0.36
116115 	  39337 	 0.16 	 0.36
116115 	 107934 	 0.17 	 0.36
116115 	  90147 	 0.12 	 0.36
116115 	  96113 	 0.14 	 0.36
127451 	  39079 	 0.20 	 0.33
  4363 	   9595 	 0.10 	 0.36
  4363 	  75030 	 0.17 	 0.31
  4363 	  66308 	 0.18 	 0.36
 85890 	  39079 	 0.14 	 0.33
 85890 	  91563 	 0.13 	 0.33
 85890 	   8980 	 0.14 	 0.33
 85890 	  92865 	 0.18 	 0.33
 67362 	  78533 	 0.12 	 0.36
 67362 	  95182 	 0.13 	 0.36
 67362 	 105200 	 0.13 	 0.36
 67362 	  82246 	 0.15 	 0.30
 67362 	  65408 	 0.13 	 0.36
 67362 	 117081 	 0.14 	 0.36
 67362 	  31490 	 0.16 	 0.31
119111 	  95182 	 0.18 	 0.36
119111 	  65408 	 0.19 	 0.36
119111 	  92250 	 0.12 	 0.36
 93950 	  97838 	 0.18 	 0.36
 58481 	  59539 	 0.13 	 0.36
 58481 	  50275 	 0.18 	 0.36
 58481 	  78533 	 0.11 	 0.36
 58481 	  82555 	 0.11 	 0.36
 58481 	  52768 	 0.16 	 0.36
 58481 	   2986 	 0.19 	 0.36
 58481 	  76155 	 0.18 	 0.36
 58481 	 105200 	 0.19 	 0.36
 58481 	  82246 	 0.10 	 0.30
 58481 	  31490 	 0.16 	 0.31
 58481 	 114535 	 0.17 	 0.36
 58481 	  53672 	 0.11 	 0.36
 58481 	 116115 	 0.12 	 0.36
 70646 	  92753 	 0.16 	 0.33
 70646 	  88141 	 0.16 	 0.33
 70646 	 122022 	 0.17 	 0.33
 70646 	 129131 	 0.20 	 0.32
 70646 	  93171 	 0.13 	 0.33
 70646 	  91926 	 0.18 	 0.33
 70646 	  75641 	 0.11 	 0.39
101544 	  50275 	 0.18 	 0.36
101544 	  65408 	 0.17 	 0.36
101544 	  92250 	 0.12 	 0.36
101544 	 105970 	 0.19 	 0.36
118363 	   9595 	 0.11 	 0.36
 67846 	 126721 	 0.18 	 0.36
 67846 	 102278 	 0.20 	 0.31
 53106 	 127102 	 0.19 	 0.31
 53106 	 128844 	 0.19 	 0.31
 53106 	 130983 	 0.19 	 0.31
105815 	  39337 	 0.17 	 0.36
105815 	  90154 	 0.17 	 0.33
105815 	  90147 	 0.11 	 0.36
105815 	 116115 	 0.13 	 0.36
129960 	  51289 	 0.12 	 0.32
129960 	 122840 	 0.20 	 0.32
 81306 	 127242 	 0.12 	 0.31
 81306 	  97838 	 0.17 	 0.36
 81306 	 129131 	 0.12 	 0.36
 81306 	 102278 	 0.15 	 0.31
 81306 	  66308 	 0.13 	 0.36
130986 	  75030 	 0.19 	 0.31
130986 	  66308 	 0.19 	 0.36
130986 	  81306 	 0.12 	 0.31
 85972 	  92753 	 0.12 	 0.33
 85972 	  88141 	 0.12 	 0.33
 85972 	 205919 	 0.12 	 0.33
 85972 	  93171 	 0.13 	 0.33
 85972 	  51289 	 0.16 	 0.33
 85972 	 108185 	 0.20 	 0.33
 94785 	  59539 	 0.19 	 0.36
 94785 	  39337 	 0.18 	 0.36
 94785 	  50275 	 0.17 	 0.36
 94785 	  78533 	 0.14 	 0.36
 94785 	  82555 	 0.11 	 0.36
 94785 	  52768 	 0.19 	 0.36
 94785 	 105200 	 0.13 	 0.36
 94785 	 107934 	 0.17 	 0.36
 94785 	  82246 	 0.14 	 0.30
 94785 	  65408 	 0.11 	 0.36
 94785 	 117081 	 0.18 	 0.36
 94785 	  94332 	 0.20 	 0.36
 94785 	  53672 	 0.11 	 0.36
 94785 	  44074 	 0.14 	 0.36
 94785 	 116115 	 0.13 	 0.36
104295 	  50275 	 0.19 	 0.36
104295 	  82555 	 0.13 	 0.36
104295 	  76155 	 0.19 	 0.36
 91637 	 205919 	 0.11 	 0.37
  2332 	  50275 	 0.19 	 0.36
  2332 	 100225 	 0.18 	 0.36
  2332 	  95182 	 0.10 	 0.36
  2332 	  52768 	 0.13 	 0.36
  2332 	   2986 	 0.18 	 0.36
  2332 	 114621 	 0.12 	 0.36
  2332 	  91848 	 0.13 	 0.36
  2332 	  28241 	 0.12 	 0.36
  2332 	  65408 	 0.12 	 0.36
  2332 	  90147 	 0.14 	 0.36
  2332 	 117081 	 0.11 	 0.36
  2332 	  96113 	 0.18 	 0.36
  2332 	 111407 	 0.15 	 0.36
  2332 	 105970 	 0.12 	 0.36
  2332 	 116115 	 0.15 	 0.36
  2332 	  67362 	 0.11 	 0.36
  2332 	  58481 	 0.12 	 0.36
  2332 	  94785 	 0.12 	 0.36
122251 	  50275 	 0.16 	 0.36
122251 	  76155 	 0.15 	 0.36
122251 	  92250 	 0.12 	 0.36
 68681 	  39079 	 0.18 	 0.33
 68681 	 122022 	 0.18 	 0.33
 68681 	  88333 	 0.19 	 0.33
 68681 	  92865 	 0.16 	 0.33
 68681 	 127451 	 0.20 	 0.33
 52894 	 129131 	 0.19 	 0.32
105733 	  94908 	 0.17 	 0.36
105733 	  50275 	 0.15 	 0.36
105733 	  78533 	 0.18 	 0.36
105733 	  82555 	 0.12 	 0.36
105733 	  62372 	 0.17 	 0.36
105733 	  76155 	 0.14 	 0.36
105733 	 114621 	 0.16 	 0.36
105733 	  18307 	 0.17 	 0.36
105733 	  91848 	 0.12 	 0.36
105733 	 125052 	 0.12 	 0.36
105733 	 124999 	 0.12 	 0.36
105733 	  65408 	 0.11 	 0.36
105733 	  29716 	 0.17 	 0.36
105733 	 114535 	 0.16 	 0.36
105733 	  96113 	 0.16 	 0.36
105733 	 102078 	 0.17 	 0.36
105733 	 100909 	 0.18 	 0.36
105733 	  65863 	 0.15 	 0.36
105733 	 117951 	 0.17 	 0.36
105733 	 119111 	 0.15 	 0.36
105733 	 101544 	 0.13 	 0.36
105733 	 104295 	 0.16 	 0.36
105733 	   2332 	 0.16 	 0.36
105733 	 122251 	 0.17 	 0.36
103296 	  95182 	 0.18 	 0.36
103296 	  65408 	 0.16 	 0.36
103296 	 117081 	 0.12 	 0.36
103296 	 114535 	 0.12 	 0.36
103296 	 111407 	 0.13 	 0.36
103296 	  65863 	 0.10 	 0.36
103296 	  94785 	 0.15 	 0.36
103296 	   2332 	 0.14 	 0.36
 72992 	  39337 	 0.14 	 0.36
 72992 	 107934 	 0.12 	 0.36
 72992 	 116115 	 0.12 	 0.36
 72992 	  94785 	 0.11 	 0.36
  2911 	  92250 	 0.15 	 0.36
 16479 	  39337 	 0.14 	 0.36
 16479 	 107934 	 0.17 	 0.36
 16479 	 116115 	 0.14 	 0.36
 16479 	  58481 	 0.11 	 0.36
 16479 	  94785 	 0.15 	 0.36
 65887 	  80370 	 0.18 	 0.30
 65887 	  31490 	 0.18 	 0.33
 65887 	  51289 	 0.13 	 0.30
 65887 	  52894 	 0.16 	 0.30
128762 	  75030 	 0.17 	 0.31
128762 	  66308 	 0.20 	 0.36
128762 	  81306 	 0.14 	 0.31
125839 	  85890 	 0.19 	 0.33
 43129 	 126721 	 0.17 	 0.36
 43129 	 102278 	 0.17 	 0.31
 43129 	  75641 	 0.18 	 0.30
 43129 	 130986 	 0.15 	 0.31
 43129 	 128762 	 0.16 	 0.31
  5103 	  78533 	 0.17 	 0.36
  5103 	  82246 	 0.13 	 0.30
  5103 	 117081 	 0.14 	 0.36
  5103 	  31490 	 0.20 	 0.31
  5103 	  96113 	 0.19 	 0.36
  5103 	  53672 	 0.11 	 0.36
  5103 	  58481 	 0.17 	 0.36
  5103 	  94785 	 0.17 	 0.36
  5103 	   2332 	 0.18 	 0.36
  5103 	 103296 	 0.13 	 0.36
 77153 	  59539 	 0.11 	 0.33
 77153 	  97838 	 0.18 	 0.39
 77153 	  44074 	 0.12 	 0.33
 77153 	  67362 	 0.11 	 0.33
 77153 	  94785 	 0.11 	 0.33
 77153 	 102383 	 0.16 	 0.36
 77153 	 103296 	 0.14 	 0.33
 77153 	  43129 	 0.15 	 0.36
124080 	  82555 	 0.11 	 0.36
124080 	  95182 	 0.12 	 0.36
124080 	  65408 	 0.11 	 0.36
124080 	  92250 	 0.19 	 0.36
124080 	 105733 	 0.16 	 0.36
  8179 	  59539 	 0.15 	 0.36
  8179 	  50275 	 0.18 	 0.36
  8179 	  82555 	 0.12 	 0.36
  8179 	  95182 	 0.14 	 0.36
  8179 	  62372 	 0.14 	 0.36
  8179 	  18307 	 0.14 	 0.36
  8179 	  65408 	 0.14 	 0.36
  8179 	  29716 	 0.14 	 0.36
  8179 	  90147 	 0.17 	 0.36
  8179 	  92250 	 0.13 	 0.36
  8179 	  96113 	 0.17 	 0.36
  8179 	  53672 	 0.10 	 0.36
  8179 	 105970 	 0.16 	 0.36
  8179 	  44074 	 0.13 	 0.36
  8179 	 116115 	 0.18 	 0.36
  8179 	 105733 	 0.15 	 0.36
  8179 	 103296 	 0.11 	 0.36
  8179 	   5103 	 0.20 	 0.36
109370 	  88141 	 0.13 	 0.33
109370 	 119680 	 0.17 	 0.33
109370 	  91563 	 0.17 	 0.33
109370 	  80370 	 0.15 	 0.33
109370 	  15511 	 0.18 	 0.33
109370 	 109693 	 0.19 	 0.33
109370 	   8980 	 0.17 	 0.33
109370 	 131018 	 0.18 	 0.33
109370 	  93171 	 0.12 	 0.33
109370 	 110268 	 0.18 	 0.33
109370 	  91926 	 0.19 	 0.33
109370 	  51289 	 0.17 	 0.33
109370 	 108185 	 0.17 	 0.33
109370 	  70646 	 0.18 	 0.33
109370 	  68681 	 0.13 	 0.33
  2622 	 127102 	 0.15 	 0.31
  2622 	 128844 	 0.14 	 0.31
  2622 	 130983 	 0.15 	 0.31
 97207 	  92865 	 0.20 	 0.33
116522 	  59539 	 0.19 	 0.36
116522 	  52768 	 0.16 	 0.36
116522 	  82246 	 0.12 	 0.30
116522 	  44074 	 0.14 	 0.36
116522 	 103296 	 0.11 	 0.36
  5133 	  39337 	 0.15 	 0.36
  5133 	  50275 	 0.15 	 0.36
  5133 	  95182 	 0.11 	 0.36
  5133 	   2986 	 0.15 	 0.36
  5133 	  76155 	 0.12 	 0.36
  5133 	 105200 	 0.15 	 0.36
  5133 	 107934 	 0.16 	 0.36
  5133 	  82246 	 0.10 	 0.30
  5133 	 117081 	 0.14 	 0.36
  5133 	  94332 	 0.11 	 0.36
  5133 	 114535 	 0.12 	 0.36
  5133 	  65863 	 0.11 	 0.36
  5133 	 116115 	 0.18 	 0.36
  5133 	  67362 	 0.10 	 0.36
  5133 	 105815 	 0.13 	 0.36
  5133 	   2332 	 0.18 	 0.36
  5133 	 103296 	 0.17 	 0.36
  5133 	  72992 	 0.10 	 0.36
  5133 	  16479 	 0.18 	 0.36
  5133 	   5103 	 0.19 	 0.36
  5133 	  77153 	 0.10 	 0.33
  5133 	   8179 	 0.14 	 0.36
  5133 	 116522 	 0.16 	 0.36
 76449 	  52768 	 0.14 	 0.36
 76449 	 114621 	 0.16 	 0.36
 76449 	  91848 	 0.16 	 0.36
 76449 	  53672 	 0.13 	 0.36
 91880 	  92753 	 0.13 	 0.33
 91880 	  88141 	 0.20 	 0.33
 91880 	  91563 	 0.16 	 0.33
 91880 	 205919 	 0.11 	 0.33
 91880 	  15511 	 0.17 	 0.33
 91880 	  93171 	 0.14 	 0.33
 91880 	  91926 	 0.18 	 0.33
 91880 	  51289 	 0.13 	 0.33
 91880 	 108185 	 0.19 	 0.33
 91880 	  70646 	 0.14 	 0.33
103133 	  50275 	 0.19 	 0.36
103133 	  82555 	 0.11 	 0.36
103133 	  76155 	 0.20 	 0.36
103133 	  65408 	 0.10 	 0.36
103133 	  92250 	 0.14 	 0.36
103133 	 105733 	 0.17 	 0.36
108127 	  66308 	 0.19 	 0.32
120065 	  88141 	 0.17 	 0.33
120065 	 119680 	 0.19 	 0.33
120065 	  39079 	 0.18 	 0.33
120065 	  91563 	 0.16 	 0.33
120065 	 205919 	 0.11 	 0.33
120065 	  80370 	 0.12 	 0.33
120065 	 106302 	 0.18 	 0.33
120065 	 109693 	 0.19 	 0.33
120065 	 122022 	 0.12 	 0.33
120065 	  88333 	 0.18 	 0.33
120065 	 131018 	 0.19 	 0.33
120065 	  93171 	 0.18 	 0.33
120065 	 110268 	 0.13 	 0.33
120065 	  91926 	 0.14 	 0.33
120065 	  92865 	 0.15 	 0.33
120065 	  51289 	 0.16 	 0.33
120065 	  85972 	 0.11 	 0.33
120065 	  68681 	 0.14 	 0.33
120065 	 109370 	 0.11 	 0.33
120065 	  91880 	 0.12 	 0.33
114673 	  59539 	 0.17 	 0.36
114673 	  39337 	 0.13 	 0.36
114673 	  52768 	 0.16 	 0.36
114673 	  82246 	 0.15 	 0.30
114673 	  31490 	 0.16 	 0.31
114673 	  53672 	 0.10 	 0.36
114673 	  44074 	 0.12 	 0.36
114673 	 116115 	 0.14 	 0.36
114673 	 103296 	 0.15 	 0.36
114673 	  16479 	 0.11 	 0.36
 96012 	  39079 	 0.16 	 0.33
 96012 	 122022 	 0.14 	 0.33
 96012 	  88333 	 0.19 	 0.33
 96012 	  85972 	 0.18 	 0.33
 96012 	  68681 	 0.19 	 0.33
 96012 	 120065 	 0.17 	 0.33
 73957 	 130780 	 0.19 	 0.33
 73957 	  92865 	 0.17 	 0.33
118768 	 117081 	 0.18 	 0.36
 85142 	  78533 	 0.11 	 0.36
 85142 	  95182 	 0.14 	 0.36
 85142 	 105200 	 0.14 	 0.36
 85142 	  82246 	 0.18 	 0.30
 85142 	  65408 	 0.12 	 0.36
 85142 	  31490 	 0.18 	 0.31
 85142 	  77153 	 0.11 	 0.33
 85142 	   5133 	 0.17 	 0.36
 69633 	  97838 	 0.12 	 0.36
 69633 	  72459 	 0.16 	 0.32
128974 	  92753 	 0.17 	 0.33
128974 	 122022 	 0.16 	 0.33
128974 	   8980 	 0.18 	 0.33
128974 	  93171 	 0.17 	 0.33
128974 	 120065 	 0.14 	 0.33
 79310 	  59539 	 0.12 	 0.36
 79310 	  39337 	 0.12 	 0.36
 79310 	  52768 	 0.16 	 0.36
 79310 	  82246 	 0.12 	 0.30
 79310 	  31490 	 0.14 	 0.31
 79310 	 116115 	 0.13 	 0.36
 79310 	 105815 	 0.14 	 0.36
101365 	  92753 	 0.14 	 0.33
101365 	  88141 	 0.14 	 0.33
101365 	  81305 	 0.11 	 0.33
101365 	  91563 	 0.20 	 0.33
101365 	 205919 	 0.13 	 0.33
101365 	  93171 	 0.16 	 0.33
101365 	  69026 	 0.10 	 0.33
101365 	  51289 	 0.16 	 0.33
101365 	 108185 	 0.20 	 0.33
101365 	  91880 	 0.20 	 0.33
101365 	 120065 	 0.13 	 0.33
  3208 	  96113 	 0.14 	 0.36
 10274 	 122022 	 0.12 	 0.33
 10274 	 110268 	 0.13 	 0.33
 10274 	  85972 	 0.11 	 0.33
 10274 	  91880 	 0.12 	 0.33
 10274 	 101365 	 0.10 	 0.33
 79768 	  92753 	 0.10 	 0.33
 79768 	  88141 	 0.14 	 0.33
 79768 	  15511 	 0.12 	 0.33
 79768 	 109693 	 0.12 	 0.33
 79768 	 122022 	 0.12 	 0.33
 79768 	 129131 	 0.11 	 0.32
 79768 	  93171 	 0.11 	 0.33
 79768 	 101365 	 0.10 	 0.33
 99159 	  81305 	 0.17 	 0.33
 99159 	  69026 	 0.17 	 0.33
 99159 	  85972 	 0.20 	 0.33
 66221 	  52768 	 0.14 	 0.36
 66221 	   2986 	 0.15 	 0.36
 66221 	 114535 	 0.15 	 0.36
 66221 	 111407 	 0.16 	 0.36
 66221 	  65863 	 0.12 	 0.36
 66221 	  53672 	 0.15 	 0.36
 66221 	  67362 	 0.14 	 0.36
 66221 	  58481 	 0.10 	 0.36
 66221 	  94785 	 0.14 	 0.36
 66221 	   2332 	 0.19 	 0.36
 66221 	   8179 	 0.13 	 0.36
 66221 	   5133 	 0.19 	 0.36
 66221 	  85142 	 0.15 	 0.36
 65192 	 105815 	 0.17 	 0.38
122945 	  92753 	 0.15 	 0.33
122945 	  88141 	 0.19 	 0.33
122945 	  81305 	 0.17 	 0.33
122945 	 205919 	 0.14 	 0.33
122945 	  93171 	 0.16 	 0.33
122945 	  69026 	 0.18 	 0.33
122945 	 120065 	 0.12 	 0.33
122945 	  10274 	 0.12 	 0.33
119617 	  85890 	 0.19 	 0.33
107458 	  78533 	 0.12 	 0.36
107458 	  62372 	 0.11 	 0.36
107458 	  18307 	 0.10 	 0.36
107458 	  91848 	 0.17 	 0.36
107458 	 125052 	 0.18 	 0.36
107458 	  96113 	 0.18 	 0.36
107458 	   2332 	 0.11 	 0.36
107458 	   2911 	 0.19 	 0.36
107458 	  76449 	 0.11 	 0.36
 96900 	  92753 	 0.18 	 0.33
 96900 	  88141 	 0.20 	 0.33
 96900 	  91563 	 0.19 	 0.33
 96900 	  80370 	 0.15 	 0.33
 96900 	 122022 	 0.14 	 0.33
 96900 	   8980 	 0.14 	 0.33
 96900 	  93171 	 0.16 	 0.33
 96900 	 110268 	 0.19 	 0.33
 96900 	  91926 	 0.19 	 0.33
 96900 	  69026 	 0.10 	 0.33
 96900 	  85972 	 0.19 	 0.33
 96900 	 109370 	 0.17 	 0.33
 96900 	 120065 	 0.14 	 0.33
 96900 	 101365 	 0.20 	 0.33
114259 	  92753 	 0.15 	 0.33
114259 	  88141 	 0.18 	 0.33
114259 	  91563 	 0.19 	 0.33
114259 	 205919 	 0.11 	 0.33
114259 	  80370 	 0.13 	 0.33
114259 	 122022 	 0.16 	 0.33
114259 	   8980 	 0.17 	 0.33
114259 	  93171 	 0.17 	 0.33
114259 	 110268 	 0.20 	 0.33
114259 	  91926 	 0.17 	 0.33
114259 	  69026 	 0.11 	 0.33
114259 	 108185 	 0.18 	 0.33
114259 	  70646 	 0.15 	 0.33
114259 	  85972 	 0.14 	 0.33
114259 	 109370 	 0.18 	 0.33
114259 	  91880 	 0.18 	 0.33
114259 	 120065 	 0.13 	 0.33
114259 	 101365 	 0.18 	 0.33
114259 	  79768 	 0.12 	 0.33
119112 	 109370 	 0.15 	 0.33
119112 	 120065 	 0.20 	 0.33
119112 	  96012 	 0.19 	 0.33
119112 	 119617 	 0.18 	 0.33
  2524 	  66308 	 0.18 	 0.36
  2524 	  77153 	 0.15 	 0.36
 37464 	  65408 	 0.16 	 0.36
 37464 	  31490 	 0.11 	 0.31
 37464 	  94785 	 0.17 	 0.36
 37464 	  77153 	 0.11 	 0.33
 93866 	  10217 	 0.14 	 0.30
108273 	  95182 	 0.14 	 0.36
108273 	  52768 	 0.17 	 0.36
108273 	  28241 	 0.17 	 0.36
108273 	  65408 	 0.14 	 0.36
108273 	 117081 	 0.17 	 0.36
108273 	  53672 	 0.10 	 0.36
108273 	  94785 	 0.16 	 0.36
108273 	 103296 	 0.20 	 0.36
108273 	   5103 	 0.19 	 0.36
108273 	  85142 	 0.19 	 0.36
108273 	  37464 	 0.12 	 0.36
  2996 	  82555 	 0.16 	 0.36
  2996 	  82246 	 0.19 	 0.30
  2996 	 114535 	 0.14 	 0.36
  2996 	 111407 	 0.12 	 0.36
  2996 	  65863 	 0.16 	 0.36
  2996 	  58481 	 0.18 	 0.36
  2996 	  94785 	 0.12 	 0.36
  2996 	   8179 	 0.17 	 0.36
115606 	  75030 	 0.18 	 0.31
 15972 	  91848 	 0.16 	 0.36
 15972 	  96113 	 0.19 	 0.36
 15972 	 105733 	 0.16 	 0.36
 15972 	   8179 	 0.13 	 0.36
 15972 	 107458 	 0.10 	 0.36
 92527 	  66308 	 0.18 	 0.36
101749 	  50275 	 0.19 	 0.36
101749 	  82555 	 0.12 	 0.36
101749 	  76155 	 0.20 	 0.36
101749 	 105733 	 0.16 	 0.36
108174 	  59539 	 0.14 	 0.36
108174 	  52768 	 0.17 	 0.36
108174 	  76155 	 0.11 	 0.36
108174 	  82246 	 0.15 	 0.30
108174 	  92250 	 0.17 	 0.36
108174 	  31490 	 0.16 	 0.31
108174 	 117951 	 0.16 	 0.36
108174 	  44074 	 0.11 	 0.36
108174 	 101544 	 0.15 	 0.36
108174 	 122251 	 0.16 	 0.36
108174 	 105733 	 0.18 	 0.36
108174 	 103296 	 0.10 	 0.36
  2251 	  92753 	 0.15 	 0.33
  2251 	  81305 	 0.12 	 0.33
  2251 	  91563 	 0.20 	 0.33
  2251 	 205919 	 0.13 	 0.33
  2251 	  80370 	 0.19 	 0.33
  2251 	  93171 	 0.19 	 0.33
  2251 	  69026 	 0.15 	 0.33
  2251 	  51289 	 0.10 	 0.33
  2251 	  70646 	 0.17 	 0.33
  2251 	  85972 	 0.16 	 0.33
  2251 	 109370 	 0.15 	 0.33
  2251 	 101365 	 0.18 	 0.33
  2251 	  10274 	 0.11 	 0.33
  2251 	  79768 	 0.16 	 0.33
  2251 	  96900 	 0.18 	 0.33
 75566 	 101463 	 0.19 	 0.31
 52224 	 127102 	 0.14 	 0.31
 52224 	 128844 	 0.13 	 0.31
 52224 	 129131 	 0.17 	 0.36
 52224 	 130983 	 0.13 	 0.31
 52224 	  66308 	 0.14 	 0.36
103677 	  82555 	 0.12 	 0.36
103677 	  95182 	 0.13 	 0.36
103677 	  65408 	 0.12 	 0.36
103677 	  92250 	 0.19 	 0.36
103677 	 105733 	 0.17 	 0.36
  1531 	 205919 	 0.11 	 0.33
  1531 	 122022 	 0.19 	 0.33
  1531 	  91926 	 0.18 	 0.33
  1531 	  69026 	 0.11 	 0.33
  1531 	 108185 	 0.19 	 0.33
  1531 	 109370 	 0.17 	 0.33
  1531 	  91880 	 0.19 	 0.33
  1531 	 120065 	 0.19 	 0.33
  1531 	  79768 	 0.11 	 0.33
  1531 	 114259 	 0.17 	 0.33
 62649 	 114379 	 0.16 	 0.32
 90137 	  59539 	 0.12 	 0.36
 90137 	  82246 	 0.12 	 0.30
 90137 	  10217 	 0.14 	 0.30
 90137 	  31490 	 0.13 	 0.31
 90137 	 116115 	 0.12 	 0.36
 90137 	 105815 	 0.11 	 0.36
 58632 	  81306 	 0.13 	 0.36
 58632 	  43129 	 0.20 	 0.36
 83275 	 113290 	 0.16 	 0.36
 83275 	 100909 	 0.18 	 0.36
 83275 	 115173 	 0.18 	 0.36
 83275 	 104295 	 0.17 	 0.36
 83275 	 110588 	 0.19 	 0.36
 83275 	 101749 	 0.17 	 0.36
 62268 	 131151 	 0.19 	 0.36
 62268 	  75641 	 0.16 	 0.32
 62268 	  67846 	 0.20 	 0.36
 62268 	  81306 	 0.13 	 0.36
 62268 	  77153 	 0.13 	 0.39
 62268 	  52224 	 0.17 	 0.36
115220 	  50275 	 0.19 	 0.36
115220 	  82555 	 0.11 	 0.36
115220 	  92250 	 0.19 	 0.36
115220 	 105733 	 0.17 	 0.36
107489 	  59539 	 0.17 	 0.36
107489 	  52768 	 0.15 	 0.36
107489 	  82246 	 0.11 	 0.30
107489 	  44074 	 0.11 	 0.36
107489 	 101673 	 0.17 	 0.36
 58416 	  81306 	 0.17 	 0.36
 52786 	  92753 	 0.15 	 0.33
 52786 	  88141 	 0.16 	 0.33
 52786 	  91563 	 0.19 	 0.33
 52786 	  80370 	 0.13 	 0.33
 52786 	  93171 	 0.15 	 0.33
 52786 	 110268 	 0.16 	 0.33
 52786 	  91926 	 0.20 	 0.33
 52786 	  51289 	 0.16 	 0.33
 52786 	 108185 	 0.17 	 0.33
 52786 	  85972 	 0.14 	 0.33
 52786 	 109370 	 0.14 	 0.33
 52786 	  91880 	 0.15 	 0.33
 52786 	 120065 	 0.17 	 0.33
 52786 	 128974 	 0.15 	 0.33
 52786 	 101365 	 0.14 	 0.33
 52786 	 122945 	 0.17 	 0.33
 52786 	  96900 	 0.14 	 0.33
 52786 	 114259 	 0.18 	 0.33
 52786 	   1531 	 0.20 	 0.33
 16404 	  97838 	 0.14 	 0.36
 16404 	 102278 	 0.16 	 0.31
 16404 	  66308 	 0.11 	 0.36
 16404 	 100782 	 0.14 	 0.31
 16404 	 128762 	 0.10 	 0.31
 16404 	  58632 	 0.12 	 0.36
 16404 	  58416 	 0.14 	 0.36
105413 	  59539 	 0.15 	 0.36
105413 	  50275 	 0.14 	 0.36
105413 	 100225 	 0.14 	 0.36
105413 	  78533 	 0.12 	 0.36
105413 	  82555 	 0.11 	 0.36
105413 	  52768 	 0.14 	 0.36
105413 	   2986 	 0.15 	 0.36
105413 	 105200 	 0.12 	 0.36
105413 	  28241 	 0.16 	 0.36
105413 	  82246 	 0.10 	 0.30
105413 	 117081 	 0.14 	 0.36
105413 	  94332 	 0.11 	 0.36
105413 	 114535 	 0.15 	 0.36
105413 	 102078 	 0.15 	 0.36
105413 	 111407 	 0.15 	 0.36
105413 	  65863 	 0.16 	 0.36
105413 	  53672 	 0.10 	 0.36
105413 	  44074 	 0.14 	 0.36
105413 	  67362 	 0.15 	 0.36
105413 	  58481 	 0.12 	 0.36
105413 	  94785 	 0.16 	 0.36
105413 	   2332 	 0.13 	 0.36
105413 	   5103 	 0.14 	 0.36
105413 	   8179 	 0.12 	 0.36
105413 	 116522 	 0.11 	 0.36
105413 	   5133 	 0.11 	 0.36
105413 	  76449 	 0.15 	 0.36
105413 	 114673 	 0.16 	 0.36
105413 	  85142 	 0.13 	 0.36
105413 	  66221 	 0.11 	 0.36
105413 	  37464 	 0.18 	 0.36
105413 	 108273 	 0.14 	 0.36
105413 	 108174 	 0.19 	 0.36
105413 	 107489 	 0.10 	 0.36
124477 	  85890 	 0.20 	 0.33
 81262 	 110268 	 0.14 	 0.33
 81262 	  75641 	 0.17 	 0.39
 81262 	  91880 	 0.11 	 0.33
 81262 	 101365 	 0.11 	 0.33
 81262 	 122945 	 0.12 	 0.33
 48486 	  39337 	 0.16 	 0.36
 48486 	 100225 	 0.13 	 0.36
 48486 	  82555 	 0.13 	 0.36
 48486 	  76155 	 0.13 	 0.36
 48486 	 105200 	 0.11 	 0.36
 48486 	  82246 	 0.12 	 0.30
 48486 	  94332 	 0.11 	 0.36
 48486 	  31490 	 0.12 	 0.31
 48486 	 114535 	 0.13 	 0.36
 48486 	  65863 	 0.12 	 0.36
 48486 	 116115 	 0.10 	 0.36
 48486 	  67362 	 0.14 	 0.36
 48486 	   5103 	 0.11 	 0.36
 48486 	   8179 	 0.13 	 0.36
 48486 	 116522 	 0.15 	 0.36
 48486 	  85142 	 0.11 	 0.36
 48486 	  37464 	 0.10 	 0.36
 48486 	 108273 	 0.11 	 0.36
 48486 	 108174 	 0.15 	 0.36
 48486 	 107489 	 0.17 	 0.36
 48486 	 105413 	 0.13 	 0.36
 37931 	  82555 	 0.16 	 0.36
 37931 	 105200 	 0.13 	 0.36
 37931 	 111407 	 0.15 	 0.36
 37931 	  65863 	 0.10 	 0.36
 37931 	  58481 	 0.11 	 0.36
 37931 	   5133 	 0.13 	 0.36
 37931 	 105413 	 0.10 	 0.36
 37931 	  48486 	 0.10 	 0.36
101648 	  93950 	 0.16 	 0.31
111297 	 127242 	 0.19 	 0.31
111297 	 127649 	 0.20 	 0.31
111297 	 101510 	 0.17 	 0.31
111297 	 102481 	 0.20 	 0.31
106697 	  93866 	 0.19 	 0.36
106697 	  83275 	 0.17 	 0.36
 74286 	  52768 	 0.14 	 0.36
 74286 	 114621 	 0.16 	 0.36
 74286 	  91848 	 0.16 	 0.36
 74286 	  53672 	 0.13 	 0.36
 74286 	 107458 	 0.11 	 0.36
 27623 	  59539 	 0.15 	 0.36
 27623 	 100225 	 0.16 	 0.36
 27623 	  78533 	 0.14 	 0.36
 27623 	   2986 	 0.20 	 0.36
 27623 	  76155 	 0.15 	 0.36
 27623 	 105200 	 0.11 	 0.36
 27623 	  28241 	 0.14 	 0.36
 27623 	  82246 	 0.15 	 0.30
 27623 	 117081 	 0.14 	 0.36
 27623 	  92250 	 0.19 	 0.36
 27623 	  94332 	 0.11 	 0.36
 27623 	  31490 	 0.15 	 0.31
 27623 	 114535 	 0.16 	 0.36
 27623 	  65863 	 0.14 	 0.36
 27623 	 117951 	 0.16 	 0.36
 27623 	  44074 	 0.13 	 0.36
 27623 	  67362 	 0.15 	 0.36
 27623 	  58481 	 0.12 	 0.36
 27623 	 101544 	 0.13 	 0.36
 27623 	  94785 	 0.14 	 0.36
 27623 	   2332 	 0.17 	 0.36
 27623 	 122251 	 0.13 	 0.36
 27623 	 105733 	 0.17 	 0.36
 27623 	 103296 	 0.11 	 0.36
 27623 	   8179 	 0.15 	 0.36
 27623 	 116522 	 0.15 	 0.36
 27623 	   5133 	 0.14 	 0.36
 27623 	  76449 	 0.20 	 0.36
 27623 	 103133 	 0.17 	 0.36
 27623 	 114673 	 0.15 	 0.36
 27623 	  85142 	 0.14 	 0.36
 27623 	  66221 	 0.11 	 0.36
 27623 	 107458 	 0.18 	 0.36
 27623 	 101673 	 0.14 	 0.36
 27623 	  37464 	 0.12 	 0.36
 27623 	 108273 	 0.13 	 0.36
 27623 	 107489 	 0.17 	 0.36
 27623 	 105413 	 0.13 	 0.36
 27623 	  48486 	 0.15 	 0.36
 27623 	  37931 	 0.11 	 0.36
 27623 	  74286 	 0.20 	 0.36
 95781 	  39079 	 0.18 	 0.33
 95781 	 122022 	 0.17 	 0.33
 95781 	  92865 	 0.20 	 0.33
 95781 	  68681 	 0.18 	 0.33
 95781 	 109370 	 0.19 	 0.33
 95781 	 120065 	 0.18 	 0.33
 65782 	  78533 	 0.11 	 0.36
 65782 	  95182 	 0.20 	 0.36
 65782 	 105200 	 0.14 	 0.36
 65782 	  28241 	 0.18 	 0.36
 65782 	  82246 	 0.13 	 0.30
 65782 	  10217 	 0.17 	 0.30
 65782 	  31490 	 0.18 	 0.31
 65782 	 111407 	 0.17 	 0.36
 65782 	   5133 	 0.12 	 0.36
 65782 	  66221 	 0.17 	 0.36
 65782 	 108273 	 0.17 	 0.36
 65782 	 105413 	 0.17 	 0.36
 65782 	  27623 	 0.12 	 0.36
116898 	  92753 	 0.16 	 0.33
116898 	  88141 	 0.19 	 0.33
116898 	  80370 	 0.17 	 0.33
116898 	 122022 	 0.18 	 0.33
116898 	  88333 	 0.19 	 0.33
116898 	  93171 	 0.17 	 0.33
116898 	  70646 	 0.18 	 0.33
116898 	  85972 	 0.15 	 0.33
116898 	 109370 	 0.14 	 0.33
116898 	  91880 	 0.15 	 0.33
116898 	 120065 	 0.17 	 0.33
116898 	 128974 	 0.20 	 0.33
116898 	 101365 	 0.18 	 0.33
116898 	  96900 	 0.17 	 0.33
116898 	 114259 	 0.18 	 0.33
100142 	  78533 	 0.13 	 0.36
100142 	  62372 	 0.11 	 0.36
100142 	 114621 	 0.19 	 0.36
100142 	  29716 	 0.11 	 0.36
100142 	 114535 	 0.19 	 0.36
100142 	 105970 	 0.20 	 0.36
100142 	 116115 	 0.11 	 0.36
100142 	   2332 	 0.12 	 0.36
100142 	 105733 	 0.11 	 0.36
100142 	  76449 	 0.14 	 0.36
100142 	 108273 	 0.18 	 0.36
100142 	  74286 	 0.14 	 0.36
 51767 	   2986 	 0.19 	 0.38
 51767 	 105200 	 0.13 	 0.38
 51767 	  92250 	 0.14 	 0.38
 51767 	  94332 	 0.16 	 0.38
 51767 	  53672 	 0.12 	 0.38
 51767 	 105970 	 0.17 	 0.38
 51767 	  67362 	 0.19 	 0.38
 51767 	   2332 	 0.16 	 0.38
 51767 	 105733 	 0.17 	 0.38
 51767 	 103296 	 0.17 	 0.38
 51767 	   8179 	 0.17 	 0.38
 51767 	 107458 	 0.14 	 0.38
 51767 	  37464 	 0.14 	 0.38
 51767 	  92527 	 0.18 	 0.31
 51767 	  52224 	 0.18 	 0.31
 51767 	  65782 	 0.17 	 0.38
 28201 	 126721 	 0.19 	 0.36
 28201 	 130986 	 0.19 	 0.31
 28201 	  62268 	 0.18 	 0.36
105156 	 122022 	 0.19 	 0.33
105156 	  92865 	 0.20 	 0.33
105156 	 108185 	 0.19 	 0.33
105156 	 127451 	 0.14 	 0.33
105156 	  68681 	 0.14 	 0.33
105156 	 109370 	 0.17 	 0.33
105156 	 120065 	 0.19 	 0.33
105156 	  73957 	 0.19 	 0.33
105156 	  95781 	 0.19 	 0.33
119717 	 105200 	 0.12 	 0.36
119717 	   5103 	 0.15 	 0.36
124225 	 105200 	 0.15 	 0.36
119685 	  92753 	 0.17 	 0.33
119685 	  88141 	 0.18 	 0.33
119685 	 122022 	 0.17 	 0.33
119685 	  93171 	 0.19 	 0.33
119685 	  70646 	 0.19 	 0.33
119685 	  85972 	 0.19 	 0.33
119685 	  91880 	 0.17 	 0.33
119685 	 120065 	 0.16 	 0.33
119685 	  52786 	 0.14 	 0.33
121308 	  92753 	 0.13 	 0.33
121308 	 119680 	 0.18 	 0.33
121308 	 205919 	 0.13 	 0.33
121308 	  80370 	 0.16 	 0.33
121308 	 106302 	 0.16 	 0.33
121308 	 109693 	 0.16 	 0.33
121308 	  88333 	 0.16 	 0.33
121308 	   8980 	 0.18 	 0.33
121308 	 131018 	 0.16 	 0.33
121308 	  93171 	 0.18 	 0.33
121308 	 110268 	 0.18 	 0.33
121308 	  91926 	 0.17 	 0.33
121308 	  92865 	 0.17 	 0.33
121308 	  69026 	 0.11 	 0.33
121308 	  51289 	 0.14 	 0.33
121308 	 108185 	 0.20 	 0.33
121308 	 127451 	 0.17 	 0.33
121308 	  85972 	 0.17 	 0.33
121308 	  68681 	 0.18 	 0.33
121308 	 109370 	 0.15 	 0.33
121308 	  97207 	 0.20 	 0.33
121308 	  91880 	 0.15 	 0.33
121308 	 120065 	 0.16 	 0.33
121308 	  96012 	 0.16 	 0.33
121308 	 101365 	 0.18 	 0.33
121308 	  10274 	 0.11 	 0.33
121308 	  79768 	 0.13 	 0.33
121308 	 122945 	 0.19 	 0.33
121308 	 114259 	 0.16 	 0.33
121308 	  95781 	 0.16 	 0.33
121308 	 116898 	 0.17 	 0.33
121308 	 105156 	 0.16 	 0.33
121308 	 119685 	 0.16 	 0.33
 77148 	  59539 	 0.10 	 0.38
 77148 	 127242 	 0.12 	 0.31
 77148 	 126040 	 0.12 	 0.31
 77148 	 106205 	 0.12 	 0.31
 77148 	 127649 	 0.11 	 0.31
 77148 	  95442 	 0.18 	 0.31
 77148 	 101510 	 0.18 	 0.31
 77148 	  44074 	 0.12 	 0.38
 77148 	   4363 	 0.13 	 0.31
 77148 	  67362 	 0.11 	 0.38
 77148 	 118363 	 0.16 	 0.31
 77148 	  67846 	 0.17 	 0.31
 77148 	 130986 	 0.13 	 0.31
 77148 	  94785 	 0.11 	 0.38
 77148 	 103296 	 0.14 	 0.38
 77148 	 128762 	 0.13 	 0.31
 77148 	  85142 	 0.11 	 0.38
 77148 	 102481 	 0.18 	 0.31
 77148 	   2524 	 0.15 	 0.31
 77148 	  37464 	 0.10 	 0.38
 77148 	  65782 	 0.20 	 0.38
 77148 	  28201 	 0.14 	 0.31
 70314 	  92753 	 0.12 	 0.33
 70314 	  88141 	 0.12 	 0.33
 70314 	  15511 	 0.13 	 0.33
 70314 	 109693 	 0.13 	 0.33
 70314 	 122022 	 0.15 	 0.33
 70314 	 129131 	 0.12 	 0.32
 70314 	  93171 	 0.12 	 0.33
 70314 	 110268 	 0.19 	 0.33
 70314 	  91926 	 0.12 	 0.33
 70314 	 108185 	 0.12 	 0.33
 70314 	  85972 	 0.13 	 0.33
 70314 	  91637 	 0.12 	 0.37
 70314 	  91880 	 0.17 	 0.33
 70314 	 120065 	 0.11 	 0.33
 70314 	 101365 	 0.12 	 0.33
 70314 	 122945 	 0.18 	 0.33
 70314 	 114259 	 0.12 	 0.33
 70314 	   2251 	 0.17 	 0.33
 70314 	   1531 	 0.12 	 0.33
 70314 	  52786 	 0.11 	 0.33
 70314 	 116898 	 0.11 	 0.33
 70314 	 121308 	 0.13 	 0.33
  3715 	  82555 	 0.10 	 0.36
  3715 	  95182 	 0.16 	 0.36
  3715 	 105200 	 0.19 	 0.36
  3715 	  28241 	 0.16 	 0.36
  3715 	  82246 	 0.13 	 0.30
  3715 	  65408 	 0.17 	 0.36
  3715 	 117081 	 0.12 	 0.36
  3715 	  58481 	 0.16 	 0.36
  3715 	   2332 	 0.13 	 0.36
  3715 	  77153 	 0.13 	 0.33
  3715 	   5133 	 0.18 	 0.36
  3715 	 105413 	 0.15 	 0.36
  3715 	  48486 	 0.13 	 0.36
  3715 	  27623 	 0.18 	 0.36
  3715 	  77148 	 0.13 	 0.38
 69513 	   9595 	 0.18 	 0.32
 69513 	  92753 	 0.19 	 0.33
 69513 	  39079 	 0.17 	 0.33
 69513 	 122022 	 0.14 	 0.33
 69513 	 130780 	 0.17 	 0.33
 69513 	  93171 	 0.18 	 0.33
 69513 	  91926 	 0.18 	 0.33
 69513 	  92865 	 0.14 	 0.33
 69513 	  69026 	 0.18 	 0.33
 69513 	 109370 	 0.14 	 0.33
 69513 	  91880 	 0.19 	 0.33
 69513 	 120065 	 0.15 	 0.33
 69513 	  96900 	 0.17 	 0.33
 69513 	 114259 	 0.14 	 0.33
 69513 	  52786 	 0.13 	 0.33
 69513 	 116898 	 0.16 	 0.33
 69513 	 121308 	 0.17 	 0.33
102995 	  93866 	 0.19 	 0.36
102995 	  83275 	 0.18 	 0.36
120346 	  50275 	 0.13 	 0.36
120346 	  76155 	 0.16 	 0.36
120346 	  65408 	 0.18 	 0.36
120346 	  92250 	 0.15 	 0.36
120346 	 105733 	 0.12 	 0.36
120346 	 108174 	 0.13 	 0.36
120346 	  27623 	 0.14 	 0.36
118432 	 122022 	 0.20 	 0.33
118432 	  88333 	 0.16 	 0.33
118432 	 109370 	 0.17 	 0.33
118432 	 120065 	 0.20 	 0.33
118432 	  73957 	 0.18 	 0.33
118432 	 121308 	 0.17 	 0.33
  2267 	  59539 	 0.12 	 0.36
  2267 	  50275 	 0.14 	 0.36
  2267 	 100225 	 0.16 	 0.36
  2267 	  82555 	 0.12 	 0.36
  2267 	  95182 	 0.13 	 0.36
  2267 	  52768 	 0.14 	 0.36
  2267 	 114621 	 0.14 	 0.36
  2267 	  65408 	 0.11 	 0.36
  2267 	 117081 	 0.19 	 0.36
  2267 	  92250 	 0.14 	 0.36
  2267 	  96113 	 0.19 	 0.36
  2267 	 111407 	 0.17 	 0.36
  2267 	 105970 	 0.15 	 0.36
  2267 	 116115 	 0.11 	 0.36
  2267 	   5103 	 0.13 	 0.36
  2267 	   5133 	 0.11 	 0.36
  2267 	 114673 	 0.11 	 0.36
  2267 	  79310 	 0.13 	 0.36
  2267 	 107458 	 0.20 	 0.36
  2267 	 108174 	 0.12 	 0.36
  2267 	 107489 	 0.19 	 0.36
  2267 	  48486 	 0.13 	 0.36
  2267 	  27623 	 0.12 	 0.36
  2267 	  51767 	 0.14 	 0.38
  2267 	   3715 	 0.20 	 0.36
   514 	  82555 	 0.13 	 0.36
   514 	  95182 	 0.10 	 0.36
   514 	 105200 	 0.17 	 0.36
   514 	 117081 	 0.16 	 0.36
   514 	  31490 	 0.11 	 0.31
   514 	 111407 	 0.20 	 0.36
   514 	   5133 	 0.11 	 0.36
   514 	 108273 	 0.16 	 0.36
   514 	 105413 	 0.12 	 0.36
   514 	  48486 	 0.19 	 0.36
   514 	  27623 	 0.15 	 0.36
   514 	  51767 	 0.18 	 0.38
115465 	  62372 	 0.19 	 0.30
115465 	  18307 	 0.16 	 0.30
115465 	  29716 	 0.17 	 0.30
115465 	  15972 	 0.16 	 0.30
115465 	 107489 	 0.12 	 0.30
107890 	  59539 	 0.18 	 0.36
107890 	 117976 	 0.14 	 0.36
107890 	  62372 	 0.13 	 0.36
107890 	  18307 	 0.12 	 0.36
107890 	  82246 	 0.14 	 0.30
107890 	  29716 	 0.12 	 0.36
107890 	  44074 	 0.12 	 0.36
107890 	 115465 	 0.15 	 0.30
 95790 	 105200 	 0.12 	 0.36
 95790 	   5103 	 0.17 	 0.36
 95350 	 131018 	 0.18 	 0.33
 95350 	  92865 	 0.16 	 0.33
 95350 	 109370 	 0.19 	 0.33
 95350 	 120065 	 0.16 	 0.33
 95350 	  96012 	 0.18 	 0.33
 95350 	  95781 	 0.17 	 0.33
 95350 	 105156 	 0.17 	 0.33
 48728 	  75641 	 0.12 	 0.39
 48728 	  65887 	 0.17 	 0.30
109399 	  59539 	 0.16 	 0.36
109399 	 118052 	 0.19 	 0.36
109399 	  52768 	 0.18 	 0.36
109399 	  82246 	 0.14 	 0.30
109399 	  53672 	 0.11 	 0.36
109399 	  44074 	 0.12 	 0.36
109399 	 103296 	 0.13 	 0.36
109399 	 118768 	 0.16 	 0.36
109399 	 101673 	 0.15 	 0.36
109399 	   3715 	 0.17 	 0.36
109399 	    514 	 0.14 	 0.36
 86335 	  39337 	 0.16 	 0.36
 86335 	 107934 	 0.18 	 0.36
 86335 	 116115 	 0.14 	 0.36
 86335 	  94785 	 0.15 	 0.36
 86335 	   5133 	 0.16 	 0.36
 86335 	 114673 	 0.14 	 0.36
 61797 	  39337 	 0.19 	 0.36
 61797 	 107934 	 0.17 	 0.36
 61797 	 116115 	 0.14 	 0.36
 61797 	  58481 	 0.10 	 0.36
 61797 	  94785 	 0.15 	 0.36
 61797 	   5133 	 0.15 	 0.36
 61797 	 114673 	 0.15 	 0.36
 95513 	  39079 	 0.18 	 0.33
 95513 	   8980 	 0.17 	 0.33
 95513 	  69513 	 0.19 	 0.33
 94015 	  80370 	 0.17 	 0.33
 94015 	 122022 	 0.18 	 0.33
 94015 	  88333 	 0.20 	 0.33
 94015 	  66308 	 0.18 	 0.32
 94015 	  70646 	 0.20 	 0.33
 94015 	  85972 	 0.15 	 0.33
 94015 	 109370 	 0.15 	 0.33
 94015 	  91880 	 0.16 	 0.33
 94015 	 101365 	 0.18 	 0.33
 94015 	  96900 	 0.19 	 0.33
 94015 	 114259 	 0.17 	 0.33
 94015 	  52786 	 0.17 	 0.33
 94015 	 121308 	 0.18 	 0.33
 94015 	  70314 	 0.10 	 0.33
 94015 	  69513 	 0.20 	 0.33
117213 	  92753 	 0.17 	 0.33
117213 	  88141 	 0.19 	 0.33
117213 	 205919 	 0.11 	 0.33
117213 	  80370 	 0.18 	 0.33
117213 	  92865 	 0.19 	 0.33
117213 	  51289 	 0.13 	 0.33
117213 	  75641 	 0.16 	 0.39
117213 	  85890 	 0.14 	 0.33
117213 	  65887 	 0.14 	 0.30
117213 	  91880 	 0.18 	 0.33
117213 	 120065 	 0.17 	 0.33
117213 	  79768 	 0.10 	 0.33
117213 	  96900 	 0.19 	 0.33
117213 	  70314 	 0.11 	 0.33
 94005 	  59539 	 0.19 	 0.36
 94005 	  95182 	 0.12 	 0.36
 94005 	  52768 	 0.16 	 0.36
 94005 	  82246 	 0.18 	 0.30
 94005 	  65408 	 0.13 	 0.36
 94005 	 117081 	 0.11 	 0.36
 94005 	  96113 	 0.18 	 0.36
 94005 	  53672 	 0.11 	 0.36
 94005 	  44074 	 0.16 	 0.36
 94005 	  58481 	 0.18 	 0.36
 94005 	 103296 	 0.13 	 0.36
 94005 	   5103 	 0.16 	 0.36
 94005 	   5133 	 0.12 	 0.36
 94005 	  66221 	 0.16 	 0.36
 94005 	   2996 	 0.11 	 0.36
 94005 	 105413 	 0.16 	 0.36
 94005 	  48486 	 0.12 	 0.36
 94005 	  27623 	 0.15 	 0.36
 94005 	 100142 	 0.18 	 0.36
123976 	 105200 	 0.13 	 0.36
 65978 	  59539 	 0.19 	 0.33
 65978 	  52768 	 0.12 	 0.33
 65978 	   2986 	 0.15 	 0.33
 65978 	 117081 	 0.10 	 0.33
 65978 	 111407 	 0.14 	 0.33
 65978 	  44074 	 0.18 	 0.33
 65978 	  67362 	 0.15 	 0.33
 65978 	 103296 	 0.15 	 0.33
 65978 	  43129 	 0.20 	 0.36
 65978 	   5103 	 0.14 	 0.33
 65978 	  85142 	 0.16 	 0.33
 65978 	  37464 	 0.19 	 0.33
 65978 	    514 	 0.11 	 0.33
117950 	  50275 	 0.16 	 0.36
117950 	  76155 	 0.20 	 0.36
117950 	  65408 	 0.18 	 0.36
117950 	  92250 	 0.13 	 0.36
117950 	 100909 	 0.19 	 0.36
117950 	 105970 	 0.18 	 0.36
117950 	 105733 	 0.11 	 0.36
117950 	  77153 	 0.18 	 0.33
117950 	 101749 	 0.20 	 0.36
117950 	 108174 	 0.10 	 0.36
117950 	 115220 	 0.20 	 0.36
117950 	  27623 	 0.12 	 0.36
109086 	  88141 	 0.16 	 0.33
109086 	 119680 	 0.17 	 0.33
109086 	  91563 	 0.18 	 0.33
109086 	 205919 	 0.11 	 0.33
109086 	  80370 	 0.12 	 0.33
109086 	 106302 	 0.17 	 0.33
109086 	  15511 	 0.18 	 0.33
109086 	 109693 	 0.16 	 0.33
109086 	 122022 	 0.14 	 0.33
109086 	  88333 	 0.15 	 0.33
109086 	   8980 	 0.16 	 0.33
109086 	 131018 	 0.16 	 0.33
109086 	  93171 	 0.18 	 0.33
109086 	 110268 	 0.14 	 0.33
109086 	  91926 	 0.15 	 0.33
109086 	  51289 	 0.13 	 0.33
109086 	 127451 	 0.13 	 0.33
109086 	  70646 	 0.20 	 0.33
109086 	  85972 	 0.11 	 0.33
109086 	  68681 	 0.15 	 0.33
109086 	 109370 	 0.10 	 0.33
109086 	  97207 	 0.15 	 0.33
109086 	  91880 	 0.16 	 0.33
109086 	  96012 	 0.14 	 0.33
109086 	 128974 	 0.16 	 0.33
109086 	 101365 	 0.11 	 0.33
109086 	 122945 	 0.14 	 0.33
109086 	  96900 	 0.16 	 0.33
109086 	 114259 	 0.14 	 0.33
109086 	 119112 	 0.19 	 0.33
109086 	   2251 	 0.16 	 0.33
109086 	   1531 	 0.16 	 0.33
109086 	  52786 	 0.18 	 0.33
109086 	  95781 	 0.15 	 0.33
109086 	 116898 	 0.20 	 0.33
109086 	 119685 	 0.14 	 0.33
109086 	  70314 	 0.12 	 0.33
109086 	  69513 	 0.12 	 0.33
109086 	 118432 	 0.17 	 0.33
109086 	  95350 	 0.19 	 0.33
 76438 	  52768 	 0.15 	 0.36
 76438 	 114621 	 0.16 	 0.36
 76438 	  91848 	 0.16 	 0.36
 76438 	  53672 	 0.13 	 0.36
 76438 	 107458 	 0.11 	 0.36
 76438 	 100142 	 0.13 	 0.36
 76438 	   3715 	 0.19 	 0.36
122891 	  66308 	 0.19 	 0.30
122891 	  93950 	 0.18 	 0.36
122891 	  81306 	 0.16 	 0.36
122891 	  69633 	 0.12 	 0.36
122891 	  52786 	 0.16 	 0.32
122891 	  16404 	 0.13 	 0.36
 79171 	 107934 	 0.13 	 0.36
 79171 	  96113 	 0.20 	 0.36
 79171 	 100142 	 0.10 	 0.36
 79171 	 115465 	 0.16 	 0.30
 79171 	 107890 	 0.12 	 0.36
126974 	  77148 	 0.11 	 0.31
105523 	  95182 	 0.17 	 0.36
105523 	  52768 	 0.15 	 0.36
105523 	   2986 	 0.15 	 0.36
105523 	  28241 	 0.13 	 0.36
105523 	  65408 	 0.15 	 0.36
105523 	 117081 	 0.13 	 0.36
105523 	  94332 	 0.17 	 0.36
105523 	  96113 	 0.17 	 0.36
105523 	 111407 	 0.16 	 0.36
105523 	  44074 	 0.17 	 0.36
105523 	  67362 	 0.16 	 0.36
105523 	  58481 	 0.14 	 0.36
105523 	  94785 	 0.17 	 0.36
105523 	 103296 	 0.17 	 0.36
105523 	   5103 	 0.20 	 0.36
105523 	   5133 	 0.15 	 0.36
105523 	  85142 	 0.14 	 0.36
105523 	  37464 	 0.11 	 0.36
105523 	 105413 	 0.13 	 0.36
105523 	  27623 	 0.14 	 0.36
105523 	  65782 	 0.15 	 0.36
105523 	 100142 	 0.16 	 0.36
105523 	  51767 	 0.20 	 0.38
105523 	    514 	 0.11 	 0.36
129421 	   9595 	 0.12 	 0.32
129421 	  92753 	 0.15 	 0.33
129421 	  93171 	 0.16 	 0.33
129421 	  69026 	 0.12 	 0.33
129421 	  65887 	 0.15 	 0.30
129421 	 120065 	 0.17 	 0.33
129421 	  96900 	 0.18 	 0.33
129421 	 114259 	 0.18 	 0.33
129421 	  52786 	 0.18 	 0.33
129421 	 121308 	 0.16 	 0.33
103091 	  39079 	 0.18 	 0.33
103091 	  91563 	 0.18 	 0.33
103091 	  70752 	 0.18 	 0.33
103091 	   8980 	 0.17 	 0.33
103091 	  94015 	 0.19 	 0.33
103091 	 117213 	 0.18 	 0.33
 67993 	  78533 	 0.15 	 0.38
 67993 	 126200 	 0.12 	 0.31
 67993 	 105455 	 0.10 	 0.31
 67993 	  95442 	 0.19 	 0.31
 67993 	  94332 	 0.14 	 0.38
 67993 	 114535 	 0.12 	 0.38
 67993 	 101510 	 0.18 	 0.31
 67993 	  44074 	 0.12 	 0.38
 67993 	   4363 	 0.11 	 0.31
 67993 	  94785 	 0.11 	 0.38
 67993 	   2332 	 0.15 	 0.38
 67993 	 103296 	 0.11 	 0.38
 67993 	  43129 	 0.15 	 0.31
 67993 	   8179 	 0.11 	 0.38
 67993 	   5133 	 0.11 	 0.38
 67993 	  76449 	 0.12 	 0.38
 67993 	  85142 	 0.11 	 0.38
 67993 	 108273 	 0.12 	 0.38
 67993 	  16404 	 0.18 	 0.31
 67993 	  74286 	 0.13 	 0.38
 67993 	  65782 	 0.13 	 0.38
 67993 	   2267 	 0.11 	 0.38
 67993 	  76438 	 0.13 	 0.38
 67993 	 126974 	 0.11 	 0.31
 67993 	 105523 	 0.13 	 0.38
 98991 	  66308 	 0.17 	 0.36
 93696 	  92753 	 0.20 	 0.32
 93696 	  88141 	 0.19 	 0.32
 93696 	 127242 	 0.19 	 0.36
 93696 	 126200 	 0.18 	 0.36
 93696 	  93171 	 0.16 	 0.32
 93696 	 131151 	 0.18 	 0.36
 93696 	 128762 	 0.19 	 0.36
 93696 	  52224 	 0.15 	 0.36
 93696 	   1531 	 0.18 	 0.32
 93696 	 121308 	 0.16 	 0.32
 93696 	  98991 	 0.16 	 0.36
 58883 	 102380 	 0.18 	 0.36
 58883 	 119680 	 0.19 	 0.33
 58883 	  91563 	 0.16 	 0.33
 58883 	 106302 	 0.16 	 0.33
 58883 	  88333 	 0.13 	 0.33
 58883 	   8980 	 0.13 	 0.33
 58883 	 130780 	 0.12 	 0.33
 58883 	 129131 	 0.18 	 0.32
 58883 	 131018 	 0.14 	 0.33
 58883 	  66308 	 0.15 	 0.32
 58883 	  92865 	 0.11 	 0.33
 58883 	 127451 	 0.12 	 0.33
 58883 	  97207 	 0.11 	 0.33
 58883 	 120065 	 0.15 	 0.33
 58883 	  96012 	 0.15 	 0.33
 58883 	  95781 	 0.14 	 0.33
 58883 	 105156 	 0.13 	 0.33
 58883 	  69513 	 0.19 	 0.33
 58883 	 118432 	 0.18 	 0.33
 58883 	  95513 	 0.14 	 0.33
 58883 	 109086 	 0.15 	 0.33
 58883 	 103091 	 0.16 	 0.33
119884 	  59539 	 0.14 	 0.36
119884 	  52768 	 0.17 	 0.36
119884 	 114621 	 0.11 	 0.36
119884 	  91848 	 0.12 	 0.36
119884 	  82246 	 0.13 	 0.30
119884 	  92250 	 0.15 	 0.36
119884 	  96113 	 0.11 	 0.36
119884 	  44074 	 0.10 	 0.36
119884 	 105733 	 0.17 	 0.36
119884 	 107458 	 0.12 	 0.36
119884 	  51767 	 0.16 	 0.38
119884 	   3715 	 0.13 	 0.36
119884 	    514 	 0.11 	 0.36
123022 	  31770 	 0.17 	 0.31
100744 	  78533 	 0.16 	 0.36
100744 	  62372 	 0.18 	 0.36
100744 	 105200 	 0.18 	 0.36
100744 	  18307 	 0.17 	 0.36
100744 	  29716 	 0.17 	 0.36
100744 	 114535 	 0.15 	 0.36
100744 	  65863 	 0.16 	 0.36
100744 	 105970 	 0.20 	 0.36
100744 	 116115 	 0.13 	 0.36
100744 	   2332 	 0.13 	 0.36
100744 	 105733 	 0.13 	 0.36
100744 	   8179 	 0.17 	 0.36
100744 	  76449 	 0.16 	 0.36
100744 	 107458 	 0.18 	 0.36
100744 	 108273 	 0.17 	 0.36
100744 	  15972 	 0.16 	 0.36
100744 	  74286 	 0.16 	 0.36
100744 	   2267 	 0.20 	 0.36
100744 	  94005 	 0.15 	 0.36
100744 	  76438 	 0.16 	 0.36
100744 	  79171 	 0.16 	 0.36
100744 	 105523 	 0.16 	 0.36
118234 	  50275 	 0.13 	 0.36
118234 	  95182 	 0.19 	 0.36
118234 	  76155 	 0.17 	 0.36
118234 	  65408 	 0.19 	 0.36
118234 	  92250 	 0.12 	 0.36
118234 	 100909 	 0.17 	 0.36
118234 	 105970 	 0.16 	 0.36
118234 	 104295 	 0.20 	 0.36
118234 	 105733 	 0.12 	 0.36
118234 	 107458 	 0.14 	 0.36
118234 	 101749 	 0.20 	 0.36
118234 	 108174 	 0.11 	 0.36
118234 	 115220 	 0.19 	 0.36
118234 	  27623 	 0.11 	 0.36
122171 	  82246 	 0.18 	 0.30
122171 	  44074 	 0.19 	 0.36
122171 	 103296 	 0.15 	 0.36
122171 	    514 	 0.14 	 0.36
122171 	  65978 	 0.18 	 0.33
103973 	  66308 	 0.16 	 0.36
111227 	  59539 	 0.17 	 0.36
111227 	 118052 	 0.16 	 0.36
111227 	  52768 	 0.15 	 0.36
111227 	  82246 	 0.19 	 0.30
111227 	  44074 	 0.16 	 0.36
111227 	 103296 	 0.10 	 0.36
111227 	 118768 	 0.16 	 0.36
111227 	 101673 	 0.16 	 0.36
111227 	 106697 	 0.19 	 0.36
111227 	 102995 	 0.18 	 0.36
111227 	    514 	 0.17 	 0.36
111227 	 115465 	 0.16 	 0.30
121157 	  92753 	 0.13 	 0.33
121157 	  88141 	 0.11 	 0.33
121157 	  96511 	 0.19 	 0.33
121157 	  91563 	 0.18 	 0.33
121157 	  80370 	 0.19 	 0.33
121157 	  15511 	 0.17 	 0.33
121157 	  88333 	 0.18 	 0.33
121157 	  93171 	 0.13 	 0.33
121157 	  51289 	 0.13 	 0.33
121157 	  70646 	 0.16 	 0.33
121157 	 109370 	 0.18 	 0.33
121157 	  96900 	 0.14 	 0.33
121157 	 114259 	 0.11 	 0.33
121157 	   1531 	 0.15 	 0.33
121157 	  52786 	 0.17 	 0.33
121157 	 116898 	 0.19 	 0.33
121157 	 121308 	 0.13 	 0.33
121157 	  70314 	 0.10 	 0.33
121157 	 118432 	 0.19 	 0.33
121157 	  94015 	 0.15 	 0.33
121157 	 117213 	 0.16 	 0.33
121157 	 109086 	 0.11 	 0.33
121157 	 103091 	 0.15 	 0.33
 31394 	  92753 	 0.12 	 0.33
 31394 	  88141 	 0.16 	 0.33
 31394 	  91563 	 0.13 	 0.33
 31394 	  15511 	 0.15 	 0.33
 31394 	 109693 	 0.15 	 0.33
 31394 	 122022 	 0.14 	 0.33
 31394 	   8980 	 0.10 	 0.33
 31394 	 129131 	 0.15 	 0.32
 31394 	  93171 	 0.12 	 0.33
 31394 	 110268 	 0.18 	 0.33
 31394 	  91926 	 0.12 	 0.33
 31394 	 108185 	 0.14 	 0.33
 31394 	  85972 	 0.14 	 0.33
 31394 	  91637 	 0.15 	 0.37
 31394 	 109370 	 0.11 	 0.33
 31394 	 120065 	 0.12 	 0.33
 31394 	 128974 	 0.13 	 0.33
 31394 	 101365 	 0.14 	 0.33
 31394 	 122945 	 0.19 	 0.33
 31394 	  96900 	 0.14 	 0.33
 31394 	 114259 	 0.16 	 0.33
 31394 	   1531 	 0.15 	 0.33
 31394 	  52786 	 0.13 	 0.33
 31394 	 116898 	 0.13 	 0.33
 31394 	 121308 	 0.16 	 0.33
 31394 	  94015 	 0.12 	 0.33
 31394 	 117213 	 0.15 	 0.33
 31394 	 109086 	 0.12 	 0.33
 81503 	  28241 	 0.17 	 0.36
 81503 	  82246 	 0.14 	 0.30
 81503 	 114535 	 0.12 	 0.36
 81503 	 111407 	 0.13 	 0.36
 81503 	  65863 	 0.12 	 0.36
 81503 	  58481 	 0.19 	 0.36
 81503 	  94785 	 0.12 	 0.36
 81503 	   8179 	 0.17 	 0.36
 81503 	   5133 	 0.12 	 0.36
 81503 	  51767 	 0.10 	 0.38
 81503 	   2267 	 0.17 	 0.36
 81503 	  94005 	 0.11 	 0.36
116540 	  78533 	 0.14 	 0.36
116540 	  62372 	 0.14 	 0.36
116540 	 114621 	 0.14 	 0.36
116540 	  18307 	 0.13 	 0.36
116540 	 125052 	 0.14 	 0.36
116540 	 124999 	 0.15 	 0.36
116540 	  29716 	 0.16 	 0.36
116540 	  96113 	 0.16 	 0.36
116540 	 100909 	 0.18 	 0.36
116540 	 104295 	 0.16 	 0.36
116540 	   2332 	 0.14 	 0.36
116540 	   2911 	 0.16 	 0.36
116540 	  76449 	 0.17 	 0.36
116540 	 103133 	 0.18 	 0.36
116540 	  15972 	 0.14 	 0.36
116540 	 101749 	 0.16 	 0.36
116540 	 115220 	 0.16 	 0.36
116540 	  74286 	 0.17 	 0.36
116540 	 100142 	 0.17 	 0.36
116540 	  51767 	 0.14 	 0.38
116540 	   2267 	 0.18 	 0.36
116540 	  76438 	 0.18 	 0.36
116540 	 119884 	 0.12 	 0.36
116540 	 100744 	 0.18 	 0.36
123045 	  93950 	 0.17 	 0.31
123045 	  81306 	 0.20 	 0.31
123045 	  69633 	 0.14 	 0.31
123045 	  16404 	 0.16 	 0.31
  2268 	  59539 	 0.17 	 0.36
  2268 	  50275 	 0.16 	 0.36
  2268 	 100225 	 0.17 	 0.36
  2268 	  82555 	 0.12 	 0.36
  2268 	  95182 	 0.12 	 0.36
  2268 	  52768 	 0.17 	 0.36
  2268 	   2986 	 0.20 	 0.36
  2268 	  62372 	 0.12 	 0.36
  2268 	 114621 	 0.16 	 0.36
  2268 	  18307 	 0.12 	 0.36
  2268 	  65408 	 0.14 	 0.36
  2268 	  29716 	 0.13 	 0.36
  2268 	  90147 	 0.16 	 0.36
  2268 	 117081 	 0.12 	 0.36
  2268 	  92250 	 0.13 	 0.36
  2268 	  96113 	 0.17 	 0.36
  2268 	 111407 	 0.20 	 0.36
  2268 	  53672 	 0.11 	 0.36
  2268 	 105970 	 0.15 	 0.36
  2268 	  44074 	 0.14 	 0.36
  2268 	  58481 	 0.17 	 0.36
  2268 	 105733 	 0.14 	 0.36
  2268 	   5103 	 0.15 	 0.36
  2268 	 116522 	 0.18 	 0.36
  2268 	   5133 	 0.10 	 0.36
  2268 	 114673 	 0.13 	 0.36
  2268 	  79310 	 0.11 	 0.36
  2268 	  66221 	 0.12 	 0.36
  2268 	 107458 	 0.17 	 0.36
  2268 	   2996 	 0.17 	 0.36
  2268 	  15972 	 0.11 	 0.36
  2268 	 108174 	 0.15 	 0.36
  2268 	  90137 	 0.16 	 0.36
  2268 	 107489 	 0.17 	 0.36
  2268 	 105413 	 0.15 	 0.36
  2268 	  48486 	 0.13 	 0.36
  2268 	  27623 	 0.15 	 0.36
  2268 	 100142 	 0.19 	 0.36
  2268 	 109399 	 0.16 	 0.36
  2268 	  79171 	 0.11 	 0.36
  2268 	 100744 	 0.13 	 0.36
  2268 	 122171 	 0.19 	 0.36
  2268 	  81503 	 0.14 	 0.36
  7303 	 127242 	 0.19 	 0.35
  7303 	 128844 	 0.19 	 0.35
  7303 	  93950 	 0.17 	 0.35
  7303 	  53106 	 0.15 	 0.35
  7303 	  81306 	 0.13 	 0.35
  7303 	 130986 	 0.19 	 0.35
  7303 	  65887 	 0.11 	 0.38
  7303 	  43129 	 0.16 	 0.35
  7303 	  69633 	 0.13 	 0.35
  7303 	  16404 	 0.13 	 0.35
  7303 	  28201 	 0.17 	 0.35
  7303 	  65978 	 0.15 	 0.30
 92509 	  76155 	 0.14 	 0.36
 92509 	  82246 	 0.10 	 0.30
 92509 	  31490 	 0.19 	 0.31
 92509 	  44074 	 0.14 	 0.36
 92509 	 119111 	 0.17 	 0.36
 92509 	 122251 	 0.15 	 0.36
 92509 	 105733 	 0.15 	 0.36
 92509 	 103296 	 0.15 	 0.36
 92509 	   3715 	 0.17 	 0.36
 92509 	 120346 	 0.18 	 0.36
 92509 	    514 	 0.14 	 0.36
 82242 	  59539 	 0.16 	 0.36
 82242 	  39337 	 0.16 	 0.36
 82242 	  52768 	 0.12 	 0.36
 82242 	 107934 	 0.15 	 0.36
 82242 	  82246 	 0.11 	 0.30
 82242 	  31490 	 0.16 	 0.31
 82242 	  44074 	 0.16 	 0.36
 82242 	 116115 	 0.15 	 0.36
 82242 	 105815 	 0.13 	 0.36
 82242 	  16479 	 0.14 	 0.36
 82242 	   3715 	 0.20 	 0.36
 82242 	    514 	 0.14 	 0.36
 82242 	  86335 	 0.14 	 0.36
 82242 	  61797 	 0.12 	 0.36
 82242 	  81503 	 0.17 	 0.36
 75661 	  92753 	 0.16 	 0.32
 75661 	  39079 	 0.12 	 0.32
 75661 	 127242 	 0.18 	 0.36
 75661 	   5543 	 0.14 	 0.32
 75661 	  15511 	 0.15 	 0.32
 75661 	 105455 	 0.14 	 0.36
 75661 	  93171 	 0.16 	 0.32
 75661 	 131151 	 0.16 	 0.36
 75661 	 130986 	 0.15 	 0.36
 75661 	 128762 	 0.17 	 0.36
 75661 	   2622 	 0.19 	 0.36
 75661 	 108127 	 0.13 	 0.32
 75661 	  92527 	 0.13 	 0.36
 75661 	  52224 	 0.11 	 0.36
 75661 	   1531 	 0.18 	 0.32
 75661 	  62268 	 0.16 	 0.30
 75661 	  94015 	 0.17 	 0.32
 75661 	  67993 	 0.10 	 0.34
 75661 	  98991 	 0.13 	 0.36
 75661 	  58883 	 0.10 	 0.32
 75661 	 103973 	 0.12 	 0.36
 66563 	  59539 	 0.19 	 0.36
 66563 	  95182 	 0.16 	 0.36
 66563 	  52768 	 0.20 	 0.36
 66563 	  28241 	 0.19 	 0.36
 66563 	  65408 	 0.15 	 0.36
 66563 	 117081 	 0.15 	 0.36
 66563 	  53672 	 0.11 	 0.36
 66563 	  44074 	 0.15 	 0.36
 66563 	  58481 	 0.19 	 0.36
 66563 	 103296 	 0.14 	 0.36
 66563 	   5103 	 0.16 	 0.36
 66563 	   5133 	 0.14 	 0.36
 66563 	  66221 	 0.15 	 0.36
 66563 	   2996 	 0.13 	 0.36
 66563 	 105413 	 0.13 	 0.36
 66563 	  48486 	 0.11 	 0.36
 66563 	  27623 	 0.15 	 0.36
 66563 	  67993 	 0.10 	 0.38
 66563 	 100744 	 0.16 	 0.36
 66563 	  81503 	 0.12 	 0.36
 62878 	  59539 	 0.13 	 0.36
 62878 	  52768 	 0.14 	 0.36
 62878 	   2986 	 0.17 	 0.36
 62878 	  28241 	 0.20 	 0.36
 62878 	  82246 	 0.11 	 0.30
 62878 	 117081 	 0.14 	 0.36
 62878 	  94332 	 0.15 	 0.36
 62878 	  96113 	 0.18 	 0.36
 62878 	 111407 	 0.17 	 0.36
 62878 	  44074 	 0.13 	 0.36
 62878 	  67362 	 0.15 	 0.36
 62878 	  58481 	 0.17 	 0.36
 62878 	  94785 	 0.14 	 0.36
 62878 	 103296 	 0.11 	 0.36
 62878 	   5103 	 0.17 	 0.36
 62878 	   5133 	 0.13 	 0.36
 62878 	  85142 	 0.16 	 0.36
 62878 	  66221 	 0.10 	 0.36
 62878 	  37464 	 0.13 	 0.36
 62878 	 105413 	 0.12 	 0.36
 62878 	  48486 	 0.13 	 0.36
 62878 	  65782 	 0.16 	 0.36
 62878 	 100142 	 0.14 	 0.36
 62878 	  51767 	 0.15 	 0.38
 62878 	   3715 	 0.18 	 0.36
 62878 	    514 	 0.17 	 0.36
 62878 	 100744 	 0.14 	 0.36
108160 	  75030 	 0.18 	 0.31
108160 	  77148 	 0.12 	 0.31
108160 	  67993 	 0.12 	 0.31
 77586 	 131018 	 0.19 	 0.33
 77586 	  92865 	 0.18 	 0.33
 77586 	 109370 	 0.18 	 0.33
 77586 	 120065 	 0.16 	 0.33
 77586 	  96012 	 0.17 	 0.33
 77586 	 121308 	 0.19 	 0.33
 77586 	 109086 	 0.18 	 0.33
128300 	  50275 	 0.18 	 0.36
128300 	  82555 	 0.11 	 0.36
128300 	  95182 	 0.15 	 0.36
128300 	  65408 	 0.14 	 0.36
128300 	  92250 	 0.15 	 0.36
128300 	 105733 	 0.17 	 0.36
128300 	  27623 	 0.16 	 0.36
101850 	 111407 	 0.19 	 0.36
101850 	 109399 	 0.19 	 0.36
101850 	 122171 	 0.18 	 0.36
101850 	 111227 	 0.12 	 0.36
 50309 	 129131 	 0.19 	 0.33
 50309 	  66308 	 0.16 	 0.33
 50309 	 108185 	 0.16 	 0.36
 50309 	 122891 	 0.18 	 0.33
 91740 	  92753 	 0.13 	 0.33
 91740 	  88141 	 0.15 	 0.33
 91740 	  81305 	 0.17 	 0.33
 91740 	  91563 	 0.15 	 0.33
 91740 	 205919 	 0.12 	 0.33
 91740 	  15511 	 0.18 	 0.33
 91740 	 122022 	 0.15 	 0.33
 91740 	   8980 	 0.13 	 0.33
 91740 	  93171 	 0.12 	 0.33
 91740 	  91926 	 0.19 	 0.33
 91740 	  69026 	 0.15 	 0.33
 91740 	  70646 	 0.16 	 0.33
 91740 	 120065 	 0.11 	 0.33
 91740 	  10274 	 0.12 	 0.33
 91740 	  79768 	 0.13 	 0.33
 91740 	   2251 	 0.15 	 0.33
 91740 	   1531 	 0.15 	 0.33
 91740 	  52786 	 0.11 	 0.33
 91740 	  81262 	 0.14 	 0.33
 91740 	 116898 	 0.14 	 0.33
 91740 	 121308 	 0.13 	 0.33
 91740 	  70314 	 0.13 	 0.33
 91740 	  94015 	 0.16 	 0.33
 91740 	 117213 	 0.18 	 0.33
 91740 	 109086 	 0.12 	 0.33
 91740 	 121157 	 0.18 	 0.33
 91740 	  31394 	 0.14 	 0.33
 59944 	  94927 	 0.14 	 0.33
 59944 	 117891 	 0.13 	 0.33
 59944 	 130665 	 0.14 	 0.33
 59944 	 129434 	 0.14 	 0.33
 59944 	 128492 	 0.14 	 0.33
 59944 	  73957 	 0.16 	 0.33
 59944 	  99159 	 0.15 	 0.33
 59944 	 126248 	 0.11 	 0.33
 59944 	 118432 	 0.13 	 0.33
 59944 	  95513 	 0.10 	 0.33
 59944 	 103091 	 0.14 	 0.33
 80885 	  92753 	 0.11 	 0.33
 80885 	  88141 	 0.13 	 0.33
 80885 	  15511 	 0.11 	 0.33
 80885 	 109693 	 0.12 	 0.33
 80885 	 122022 	 0.13 	 0.33
 80885 	  93171 	 0.11 	 0.33
 80885 	 110268 	 0.17 	 0.33
 80885 	 108185 	 0.11 	 0.33
 80885 	  85972 	 0.11 	 0.33
 80885 	 101365 	 0.10 	 0.33
 80885 	 122945 	 0.15 	 0.33
 80885 	  96900 	 0.11 	 0.33
 80885 	 114259 	 0.12 	 0.33
 80885 	   2251 	 0.15 	 0.33
 80885 	   1531 	 0.11 	 0.33
 80885 	 121308 	 0.12 	 0.33
 80885 	 117213 	 0.11 	 0.33
 80885 	  91740 	 0.13 	 0.33
 70788 	  59539 	 0.15 	 0.30
 70788 	 100225 	 0.12 	 0.30
 70788 	  78533 	 0.15 	 0.30
 70788 	  52768 	 0.10 	 0.30
 70788 	   2986 	 0.12 	 0.30
 70788 	 114621 	 0.12 	 0.30
 70788 	  90147 	 0.17 	 0.30
 70788 	 114535 	 0.15 	 0.30
 70788 	  65863 	 0.13 	 0.30
 70788 	  53672 	 0.12 	 0.30
 70788 	  44074 	 0.15 	 0.30
 70788 	  67362 	 0.15 	 0.30
 70788 	  94785 	 0.13 	 0.30
 70788 	  91637 	 0.14 	 0.32
 70788 	   2332 	 0.11 	 0.30
 70788 	 103296 	 0.18 	 0.30
 70788 	   5103 	 0.11 	 0.30
 70788 	   8179 	 0.14 	 0.30
 70788 	   5133 	 0.12 	 0.30
 70788 	  76449 	 0.17 	 0.30
 70788 	  85142 	 0.16 	 0.30
 70788 	  79310 	 0.11 	 0.30
 70788 	  37464 	 0.13 	 0.30
 70788 	 108273 	 0.17 	 0.30
 70788 	  90137 	 0.17 	 0.30
 70788 	  74286 	 0.18 	 0.30
 70788 	   3715 	 0.19 	 0.30
 70788 	   2267 	 0.12 	 0.30
 70788 	 107890 	 0.12 	 0.30
 70788 	 109399 	 0.10 	 0.30
 70788 	  94005 	 0.15 	 0.30
 70788 	  76438 	 0.18 	 0.30
 70788 	 105523 	 0.18 	 0.30
 70788 	 122171 	 0.13 	 0.30
 70788 	 111227 	 0.12 	 0.30
 70788 	   2268 	 0.14 	 0.30
 70788 	  92509 	 0.13 	 0.30
 70788 	  82242 	 0.10 	 0.30
 70788 	  66563 	 0.15 	 0.30
 74664 	  52768 	 0.14 	 0.36
 74664 	 114621 	 0.16 	 0.36
 74664 	  91848 	 0.16 	 0.36
 74664 	  53672 	 0.13 	 0.36
 74664 	 107458 	 0.11 	 0.36
 74664 	 100142 	 0.14 	 0.36
 74664 	   3715 	 0.18 	 0.36
 74664 	  67993 	 0.13 	 0.38
 74664 	 100744 	 0.16 	 0.36
 74664 	 116540 	 0.17 	 0.36
 74664 	  70788 	 0.18 	 0.30
106244 	  39079 	 0.18 	 0.33
106244 	 122022 	 0.17 	 0.33
106244 	  68681 	 0.20 	 0.33
106244 	 120065 	 0.18 	 0.33
106244 	 121308 	 0.16 	 0.33
106244 	  95350 	 0.20 	 0.33
106244 	 109086 	 0.16 	 0.33
106244 	  58883 	 0.15 	 0.33
108765 	  50275 	 0.19 	 0.36
108765 	  82555 	 0.11 	 0.36
108765 	  76155 	 0.20 	 0.36
108765 	 105200 	 0.14 	 0.36
108765 	  92250 	 0.16 	 0.36
108765 	 105733 	 0.17 	 0.36
108765 	   3208 	 0.14 	 0.36
108765 	  27623 	 0.16 	 0.36
108765 	 116540 	 0.19 	 0.36
119270 	  88141 	 0.19 	 0.33
119270 	 205919 	 0.10 	 0.33
119270 	  80370 	 0.15 	 0.33
119270 	 122022 	 0.14 	 0.33
119270 	  93171 	 0.20 	 0.33
119270 	 110268 	 0.19 	 0.33
119270 	  91926 	 0.19 	 0.33
119270 	  51289 	 0.14 	 0.33
119270 	  85972 	 0.19 	 0.33
119270 	  91880 	 0.18 	 0.33
119270 	  79768 	 0.11 	 0.33
119270 	   1531 	 0.19 	 0.33
119270 	  52786 	 0.19 	 0.33
119270 	 121308 	 0.17 	 0.33
119270 	  70314 	 0.10 	 0.33
119270 	  69513 	 0.19 	 0.33
119270 	 109086 	 0.20 	 0.33
119270 	 121157 	 0.16 	 0.33
119270 	  31394 	 0.15 	 0.33
119270 	  91740 	 0.18 	 0.33
119270 	  80885 	 0.10 	 0.33
126646 	  59944 	 0.14 	 0.33
108254 	  72992 	 0.15 	 0.36
108254 	 122171 	 0.16 	 0.36
103038 	  83275 	 0.18 	 0.36
 99548 	 106302 	 0.18 	 0.33
 99548 	  88333 	 0.19 	 0.33
 99548 	 131018 	 0.19 	 0.33
 99548 	  92865 	 0.20 	 0.33
 99548 	 120065 	 0.13 	 0.33
 99548 	  96012 	 0.15 	 0.33
 99548 	  95781 	 0.15 	 0.33
 99548 	 105156 	 0.17 	 0.33
 99548 	 118432 	 0.19 	 0.33
 99548 	  58883 	 0.18 	 0.33
 99548 	  75661 	 0.13 	 0.32
 99548 	 106244 	 0.16 	 0.33
 86131 	 122022 	 0.11 	 0.33
 86131 	  91880 	 0.11 	 0.33
 86131 	 121308 	 0.10 	 0.33
  7854 	  59539 	 0.20 	 0.36
  7854 	  50275 	 0.15 	 0.36
  7854 	 100225 	 0.19 	 0.36
  7854 	  95182 	 0.11 	 0.36
  7854 	  52768 	 0.16 	 0.36
  7854 	  62372 	 0.15 	 0.36
  7854 	 114621 	 0.17 	 0.36
  7854 	  18307 	 0.14 	 0.36
  7854 	  28241 	 0.20 	 0.36
  7854 	  82246 	 0.17 	 0.30
  7854 	  65408 	 0.14 	 0.36
  7854 	  29716 	 0.16 	 0.36
  7854 	  90147 	 0.14 	 0.36
  7854 	 117081 	 0.12 	 0.36
  7854 	  92250 	 0.12 	 0.36
  7854 	  96113 	 0.17 	 0.36
  7854 	  53672 	 0.10 	 0.36
  7854 	 105970 	 0.14 	 0.36
  7854 	  44074 	 0.17 	 0.36
  7854 	 116115 	 0.11 	 0.36
  7854 	  58481 	 0.19 	 0.36
  7854 	 105733 	 0.17 	 0.36
  7854 	 103296 	 0.13 	 0.36
  7854 	   5103 	 0.16 	 0.36
  7854 	 116522 	 0.18 	 0.36
  7854 	   5133 	 0.12 	 0.36
  7854 	 114673 	 0.12 	 0.36
  7854 	  66221 	 0.17 	 0.36
  7854 	 107458 	 0.16 	 0.36
  7854 	  37464 	 0.19 	 0.36
  7854 	   2996 	 0.13 	 0.36
  7854 	  15972 	 0.14 	 0.36
  7854 	 108174 	 0.14 	 0.36
  7854 	  90137 	 0.14 	 0.36
  7854 	 107489 	 0.14 	 0.36
  7854 	 105413 	 0.15 	 0.36
  7854 	  48486 	 0.10 	 0.36
  7854 	  27623 	 0.16 	 0.36
  7854 	 100142 	 0.16 	 0.36
  7854 	 109399 	 0.14 	 0.36
  7854 	  79171 	 0.14 	 0.36
  7854 	 100744 	 0.13 	 0.36
  7854 	  81503 	 0.11 	 0.36
  7854 	  92509 	 0.16 	 0.36
  7854 	  82242 	 0.18 	 0.36
  7854 	  70788 	 0.15 	 0.30
126574 	  39079 	 0.19 	 0.33
126574 	 122022 	 0.18 	 0.33
126574 	  88333 	 0.19 	 0.33
126574 	 109370 	 0.20 	 0.33
126574 	 120065 	 0.17 	 0.33
126574 	 121308 	 0.18 	 0.33
126574 	 109086 	 0.14 	 0.33
126574 	  58883 	 0.15 	 0.33
126574 	  77586 	 0.18 	 0.33
 66058 	  92753 	 0.15 	 0.33
 66058 	  88141 	 0.12 	 0.33
 66058 	  91563 	 0.14 	 0.33
 66058 	  15511 	 0.17 	 0.33
 66058 	 122022 	 0.16 	 0.33
 66058 	  93171 	 0.17 	 0.33
 66058 	  91926 	 0.18 	 0.33
 66058 	  69026 	 0.14 	 0.33
 66058 	 108185 	 0.19 	 0.33
 66058 	  75641 	 0.16 	 0.39
 66058 	  65887 	 0.16 	 0.30
 66058 	 109370 	 0.18 	 0.33
 66058 	  91880 	 0.18 	 0.33
 66058 	 120065 	 0.15 	 0.33
 66058 	  96900 	 0.16 	 0.33
 66058 	 114259 	 0.12 	 0.33
 66058 	   2251 	 0.19 	 0.33
 66058 	   1531 	 0.19 	 0.33
 66058 	  52786 	 0.12 	 0.33
 66058 	 116898 	 0.16 	 0.33
 66058 	 121308 	 0.16 	 0.33
 66058 	  94015 	 0.17 	 0.33
 66058 	 117213 	 0.17 	 0.33
 66058 	 109086 	 0.13 	 0.33
 66058 	 119270 	 0.17 	 0.33
127707 	  59944 	 0.12 	 0.33
 94837 	  59539 	 0.14 	 0.36
 94837 	  52768 	 0.16 	 0.36
 94837 	  94332 	 0.13 	 0.36
 94837 	  44074 	 0.15 	 0.36
 94837 	  67362 	 0.14 	 0.36
 94837 	  94785 	 0.17 	 0.36
 94837 	   5133 	 0.11 	 0.36
 94837 	 114673 	 0.19 	 0.36
 94837 	  85142 	 0.11 	 0.36
 94837 	  79310 	 0.19 	 0.36
 94837 	  37464 	 0.16 	 0.36
 94837 	  48486 	 0.18 	 0.36
 94837 	  65782 	 0.13 	 0.36
 94837 	   3715 	 0.16 	 0.36
 94837 	    514 	 0.15 	 0.36
 94837 	  82242 	 0.11 	 0.36
126274 	  93950 	 0.16 	 0.31
119890 	  78533 	 0.10 	 0.36
119890 	  62372 	 0.11 	 0.36
119890 	 114621 	 0.19 	 0.36
119890 	  18307 	 0.10 	 0.36
119890 	  29716 	 0.11 	 0.36
119890 	  96113 	 0.14 	 0.36
119890 	   2332 	 0.10 	 0.36
119890 	 105733 	 0.11 	 0.36
119890 	   2911 	 0.16 	 0.36
119890 	   8179 	 0.17 	 0.36
119890 	  76449 	 0.12 	 0.36
119890 	  15972 	 0.11 	 0.36
119890 	  74286 	 0.12 	 0.36
119890 	  76438 	 0.12 	 0.36
119890 	 119884 	 0.13 	 0.36
119890 	 116540 	 0.17 	 0.36
119890 	   2268 	 0.13 	 0.36
119890 	  74664 	 0.12 	 0.36
119890 	   7854 	 0.12 	 0.36
 41611 	  52768 	 0.15 	 0.36
 41611 	 114621 	 0.15 	 0.36
 41611 	  91848 	 0.15 	 0.36
 41611 	 105733 	 0.19 	 0.36
 41611 	 107458 	 0.11 	 0.36
 41611 	 100142 	 0.14 	 0.36
 41611 	   3715 	 0.16 	 0.36
 41611 	  67993 	 0.13 	 0.38
 41611 	 100744 	 0.17 	 0.36
 41611 	 116540 	 0.14 	 0.36
 41611 	  70788 	 0.14 	 0.30
 41611 	 119890 	 0.12 	 0.36
127382 	  73957 	 0.18 	 0.33
127382 	 105156 	 0.19 	 0.33
127382 	  59944 	 0.10 	 0.33
 60615 	  88333 	 0.17 	 0.32
 60615 	 114379 	 0.15 	 0.32
103084 	  83275 	 0.20 	 0.36
103084 	 111227 	 0.18 	 0.36
130419 	 110268 	 0.19 	 0.32
130419 	  67846 	 0.17 	 0.36
130419 	  43129 	 0.18 	 0.36
130419 	  28201 	 0.19 	 0.36
 68575 	  92753 	 0.16 	 0.33
 68575 	  88141 	 0.15 	 0.33
 68575 	  91563 	 0.17 	 0.33
 68575 	 205919 	 0.10 	 0.33
 68575 	  93171 	 0.15 	 0.33
 68575 	  69026 	 0.12 	 0.33
 68575 	  51289 	 0.16 	 0.33
 68575 	 108185 	 0.19 	 0.33
 68575 	  91880 	 0.19 	 0.33
 68575 	 120065 	 0.20 	 0.33
 68575 	 128974 	 0.20 	 0.33
 68575 	  79768 	 0.11 	 0.33
 68575 	  96900 	 0.17 	 0.33
 68575 	 114259 	 0.18 	 0.33
 68575 	 119685 	 0.18 	 0.33
 68575 	 121308 	 0.20 	 0.33
 68575 	  70314 	 0.13 	 0.33
 68575 	 109086 	 0.18 	 0.33
 68575 	  31394 	 0.13 	 0.33
 68575 	  91740 	 0.16 	 0.33
 68575 	  80885 	 0.11 	 0.33
117924 	  50275 	 0.17 	 0.36
117924 	  76155 	 0.16 	 0.36
117924 	  92250 	 0.14 	 0.36
117924 	 105970 	 0.20 	 0.36
117924 	 105733 	 0.18 	 0.36
117924 	  77153 	 0.16 	 0.33
117924 	 108174 	 0.19 	 0.36
117924 	  27623 	 0.15 	 0.36
117924 	  92509 	 0.16 	 0.36
 62617 	  52768 	 0.14 	 0.36
 62617 	 114621 	 0.16 	 0.36
 62617 	  91848 	 0.16 	 0.36
 62617 	 105733 	 0.19 	 0.36
 62617 	 107458 	 0.11 	 0.36
 62617 	 100142 	 0.14 	 0.36
 62617 	   3715 	 0.16 	 0.36
 62617 	  67993 	 0.14 	 0.38
 62617 	 100744 	 0.17 	 0.36
 62617 	 116540 	 0.14 	 0.36
 62617 	  70788 	 0.15 	 0.30
 62617 	 119890 	 0.13 	 0.36
128707 	  91563 	 0.18 	 0.33
128707 	   8980 	 0.18 	 0.33
128707 	  92865 	 0.18 	 0.33
128707 	  73957 	 0.18 	 0.33
128707 	  69513 	 0.18 	 0.33
128707 	  95513 	 0.19 	 0.33
128707 	  58883 	 0.15 	 0.33
 96495 	 105200 	 0.14 	 0.36
 96495 	   5103 	 0.19 	 0.36
 51984 	  66308 	 0.20 	 0.36
 51984 	  77148 	 0.12 	 0.31
 51984 	  67993 	 0.10 	 0.31
 51984 	   7303 	 0.19 	 0.35
105872 	 117951 	 0.14 	 0.36
105872 	 119111 	 0.19 	 0.36
105872 	 122171 	 0.14 	 0.36
101248 	   8980 	 0.19 	 0.33
101248 	 116898 	 0.20 	 0.33
101248 	  69513 	 0.17 	 0.33
101248 	  59944 	 0.10 	 0.33
124765 	 105200 	 0.13 	 0.36
124765 	   3208 	 0.12 	 0.36
124765 	  93866 	 0.19 	 0.36
124765 	 111227 	 0.18 	 0.36
 95929 	  83275 	 0.18 	 0.36
 97187 	  75566 	 0.19 	 0.31
 90122 	  65887 	 0.14 	 0.30
 90122 	  93696 	 0.14 	 0.32
 76123 	  96511 	 0.14 	 0.38
 76123 	  50275 	 0.13 	 0.30
 76123 	  92014 	 0.17 	 0.30
 76123 	 130665 	 0.16 	 0.38
 76123 	 126869 	 0.15 	 0.30
 76123 	 126040 	 0.13 	 0.30
 76123 	  76155 	 0.12 	 0.30
 76123 	 106205 	 0.13 	 0.30
 76123 	 110571 	 0.13 	 0.38
 76123 	  88333 	 0.16 	 0.38
 76123 	  65408 	 0.14 	 0.30
 76123 	  92250 	 0.19 	 0.30
 76123 	 102503 	 0.17 	 0.30
 76123 	  94264 	 0.12 	 0.30
 76123 	 100909 	 0.20 	 0.30
 76123 	 108185 	 0.15 	 0.38
 76123 	 117951 	 0.15 	 0.30
 76123 	 101510 	 0.19 	 0.30
 76123 	 119111 	 0.20 	 0.30
 76123 	 101544 	 0.19 	 0.30
 76123 	 118363 	 0.15 	 0.30
 76123 	 102383 	 0.19 	 0.30
 76123 	 122251 	 0.18 	 0.30
 76123 	 105733 	 0.13 	 0.30
 76123 	   2622 	 0.13 	 0.30
 76123 	 103133 	 0.14 	 0.30
 76123 	  73957 	 0.11 	 0.38
 76123 	  99159 	 0.18 	 0.38
 76123 	  92527 	 0.18 	 0.30
 76123 	 108174 	 0.14 	 0.30
 76123 	 115220 	 0.20 	 0.30
 76123 	  27623 	 0.16 	 0.30
 76123 	 116898 	 0.16 	 0.38
 76123 	 105156 	 0.16 	 0.38
 76123 	  95409 	 0.20 	 0.38
 76123 	  94015 	 0.14 	 0.38
 76123 	 113610 	 0.16 	 0.38
 76123 	 115883 	 0.19 	 0.30
 76123 	 103973 	 0.18 	 0.30
 76123 	 121157 	 0.20 	 0.38
 76123 	 128300 	 0.17 	 0.30
 76123 	  59944 	 0.10 	 0.38
 76123 	 108765 	 0.14 	 0.30
 76123 	 127707 	 0.17 	 0.38
 76123 	 127382 	 0.19 	 0.38
 76123 	 117924 	 0.17 	 0.30
 76123 	 126992 	 0.17 	 0.30
 76123 	 101248 	 0.16 	 0.38
 66016 	  63310 	 0.16 	 0.36
102704 	  76123 	 0.17 	 0.30
131601 	  50275 	 0.16 	 0.36
131601 	  76155 	 0.11 	 0.36
131601 	 125052 	 0.14 	 0.36
131601 	 124999 	 0.15 	 0.36
131601 	  96113 	 0.15 	 0.36
131601 	 117951 	 0.18 	 0.36
131601 	 119111 	 0.18 	 0.36
131601 	 101544 	 0.15 	 0.36
131601 	 122251 	 0.15 	 0.36
131601 	 124080 	 0.20 	 0.36
131601 	 103133 	 0.15 	 0.36
131601 	 115220 	 0.20 	 0.36
131601 	 100142 	 0.13 	 0.36
131601 	  51767 	 0.18 	 0.38
131601 	 120346 	 0.17 	 0.36
131601 	 117950 	 0.11 	 0.36
131601 	 100744 	 0.18 	 0.36
131601 	 118234 	 0.13 	 0.36
131601 	 128300 	 0.15 	 0.36
131601 	 108765 	 0.17 	 0.36
131601 	 119890 	 0.11 	 0.36
131601 	 117924 	 0.18 	 0.36
131601 	  76123 	 0.17 	 0.30
111569 	  82555 	 0.11 	 0.36
111569 	  76155 	 0.19 	 0.36
111569 	 105200 	 0.14 	 0.36
111569 	  92250 	 0.17 	 0.36
111569 	 105733 	 0.20 	 0.36
111569 	   3208 	 0.15 	 0.36
111569 	 117950 	 0.19 	 0.36
111569 	 118234 	 0.16 	 0.36
111569 	 116540 	 0.17 	 0.36
111569 	  76123 	 0.17 	 0.30
111569 	 131601 	 0.19 	 0.36
101342 	  75566 	 0.18 	 0.31
101342 	  52224 	 0.17 	 0.31
 68241 	 113027 	 0.17 	 0.30
 68241 	 109370 	 0.17 	 0.30
 68241 	 108127 	 0.18 	 0.30
 68241 	 114259 	 0.16 	 0.30
124365 	  92753 	 0.15 	 0.33
124365 	  88141 	 0.19 	 0.33
124365 	  81305 	 0.15 	 0.33
124365 	 205919 	 0.14 	 0.33
124365 	 122022 	 0.18 	 0.33
124365 	   8980 	 0.20 	 0.33
124365 	  93171 	 0.17 	 0.33
124365 	  91926 	 0.19 	 0.33
124365 	  69026 	 0.15 	 0.33
124365 	  51289 	 0.12 	 0.33
124365 	  70646 	 0.20 	 0.33
124365 	  10274 	 0.11 	 0.33
124365 	  79768 	 0.16 	 0.33
124365 	  52786 	 0.14 	 0.33
124365 	  81262 	 0.12 	 0.33
124365 	 121308 	 0.17 	 0.33
124365 	  70314 	 0.15 	 0.33
124365 	  48728 	 0.10 	 0.33
124365 	 109086 	 0.14 	 0.33
124365 	  31394 	 0.19 	 0.33
124365 	  80885 	 0.15 	 0.33
124365 	  86131 	 0.11 	 0.33
 86570 	  75641 	 0.12 	 0.39
 86570 	  65887 	 0.17 	 0.30
 86570 	 124365 	 0.10 	 0.33
113690 	  85890 	 0.20 	 0.33
 94367 	 131018 	 0.19 	 0.33
 94367 	  92865 	 0.17 	 0.33
 94367 	 120065 	 0.15 	 0.33
 94367 	 105156 	 0.20 	 0.33
 94367 	  69513 	 0.20 	 0.33
 94367 	 109086 	 0.19 	 0.33
 94367 	  59944 	 0.11 	 0.33
128822 	  50309 	 0.13 	 0.36
128975 	  75030 	 0.14 	 0.31
128975 	  67993 	 0.10 	 0.31
123702 	  92753 	 0.17 	 0.33
123702 	  88141 	 0.18 	 0.33
123702 	  81305 	 0.14 	 0.33
123702 	 205919 	 0.10 	 0.33
123702 	 122022 	 0.18 	 0.33
123702 	  93171 	 0.17 	 0.33
123702 	  69026 	 0.14 	 0.33
123702 	  51289 	 0.11 	 0.33
123702 	  70646 	 0.18 	 0.33
123702 	 120065 	 0.13 	 0.33
123702 	  79768 	 0.14 	 0.33
123702 	   1531 	 0.19 	 0.33
123702 	  52786 	 0.13 	 0.33
123702 	 121308 	 0.18 	 0.33
123702 	  70314 	 0.13 	 0.33
123702 	  94015 	 0.19 	 0.33
123702 	 109086 	 0.16 	 0.33
123702 	  31394 	 0.15 	 0.33
123702 	  80885 	 0.13 	 0.33
126225 	  78533 	 0.17 	 0.36
126225 	  62372 	 0.19 	 0.36
126225 	 105200 	 0.12 	 0.36
126225 	 114621 	 0.20 	 0.36
126225 	  18307 	 0.18 	 0.36
126225 	  91848 	 0.16 	 0.36
126225 	  29716 	 0.18 	 0.36
126225 	  92250 	 0.12 	 0.36
126225 	  65863 	 0.16 	 0.36
126225 	 116115 	 0.14 	 0.36
126225 	   2332 	 0.16 	 0.36
126225 	 105733 	 0.15 	 0.36
126225 	   8179 	 0.17 	 0.36
126225 	  76449 	 0.18 	 0.36
126225 	   3208 	 0.14 	 0.36
126225 	  15972 	 0.17 	 0.36
126225 	  74286 	 0.18 	 0.36
126225 	   2267 	 0.17 	 0.36
126225 	  94005 	 0.18 	 0.36
126225 	  76438 	 0.18 	 0.36
126225 	  79171 	 0.18 	 0.36
126225 	 105523 	 0.16 	 0.36
126225 	 119884 	 0.14 	 0.36
126225 	 116540 	 0.14 	 0.36
126225 	   2268 	 0.18 	 0.36
126225 	  62878 	 0.17 	 0.36
126225 	  74664 	 0.18 	 0.36
126225 	   7854 	 0.18 	 0.36
126225 	 119890 	 0.19 	 0.36
126225 	  41611 	 0.19 	 0.36
126225 	  62617 	 0.18 	 0.36
126225 	 131601 	 0.18 	 0.36
113068 	  81305 	 0.14 	 0.33
113068 	  39079 	 0.19 	 0.33
113068 	 205919 	 0.10 	 0.33
113068 	  80370 	 0.15 	 0.33
113068 	 122022 	 0.14 	 0.33
113068 	   8980 	 0.16 	 0.33
113068 	 130780 	 0.19 	 0.33
113068 	 110268 	 0.17 	 0.33
113068 	  91926 	 0.17 	 0.33
113068 	  92865 	 0.16 	 0.33
113068 	  69026 	 0.15 	 0.33
113068 	  51289 	 0.13 	 0.33
113068 	  85890 	 0.18 	 0.33
113068 	  70646 	 0.17 	 0.33
113068 	  85972 	 0.13 	 0.33
113068 	 109370 	 0.13 	 0.33
113068 	  91880 	 0.19 	 0.33
113068 	 128974 	 0.19 	 0.33
113068 	 101365 	 0.18 	 0.33
113068 	  79768 	 0.14 	 0.33
113068 	 122945 	 0.18 	 0.33
113068 	  96900 	 0.17 	 0.33
113068 	 114259 	 0.17 	 0.33
113068 	   2251 	 0.19 	 0.33
113068 	   1531 	 0.19 	 0.33
113068 	  52786 	 0.16 	 0.33
113068 	 119685 	 0.18 	 0.33
113068 	 121308 	 0.16 	 0.33
113068 	  70314 	 0.15 	 0.33
113068 	  69513 	 0.20 	 0.33
113068 	  95513 	 0.20 	 0.33
113068 	  94015 	 0.17 	 0.33
113068 	 109086 	 0.17 	 0.33
113068 	 129421 	 0.16 	 0.33
113068 	  58883 	 0.16 	 0.33
113068 	 121157 	 0.12 	 0.33
113068 	  31394 	 0.17 	 0.33
113068 	  91740 	 0.16 	 0.33
113068 	  59944 	 0.11 	 0.33
113068 	  80885 	 0.14 	 0.33
113068 	  66058 	 0.15 	 0.33
113068 	  68575 	 0.18 	 0.33
113068 	 101248 	 0.19 	 0.33
113068 	  94367 	 0.20 	 0.33
 95748 	 109370 	 0.18 	 0.33
 95748 	 121308 	 0.18 	 0.33
 95748 	  95350 	 0.19 	 0.33
 95748 	 109086 	 0.16 	 0.33
 95748 	  58883 	 0.15 	 0.33
 95748 	  99548 	 0.18 	 0.33
 76053 	  75030 	 0.20 	 0.31
 76053 	  66308 	 0.17 	 0.36
 76053 	  67993 	 0.12 	 0.31
 76053 	  75661 	 0.13 	 0.36
117793 	  50275 	 0.19 	 0.36
117793 	  82555 	 0.12 	 0.36
117793 	  95182 	 0.14 	 0.36
117793 	  65408 	 0.13 	 0.36
117793 	  92250 	 0.15 	 0.36
117793 	 105733 	 0.16 	 0.36
117793 	 108174 	 0.20 	 0.36
117793 	  27623 	 0.17 	 0.36
117793 	  76123 	 0.16 	 0.30
117793 	 131601 	 0.17 	 0.36
125108 	 116115 	 0.11 	 0.36
117490 	   9595 	 0.16 	 0.32
117344 	  93950 	 0.19 	 0.31
117344 	  69633 	 0.13 	 0.31
117344 	  16404 	 0.15 	 0.31
 97464 	  16404 	 0.13 	 0.31
 69636 	  97838 	 0.12 	 0.36
 69636 	  72459 	 0.16 	 0.32
 69636 	 122891 	 0.12 	 0.36
 69636 	 123045 	 0.14 	 0.31
113639 	 105200 	 0.15 	 0.36
 52076 	  59539 	 0.16 	 0.38
 52076 	  52768 	 0.12 	 0.38
 52076 	   2986 	 0.14 	 0.38
 52076 	 129131 	 0.15 	 0.34
 52076 	  53672 	 0.10 	 0.38
 52076 	  44074 	 0.18 	 0.38
 52076 	 127855 	 0.14 	 0.31
 52076 	   4363 	 0.15 	 0.31
 52076 	  67362 	 0.13 	 0.38
 52076 	  93950 	 0.14 	 0.31
 52076 	 129960 	 0.12 	 0.34
 52076 	  94785 	 0.15 	 0.38
 52076 	 103296 	 0.19 	 0.38
 52076 	  43129 	 0.17 	 0.31
 52076 	   5133 	 0.16 	 0.38
 52076 	  85142 	 0.17 	 0.38
 52076 	  37464 	 0.11 	 0.38
 52076 	  28201 	 0.19 	 0.31
 52076 	 103973 	 0.13 	 0.31
 52076 	   7303 	 0.11 	 0.35
 52076 	  82242 	 0.12 	 0.38
 52076 	 108160 	 0.17 	 0.31
 52076 	  51984 	 0.18 	 0.31
 34899 	  97838 	 0.18 	 0.36
 34899 	 129131 	 0.15 	 0.36
 34899 	 126721 	 0.10 	 0.36
 34899 	  75566 	 0.12 	 0.31
 34899 	  65978 	 0.17 	 0.36
 34899 	 122891 	 0.18 	 0.36
 34899 	  52076 	 0.19 	 0.31
 73555 	  80370 	 0.16 	 0.33
 73555 	 109693 	 0.19 	 0.33
 73555 	 122022 	 0.15 	 0.33
 73555 	  88333 	 0.17 	 0.33
 73555 	   8980 	 0.18 	 0.33
 73555 	 131018 	 0.17 	 0.33
 73555 	 110268 	 0.20 	 0.33
 73555 	  91926 	 0.17 	 0.33
 73555 	  92865 	 0.16 	 0.33
 73555 	 108185 	 0.19 	 0.33
 73555 	 127451 	 0.14 	 0.33
 73555 	  85972 	 0.12 	 0.33
 73555 	 109370 	 0.12 	 0.33
 73555 	  97207 	 0.16 	 0.33
 73555 	  91880 	 0.15 	 0.33
 73555 	 120065 	 0.17 	 0.33
 73555 	  96012 	 0.17 	 0.33
 73555 	 128974 	 0.19 	 0.33
 73555 	 101365 	 0.14 	 0.33
 73555 	  96900 	 0.19 	 0.33
 73555 	 114259 	 0.19 	 0.33
 73555 	 119112 	 0.20 	 0.33
 73555 	  52786 	 0.18 	 0.33
 73555 	  95781 	 0.19 	 0.33
 73555 	 105156 	 0.18 	 0.33
 73555 	  70314 	 0.11 	 0.33
 73555 	  95350 	 0.19 	 0.33
 73555 	 109086 	 0.17 	 0.33
 73555 	 121157 	 0.12 	 0.33
 73555 	  31394 	 0.14 	 0.33
 73555 	  91740 	 0.12 	 0.33
 73555 	 106244 	 0.19 	 0.33
 73555 	 126574 	 0.15 	 0.33
 73555 	  66058 	 0.14 	 0.33
 73555 	  68575 	 0.16 	 0.33
 73555 	 124365 	 0.18 	 0.33
 73555 	  94367 	 0.19 	 0.33
 73555 	 123702 	 0.17 	 0.33
 73555 	 113068 	 0.19 	 0.33
 94032 	 122891 	 0.20 	 0.32
 98993 	  81305 	 0.17 	 0.33
 98993 	  69026 	 0.17 	 0.33
 98993 	  85972 	 0.20 	 0.33
 98993 	  59944 	 0.15 	 0.33
 98993 	  76123 	 0.18 	 0.38
129520 	  58883 	 0.16 	 0.32
 50841 	  82503 	 0.10 	 0.32
 91849 	  67846 	 0.19 	 0.35
 91849 	  81306 	 0.14 	 0.35
 91849 	 130986 	 0.20 	 0.35
 91849 	 102383 	 0.18 	 0.35
 91849 	  43129 	 0.14 	 0.35
 91849 	  16404 	 0.14 	 0.35
 91849 	  28201 	 0.18 	 0.35
 91849 	 123045 	 0.20 	 0.35
117925 	  50275 	 0.20 	 0.36
117925 	  65408 	 0.17 	 0.36
117925 	  92250 	 0.15 	 0.36
117925 	 105733 	 0.15 	 0.36
117925 	 108174 	 0.15 	 0.36
117925 	  27623 	 0.16 	 0.36
117925 	  76123 	 0.17 	 0.30
117925 	 131601 	 0.14 	 0.36
107802 	  50275 	 0.16 	 0.36
107802 	 100225 	 0.19 	 0.36
107802 	  95182 	 0.17 	 0.36
107802 	  52768 	 0.16 	 0.36
107802 	   2986 	 0.15 	 0.36
107802 	 105200 	 0.12 	 0.36
107802 	  91848 	 0.16 	 0.36
107802 	  28241 	 0.13 	 0.36
107802 	  82246 	 0.11 	 0.30
107802 	  65408 	 0.13 	 0.36
107802 	  90147 	 0.13 	 0.36
107802 	 117081 	 0.15 	 0.36
107802 	  92250 	 0.11 	 0.36
107802 	  94332 	 0.17 	 0.36
107802 	  96113 	 0.18 	 0.36
107802 	 111407 	 0.15 	 0.36
107802 	  53672 	 0.14 	 0.36
107802 	 105970 	 0.15 	 0.36
107802 	 116115 	 0.15 	 0.36
107802 	  67362 	 0.15 	 0.36
107802 	  58481 	 0.15 	 0.36
107802 	  94785 	 0.15 	 0.36
107802 	 105733 	 0.19 	 0.36
107802 	 116522 	 0.18 	 0.36
107802 	 114673 	 0.17 	 0.36
107802 	  85142 	 0.17 	 0.36
107802 	 107458 	 0.15 	 0.36
107802 	  37464 	 0.13 	 0.36
107802 	 108174 	 0.14 	 0.36
107802 	  90137 	 0.13 	 0.36
107802 	 107489 	 0.11 	 0.36
107802 	 105413 	 0.15 	 0.36
107802 	  27623 	 0.13 	 0.36
107802 	  65782 	 0.15 	 0.36
107802 	 100142 	 0.16 	 0.36
107802 	    514 	 0.11 	 0.36
107802 	 107890 	 0.14 	 0.36
107802 	 109399 	 0.16 	 0.36
107802 	  67993 	 0.12 	 0.38
107802 	 100744 	 0.19 	 0.36
107802 	 122171 	 0.18 	 0.36
107802 	 111227 	 0.15 	 0.36
107802 	  92509 	 0.16 	 0.36
107802 	  82242 	 0.13 	 0.36
107802 	  70788 	 0.15 	 0.30
107802 	 119890 	 0.16 	 0.36
107802 	 131601 	 0.17 	 0.36
107802 	 126225 	 0.18 	 0.36
103602 	 120998 	 0.18 	 0.36
 93364 	 127242 	 0.16 	 0.36
 93364 	   5543 	 0.20 	 0.32
 93364 	 105455 	 0.20 	 0.36
 93364 	 127649 	 0.18 	 0.36
 93364 	 108185 	 0.17 	 0.32
 93364 	 101510 	 0.17 	 0.36
 93364 	 130986 	 0.19 	 0.36
 93364 	 102383 	 0.19 	 0.36
 93364 	 128762 	 0.17 	 0.36
 93364 	   2622 	 0.17 	 0.36
 93364 	  52224 	 0.18 	 0.36
 93364 	 115258 	 0.18 	 0.32
 93364 	  98991 	 0.15 	 0.36
 93364 	  75661 	 0.12 	 0.30
 93364 	  90122 	 0.13 	 0.32
 93364 	 128822 	 0.17 	 0.32
119808 	  94908 	 0.19 	 0.36
119808 	  78533 	 0.13 	 0.36
119808 	  62372 	 0.13 	 0.36
119808 	 114621 	 0.12 	 0.36
119808 	  18307 	 0.12 	 0.36
119808 	  91848 	 0.13 	 0.36
119808 	 125052 	 0.12 	 0.36
119808 	 124999 	 0.16 	 0.36
119808 	  29716 	 0.14 	 0.36
119808 	  96113 	 0.17 	 0.36
119808 	 100909 	 0.18 	 0.36
119808 	 104295 	 0.18 	 0.36
119808 	   2332 	 0.13 	 0.36
119808 	   2911 	 0.19 	 0.36
119808 	 124080 	 0.19 	 0.36
119808 	   8179 	 0.13 	 0.36
119808 	  76449 	 0.15 	 0.36
119808 	 103133 	 0.18 	 0.36
119808 	  15972 	 0.12 	 0.36
119808 	 101749 	 0.17 	 0.36
119808 	 115220 	 0.19 	 0.36
119808 	  74286 	 0.15 	 0.36
119808 	 100142 	 0.15 	 0.36
119808 	  51767 	 0.13 	 0.38
119808 	   2267 	 0.10 	 0.36
119808 	  76438 	 0.15 	 0.36
119808 	 119884 	 0.15 	 0.36
119808 	 100744 	 0.17 	 0.36
119808 	 118234 	 0.14 	 0.36
119808 	   2268 	 0.11 	 0.36
119808 	 128300 	 0.17 	 0.36
119808 	  74664 	 0.15 	 0.36
119808 	 108765 	 0.17 	 0.36
119808 	   7854 	 0.13 	 0.36
119808 	  41611 	 0.14 	 0.36
119808 	  62617 	 0.15 	 0.36
119808 	 111569 	 0.19 	 0.36
119808 	 126225 	 0.18 	 0.36
119808 	 117793 	 0.18 	 0.36
119808 	 107802 	 0.16 	 0.36
125120 	 116115 	 0.12 	 0.36
125120 	  93696 	 0.20 	 0.32
129161 	  76123 	 0.17 	 0.30
 31821 	  59539 	 0.19 	 0.38
 31821 	  95442 	 0.15 	 0.31
 31821 	  94332 	 0.10 	 0.38
 31821 	  53672 	 0.10 	 0.38
 31821 	  44074 	 0.11 	 0.38
 31821 	 127855 	 0.12 	 0.31
 31821 	   4363 	 0.15 	 0.31
 31821 	  93950 	 0.11 	 0.31
 31821 	  58481 	 0.14 	 0.38
 31821 	  94785 	 0.13 	 0.38
 31821 	 103296 	 0.15 	 0.38
 31821 	  43129 	 0.11 	 0.31
 31821 	   5103 	 0.11 	 0.38
 31821 	   5133 	 0.15 	 0.38
 31821 	 114673 	 0.20 	 0.38
 31821 	  85142 	 0.11 	 0.38
 31821 	  79310 	 0.15 	 0.38
 31821 	   2524 	 0.14 	 0.31
 31821 	  65782 	 0.11 	 0.38
 31821 	  28201 	 0.11 	 0.31
 31821 	   3715 	 0.11 	 0.38
 31821 	 103973 	 0.16 	 0.31
 31821 	  82242 	 0.10 	 0.38
 31821 	 108160 	 0.15 	 0.31
 31821 	  51984 	 0.17 	 0.31
 31821 	  34899 	 0.15 	 0.31
 98813 	  94908 	 0.17 	 0.36
 98813 	  50275 	 0.12 	 0.36
 98813 	  82555 	 0.13 	 0.36
 98813 	  95182 	 0.11 	 0.36
 98813 	  76155 	 0.14 	 0.36
 98813 	  65408 	 0.11 	 0.36
 98813 	 102078 	 0.19 	 0.36
 98813 	 100909 	 0.15 	 0.36
 98813 	 117951 	 0.15 	 0.36
 98813 	 105970 	 0.14 	 0.36
 98813 	 101544 	 0.19 	 0.36
 98813 	 104295 	 0.17 	 0.36
 98813 	 122251 	 0.17 	 0.36
 98813 	 105733 	 0.12 	 0.36
 98813 	 124080 	 0.18 	 0.36
 98813 	 103133 	 0.16 	 0.36
 98813 	 107458 	 0.19 	 0.36
 98813 	 101673 	 0.15 	 0.36
 98813 	 120998 	 0.17 	 0.36
 98813 	 101749 	 0.17 	 0.36
 98813 	 108174 	 0.10 	 0.36
 98813 	 103677 	 0.17 	 0.36
 98813 	 115220 	 0.17 	 0.36
 98813 	  27623 	 0.13 	 0.36
 98813 	 120346 	 0.18 	 0.36
 98813 	 117950 	 0.18 	 0.36
 98813 	 118234 	 0.19 	 0.36
 98813 	 116540 	 0.20 	 0.36
 98813 	  92509 	 0.19 	 0.36
 98813 	 128300 	 0.17 	 0.36
 98813 	 108765 	 0.15 	 0.36
 98813 	 117924 	 0.19 	 0.36
 98813 	  76123 	 0.15 	 0.30
 98813 	 131601 	 0.10 	 0.36
 98813 	 111569 	 0.15 	 0.36
 98813 	 117793 	 0.17 	 0.36
 98813 	 119808 	 0.16 	 0.36
 61674 	  91563 	 0.15 	 0.33
 61674 	 122022 	 0.17 	 0.33
 61674 	 130780 	 0.19 	 0.33
 61674 	 131018 	 0.20 	 0.33
 61674 	  92865 	 0.19 	 0.33
 61674 	 127451 	 0.18 	 0.33
 61674 	 109370 	 0.14 	 0.33
 61674 	  97207 	 0.16 	 0.33
 61674 	  96012 	 0.19 	 0.33
 61674 	 105156 	 0.15 	 0.33
 61674 	 118432 	 0.18 	 0.33
 61674 	 129421 	 0.18 	 0.33
 61674 	  59944 	 0.19 	 0.33
 61674 	 128707 	 0.18 	 0.33
121983 	  92753 	 0.18 	 0.33
121983 	  88141 	 0.16 	 0.33
121983 	  97838 	 0.17 	 0.32
121983 	  80370 	 0.18 	 0.33
121983 	 122022 	 0.18 	 0.33
121983 	   8980 	 0.19 	 0.33
121983 	  93171 	 0.18 	 0.33
121983 	 110268 	 0.16 	 0.33
121983 	  51289 	 0.12 	 0.33
121983 	 108185 	 0.19 	 0.33
121983 	  85890 	 0.11 	 0.33
121983 	  70646 	 0.17 	 0.33
121983 	  85972 	 0.17 	 0.33
121983 	 125839 	 0.19 	 0.33
121983 	 101365 	 0.19 	 0.33
121983 	 122945 	 0.17 	 0.33
121983 	 119617 	 0.19 	 0.33
121983 	  96900 	 0.19 	 0.33
121983 	 114259 	 0.11 	 0.33
121983 	 119112 	 0.16 	 0.33
121983 	   1531 	 0.19 	 0.33
121983 	  52786 	 0.16 	 0.33
121983 	 124477 	 0.20 	 0.33
121983 	 121308 	 0.15 	 0.33
121983 	  69513 	 0.18 	 0.33
121983 	  94015 	 0.18 	 0.33
121983 	 117213 	 0.17 	 0.33
121983 	 109086 	 0.14 	 0.33
121983 	 129421 	 0.16 	 0.33
121983 	 100172 	 0.14 	 0.33
121983 	  91740 	 0.19 	 0.33
121983 	  66058 	 0.18 	 0.33
121983 	  68575 	 0.18 	 0.33
121983 	 124365 	 0.18 	 0.33
121983 	 113690 	 0.20 	 0.33
121983 	 113068 	 0.20 	 0.33
121983 	  73555 	 0.12 	 0.33
125231 	  76123 	 0.19 	 0.30
 92153 	  68241 	 0.16 	 0.30
 95496 	  83275 	 0.15 	 0.36
 92477 	  59539 	 0.17 	 0.36
 92477 	  53672 	 0.11 	 0.36
 92477 	 117951 	 0.17 	 0.36
 92477 	  44074 	 0.14 	 0.36
 92477 	 103296 	 0.11 	 0.36
 92477 	   3715 	 0.18 	 0.36
 92477 	    514 	 0.14 	 0.36
 92477 	  65978 	 0.14 	 0.33
 92477 	  81503 	 0.11 	 0.36
 92477 	  70788 	 0.11 	 0.30
 92477 	 105872 	 0.12 	 0.36
124281 	 105200 	 0.15 	 0.36
 96106 	  67993 	 0.10 	 0.31
 96106 	  75661 	 0.17 	 0.36
 96106 	  93364 	 0.19 	 0.36
111453 	  93950 	 0.15 	 0.35
 82662 	 129131 	 0.18 	 0.36
 82662 	  95442 	 0.14 	 0.31
 82662 	  31490 	 0.18 	 0.34
 82662 	 100782 	 0.15 	 0.31
 82662 	  53106 	 0.15 	 0.31
 82662 	  43129 	 0.14 	 0.31
 82662 	  75566 	 0.14 	 0.31
 82662 	 123045 	 0.14 	 0.31
 82662 	   7303 	 0.13 	 0.35
 82662 	  51984 	 0.19 	 0.31
 82662 	 117344 	 0.17 	 0.31
 82662 	  97464 	 0.15 	 0.31
 64212 	  59539 	 0.17 	 0.36
 64212 	  39337 	 0.19 	 0.36
 64212 	  50275 	 0.11 	 0.36
 64212 	 100225 	 0.16 	 0.36
 64212 	  78533 	 0.15 	 0.36
 64212 	  95182 	 0.19 	 0.36
 64212 	  52768 	 0.19 	 0.36
 64212 	   2986 	 0.15 	 0.36
 64212 	  76155 	 0.19 	 0.36
 64212 	 105200 	 0.12 	 0.36
 64212 	 107934 	 0.15 	 0.36
 64212 	  82246 	 0.15 	 0.30
 64212 	  65408 	 0.18 	 0.36
 64212 	 117081 	 0.18 	 0.36
 64212 	  31490 	 0.17 	 0.31
 64212 	 111407 	 0.16 	 0.36
 64212 	  53672 	 0.15 	 0.36
 64212 	  44074 	 0.15 	 0.36
 64212 	 116115 	 0.15 	 0.36
 64212 	  67362 	 0.17 	 0.36
 64212 	   2332 	 0.10 	 0.36
 64212 	 103296 	 0.15 	 0.36
 64212 	  16479 	 0.11 	 0.36
 64212 	   5103 	 0.16 	 0.36
 64212 	 116522 	 0.12 	 0.36
 64212 	  76449 	 0.14 	 0.36
 64212 	  66221 	 0.17 	 0.36
 64212 	 108273 	 0.20 	 0.36
 64212 	 108174 	 0.11 	 0.36
 64212 	 107489 	 0.10 	 0.36
 64212 	 105413 	 0.17 	 0.36
 64212 	  37931 	 0.11 	 0.36
 64212 	  74286 	 0.14 	 0.36
 64212 	  27623 	 0.12 	 0.36
 64212 	   3715 	 0.17 	 0.36
 64212 	   2267 	 0.19 	 0.36
 64212 	    514 	 0.13 	 0.36
 64212 	 107890 	 0.12 	 0.36
 64212 	 109399 	 0.14 	 0.36
 64212 	  86335 	 0.11 	 0.36
 64212 	  61797 	 0.12 	 0.36
 64212 	  76438 	 0.14 	 0.36
 64212 	 105523 	 0.17 	 0.36
 64212 	 119884 	 0.11 	 0.36
 64212 	 122171 	 0.18 	 0.36
 64212 	 111227 	 0.13 	 0.36
 64212 	  62878 	 0.13 	 0.36
 64212 	  70788 	 0.15 	 0.30
 64212 	  74664 	 0.15 	 0.36
 64212 	 108254 	 0.15 	 0.36
 64212 	  94837 	 0.13 	 0.36
 64212 	  41611 	 0.12 	 0.36
 64212 	  62617 	 0.13 	 0.36
 64212 	  52076 	 0.14 	 0.38
 64212 	  31821 	 0.13 	 0.38
 64212 	  92477 	 0.15 	 0.36
 89982 	 122022 	 0.11 	 0.33
 89982 	 110268 	 0.13 	 0.33
 89982 	  91880 	 0.10 	 0.33
 89982 	 101365 	 0.11 	 0.33
 89982 	 122945 	 0.12 	 0.33
 89982 	 121308 	 0.11 	 0.33
 89982 	 124365 	 0.11 	 0.33
 42495 	  59539 	 0.19 	 0.36
 42495 	  50275 	 0.16 	 0.36
 42495 	 100225 	 0.12 	 0.36
 42495 	  95182 	 0.12 	 0.36
 42495 	  52768 	 0.17 	 0.36
 42495 	   2986 	 0.20 	 0.36
 42495 	 114621 	 0.16 	 0.36
 42495 	  91848 	 0.18 	 0.36
 42495 	  28241 	 0.12 	 0.36
 42495 	  65408 	 0.13 	 0.36
 42495 	  90147 	 0.15 	 0.36
 42495 	  94332 	 0.16 	 0.36
 42495 	  96113 	 0.18 	 0.36
 42495 	 111407 	 0.17 	 0.36
 42495 	  53672 	 0.11 	 0.36
 42495 	 105970 	 0.12 	 0.36
 42495 	  44074 	 0.18 	 0.36
 42495 	 116115 	 0.15 	 0.36
 42495 	  67362 	 0.12 	 0.36
 42495 	  58481 	 0.11 	 0.36
 42495 	  94785 	 0.18 	 0.36
 42495 	 105733 	 0.16 	 0.36
 42495 	 103296 	 0.15 	 0.36
 42495 	 116522 	 0.16 	 0.36
 42495 	   5133 	 0.17 	 0.36
 42495 	 114673 	 0.12 	 0.36
 42495 	  85142 	 0.15 	 0.36
 42495 	  79310 	 0.12 	 0.36
 42495 	  37464 	 0.13 	 0.36
 42495 	 108174 	 0.14 	 0.36
 42495 	  90137 	 0.15 	 0.36
 42495 	 105413 	 0.11 	 0.36
 42495 	  27623 	 0.17 	 0.36
 42495 	  65782 	 0.14 	 0.36
 42495 	 100142 	 0.12 	 0.36
 42495 	 107890 	 0.11 	 0.36
 42495 	 109399 	 0.14 	 0.36
 42495 	  67993 	 0.12 	 0.38
 42495 	 100744 	 0.13 	 0.36
 42495 	 116540 	 0.13 	 0.36
 42495 	  92509 	 0.12 	 0.36
 42495 	  82242 	 0.13 	 0.36
 42495 	  70788 	 0.12 	 0.30
 42495 	 131601 	 0.16 	 0.36
 42495 	 126225 	 0.17 	 0.36
 42495 	 119808 	 0.14 	 0.36
 42495 	  92477 	 0.15 	 0.36
 42495 	  64212 	 0.16 	 0.36
105591 	  51984 	 0.20 	 0.35
128928 	  50275 	 0.17 	 0.36
128928 	  82555 	 0.11 	 0.36
128928 	  95182 	 0.12 	 0.36
128928 	  76155 	 0.20 	 0.36
128928 	  65408 	 0.11 	 0.36
128928 	 105733 	 0.15 	 0.36
128928 	   3208 	 0.15 	 0.36
128928 	 108174 	 0.16 	 0.36
128928 	  27623 	 0.15 	 0.36
128928 	 116540 	 0.17 	 0.36
128928 	  76123 	 0.15 	 0.30
128928 	 131601 	 0.13 	 0.36
128928 	 119808 	 0.15 	 0.36
122396 	 117081 	 0.17 	 0.36
122396 	 122171 	 0.19 	 0.36
122396 	 105872 	 0.14 	 0.36
122396 	  98813 	 0.17 	 0.36
 88019 	  94927 	 0.13 	 0.33
 88019 	  96511 	 0.17 	 0.33
 88019 	 117891 	 0.14 	 0.33
 88019 	 130665 	 0.17 	 0.33
 88019 	 110571 	 0.19 	 0.33
 88019 	  88333 	 0.10 	 0.33
 88019 	 108185 	 0.15 	 0.33
 88019 	 129434 	 0.14 	 0.33
 88019 	 128492 	 0.13 	 0.33
 88019 	  99159 	 0.16 	 0.33
 88019 	 122600 	 0.13 	 0.33
 88019 	 116898 	 0.16 	 0.33
 88019 	 105156 	 0.17 	 0.33
 88019 	  95409 	 0.14 	 0.33
 88019 	 126248 	 0.18 	 0.33
 88019 	 118432 	 0.14 	 0.33
 88019 	  94015 	 0.13 	 0.33
 88019 	 122891 	 0.15 	 0.32
 88019 	 113610 	 0.18 	 0.33
 88019 	 103091 	 0.19 	 0.33
 88019 	 121157 	 0.15 	 0.33
 88019 	 126646 	 0.14 	 0.33
 88019 	 127707 	 0.16 	 0.33
 88019 	 127382 	 0.13 	 0.33
 88019 	  76123 	 0.11 	 0.38
 88019 	  98993 	 0.16 	 0.33
118243 	  50275 	 0.17 	 0.36
118243 	  95182 	 0.19 	 0.36
118243 	  76155 	 0.16 	 0.36
118243 	  65408 	 0.18 	 0.36
118243 	  92250 	 0.15 	 0.36
118243 	 100909 	 0.19 	 0.36
118243 	 105733 	 0.13 	 0.36
118243 	 107458 	 0.14 	 0.36
118243 	 101749 	 0.20 	 0.36
118243 	 108174 	 0.15 	 0.36
118243 	 115220 	 0.19 	 0.36
118243 	 105413 	 0.14 	 0.36
118243 	  27623 	 0.14 	 0.36
118243 	 131601 	 0.15 	 0.36
118243 	 111569 	 0.18 	 0.36
118243 	 119808 	 0.17 	 0.36
112063 	  50275 	 0.18 	 0.36
112063 	  82555 	 0.12 	 0.36
112063 	  76155 	 0.19 	 0.36
112063 	 105733 	 0.15 	 0.36
112063 	  83275 	 0.18 	 0.36
112063 	  27623 	 0.20 	 0.36
112063 	 118234 	 0.20 	 0.36
112063 	 116540 	 0.16 	 0.36
112063 	 119808 	 0.17 	 0.36
112063 	  98813 	 0.16 	 0.36
114929 	  59539 	 0.12 	 0.36
114929 	  50275 	 0.14 	 0.36
114929 	 100225 	 0.12 	 0.36
114929 	  82555 	 0.13 	 0.36
114929 	  52768 	 0.15 	 0.36
114929 	   2986 	 0.13 	 0.36
114929 	 105200 	 0.11 	 0.36
114929 	  91848 	 0.14 	 0.36
114929 	  28241 	 0.16 	 0.36
114929 	  82246 	 0.14 	 0.30
114929 	  92250 	 0.11 	 0.36
114929 	  94332 	 0.11 	 0.36
114929 	  96113 	 0.13 	 0.36
114929 	 111407 	 0.14 	 0.36
114929 	 105970 	 0.14 	 0.36
114929 	  44074 	 0.10 	 0.36
114929 	 116115 	 0.11 	 0.36
114929 	  67362 	 0.12 	 0.36
114929 	  94785 	 0.13 	 0.36
114929 	   5103 	 0.14 	 0.36
114929 	 116522 	 0.12 	 0.36
114929 	   5133 	 0.12 	 0.36
114929 	 114673 	 0.11 	 0.36
114929 	  85142 	 0.13 	 0.36
114929 	  79310 	 0.18 	 0.36
114929 	 107458 	 0.11 	 0.36
114929 	  37464 	 0.12 	 0.36
114929 	 108174 	 0.17 	 0.36
114929 	 105413 	 0.14 	 0.36
114929 	  48486 	 0.10 	 0.36
114929 	  27623 	 0.18 	 0.36
114929 	  65782 	 0.12 	 0.36
114929 	 100142 	 0.11 	 0.36
114929 	  51767 	 0.12 	 0.38
114929 	   3715 	 0.12 	 0.36
114929 	    514 	 0.14 	 0.36
114929 	 107890 	 0.12 	 0.36
114929 	 109399 	 0.16 	 0.36
114929 	 100744 	 0.12 	 0.36
114929 	 122171 	 0.14 	 0.36
114929 	 111227 	 0.14 	 0.36
114929 	 116540 	 0.12 	 0.36
114929 	  92509 	 0.11 	 0.36
114929 	  82242 	 0.10 	 0.36
114929 	 131601 	 0.16 	 0.36
114929 	 126225 	 0.14 	 0.36
114929 	 119808 	 0.11 	 0.36
114929 	  92477 	 0.15 	 0.36
114929 	  64212 	 0.14 	 0.36
123347 	  39337 	 0.15 	 0.36
123347 	  90147 	 0.11 	 0.36
123347 	 116115 	 0.10 	 0.36
123347 	  94785 	 0.12 	 0.36
123347 	   5133 	 0.11 	 0.36
123347 	  79310 	 0.12 	 0.36
123347 	  90137 	 0.11 	 0.36
123347 	  48486 	 0.15 	 0.36
123347 	  82242 	 0.11 	 0.36
123347 	  64212 	 0.10 	 0.36
 58385 	  91563 	 0.14 	 0.33
 58385 	 130780 	 0.17 	 0.33
 58385 	 131018 	 0.20 	 0.33
 58385 	 127451 	 0.17 	 0.33
 58385 	 109370 	 0.14 	 0.33
 58385 	  97207 	 0.15 	 0.33
 58385 	  96012 	 0.18 	 0.33
 58385 	 105156 	 0.16 	 0.33
 58385 	 118432 	 0.18 	 0.33
 58385 	 109086 	 0.16 	 0.33
 58385 	  59944 	 0.20 	 0.33
 58385 	 128707 	 0.18 	 0.33
105144 	  92753 	 0.13 	 0.33
105144 	  80370 	 0.13 	 0.33
105144 	   8980 	 0.19 	 0.33
105144 	 130780 	 0.15 	 0.33
105144 	  93171 	 0.14 	 0.33
105144 	 110268 	 0.15 	 0.33
105144 	  66308 	 0.17 	 0.32
105144 	  91926 	 0.17 	 0.33
105144 	 108185 	 0.17 	 0.33
105144 	  85890 	 0.13 	 0.33
105144 	  70646 	 0.18 	 0.33
105144 	  85972 	 0.11 	 0.33
105144 	 109370 	 0.11 	 0.33
105144 	  91880 	 0.13 	 0.33
105144 	 120065 	 0.18 	 0.33
105144 	  73957 	 0.19 	 0.33
105144 	 128974 	 0.14 	 0.33
105144 	 101365 	 0.14 	 0.33
105144 	  79768 	 0.11 	 0.33
105144 	 122945 	 0.17 	 0.33
105144 	  96900 	 0.15 	 0.33
105144 	 114259 	 0.18 	 0.33
105144 	 116898 	 0.19 	 0.33
105144 	 119685 	 0.16 	 0.33
105144 	  70314 	 0.10 	 0.33
105144 	  69513 	 0.12 	 0.33
105144 	  95513 	 0.15 	 0.33
105144 	 109086 	 0.17 	 0.33
105144 	 129421 	 0.17 	 0.33
105144 	 103091 	 0.13 	 0.33
105144 	  58883 	 0.13 	 0.33
105144 	 121157 	 0.15 	 0.33
105144 	  31394 	 0.16 	 0.33
105144 	  75661 	 0.12 	 0.32
105144 	  91740 	 0.12 	 0.33
105144 	 119270 	 0.19 	 0.33
105144 	  66058 	 0.16 	 0.33
105144 	  68575 	 0.19 	 0.33
105144 	 128707 	 0.17 	 0.33
105144 	 101248 	 0.16 	 0.33
105144 	 124365 	 0.17 	 0.33
105144 	 123702 	 0.15 	 0.33
105144 	 113068 	 0.19 	 0.33
105144 	 121983 	 0.19 	 0.33
105144 	  58385 	 0.17 	 0.33
130531 	  73957 	 0.16 	 0.33
130531 	 116898 	 0.18 	 0.33
130531 	  94015 	 0.19 	 0.33
130531 	  76123 	 0.20 	 0.38
130531 	  88019 	 0.12 	 0.33
 69502 	  97838 	 0.10 	 0.36
 69502 	  58416 	 0.11 	 0.36
 69502 	 122891 	 0.10 	 0.36
 69502 	  67993 	 0.20 	 0.31
 69502 	 123045 	 0.12 	 0.31
 92655 	  92753 	 0.18 	 0.33
 92655 	  88141 	 0.15 	 0.33
 92655 	  80370 	 0.17 	 0.33
 92655 	  15511 	 0.19 	 0.33
 92655 	  93171 	 0.14 	 0.33
 92655 	  51289 	 0.13 	 0.33
 92655 	  85972 	 0.20 	 0.33
 92655 	 109370 	 0.18 	 0.33
 92655 	  91880 	 0.14 	 0.33
 92655 	  96900 	 0.17 	 0.33
 92655 	 114259 	 0.12 	 0.33
 92655 	   2251 	 0.20 	 0.33
 92655 	   1531 	 0.18 	 0.33
 92655 	 121308 	 0.18 	 0.33
 92655 	  69513 	 0.19 	 0.33
 92655 	 109086 	 0.17 	 0.33
 92655 	 103091 	 0.16 	 0.33
 92655 	  91740 	 0.17 	 0.33
 92655 	 101248 	 0.18 	 0.33
 92655 	  76123 	 0.17 	 0.38
 92655 	  73555 	 0.17 	 0.33
 92655 	  88019 	 0.19 	 0.33
 92655 	 130531 	 0.18 	 0.33
  8991 	  77148 	 0.18 	 0.31
  8991 	  67993 	 0.15 	 0.31
 66646 	  81306 	 0.19 	 0.36
 66646 	  69633 	 0.13 	 0.36
 66646 	  16404 	 0.14 	 0.36
 66646 	  69636 	 0.13 	 0.36
 66646 	  69502 	 0.12 	 0.36
113084 	  39337 	 0.18 	 0.36
113084 	  90147 	 0.14 	 0.36
113084 	  58481 	 0.18 	 0.36
113084 	 105815 	 0.13 	 0.36
113084 	  94785 	 0.14 	 0.36
113084 	  16479 	 0.12 	 0.36
113084 	   5133 	 0.16 	 0.36
113084 	 114673 	 0.12 	 0.36
113084 	  79310 	 0.15 	 0.36
113084 	  90137 	 0.14 	 0.36
113084 	  48486 	 0.14 	 0.36
113084 	 100142 	 0.18 	 0.36
113084 	  86335 	 0.10 	 0.36
113084 	  61797 	 0.11 	 0.36
113084 	 100744 	 0.12 	 0.36
113084 	  82242 	 0.17 	 0.36
113084 	 119890 	 0.12 	 0.36
113084 	 126225 	 0.14 	 0.36
113084 	 125108 	 0.19 	 0.36
113084 	 125120 	 0.13 	 0.36
113084 	  64212 	 0.14 	 0.36
113084 	 123347 	 0.18 	 0.36
122256 	 116522 	 0.19 	 0.36
122256 	 107489 	 0.10 	 0.36
122256 	 106697 	 0.19 	 0.36
122256 	 102995 	 0.20 	 0.36
122256 	 111227 	 0.11 	 0.36
122256 	 103084 	 0.19 	 0.36
122256 	 124765 	 0.18 	 0.36
 87194 	  50275 	 0.18 	 0.36
 87194 	 100225 	 0.16 	 0.36
 87194 	  52768 	 0.14 	 0.36
 87194 	   2986 	 0.18 	 0.36
 87194 	 114621 	 0.13 	 0.36
 87194 	  91848 	 0.14 	 0.36
 87194 	  28241 	 0.11 	 0.36
 87194 	  65408 	 0.11 	 0.36
 87194 	  90147 	 0.14 	 0.36
 87194 	 117081 	 0.11 	 0.36
 87194 	  96113 	 0.18 	 0.36
 87194 	 111407 	 0.15 	 0.36
 87194 	 105970 	 0.14 	 0.36
 87194 	 116115 	 0.15 	 0.36
 87194 	  67362 	 0.12 	 0.36
 87194 	  58481 	 0.10 	 0.36
 87194 	  94785 	 0.13 	 0.36
 87194 	 105733 	 0.16 	 0.36
 87194 	 103296 	 0.15 	 0.36
 87194 	   5103 	 0.18 	 0.36
 87194 	 116522 	 0.13 	 0.36
 87194 	   5133 	 0.17 	 0.36
 87194 	 114673 	 0.12 	 0.36
 87194 	  85142 	 0.10 	 0.36
 87194 	  79310 	 0.15 	 0.36
 87194 	  66221 	 0.19 	 0.36
 87194 	 107458 	 0.10 	 0.36
 87194 	 108174 	 0.14 	 0.36
 87194 	  90137 	 0.14 	 0.36
 87194 	 105413 	 0.13 	 0.36
 87194 	  65782 	 0.10 	 0.36
 87194 	 100142 	 0.13 	 0.36
 87194 	  51767 	 0.19 	 0.38
 87194 	   3715 	 0.14 	 0.36
 87194 	 107890 	 0.11 	 0.36
 87194 	 109399 	 0.11 	 0.36
 87194 	  67993 	 0.15 	 0.38
 87194 	 100744 	 0.13 	 0.36
 87194 	 122171 	 0.18 	 0.36
 87194 	 111227 	 0.15 	 0.36
 87194 	 116540 	 0.14 	 0.36
 87194 	  92509 	 0.14 	 0.36
 87194 	  82242 	 0.14 	 0.36
 87194 	  70788 	 0.12 	 0.30
 87194 	 131601 	 0.13 	 0.36
 87194 	 126225 	 0.15 	 0.36
 87194 	 119808 	 0.13 	 0.36
 87194 	  92477 	 0.15 	 0.36
 87194 	  64212 	 0.11 	 0.36
 87194 	 113084 	 0.11 	 0.36
103607 	  82555 	 0.10 	 0.36
103607 	  95182 	 0.13 	 0.36
103607 	  65408 	 0.12 	 0.36
103607 	  92250 	 0.14 	 0.36
103607 	 105733 	 0.19 	 0.36
103607 	  27623 	 0.20 	 0.36
103607 	  76123 	 0.16 	 0.30
103607 	 131601 	 0.18 	 0.36
103607 	 119808 	 0.18 	 0.36
103607 	  98813 	 0.15 	 0.36
