113401 	 113401
 88141 	 113401
118052 	 106567
 96511 	 113401
 96511 	 118052
  4793 	  94908
117891 	  92753
117891 	 118052
 39337 	  94908
117976 	 113401
117976 	 118052
 90154 	 127102
 90154 	  39337
 50275 	  92753
 50275 	 110641
 93163 	 102380
 39079 	 102380
 39079 	  39337
 91563 	  94908
 91563 	 127102
 91563 	 130387
 91563 	 102380
 91563 	 128397
130665 	  94908
130665 	 130387
130665 	 102380
130665 	 128397
 80076 	 106567
 80076 	 100225
 80076 	  95573
126869 	 113401
126869 	 118052
126869 	  95573
 97838 	  39337
 82555 	   4793
 95182 	  39337
  5543 	 110641
  5543 	  93163
  5543 	 128397
 80370 	 106567
 80370 	  93163
 62372 	 127102
 62372 	 126040
 76155 	 117976
 76155 	 100225
 75030 	 117891
106302 	 113401
106302 	  50275
106302 	  76155
128844 	 113401
128844 	  93163
106205 	  39337
106205 	 126040
127533 	  80370
110571 	  94908
114621 	 106567
114621 	 128397
109693 	 118052
109693 	 100225
 99902 	  94908
 99902 	 126869
122022 	 109693
 18307 	 102380
 18307 	 110641
 96738 	  39337
 70752 	 126869
  8980 	  94908
  8980 	 110641
  8980 	  93163
  8980 	   5543
  8980 	  80370
  8980 	 106302
  8980 	  88333
 91848 	 100225
 91848 	  95573
 91848 	 105200
 91848 	 109693
125052 	  97838
107934 	 113401
129131 	  94908
129131 	  94927
129131 	   8980
131018 	 100225
131018 	 105200
131018 	 114621
126200 	 100225
105455 	 127102
105455 	 118052
105455 	 100225
105455 	  95573
105455 	 128844
105455 	  96738
105455 	 107934
105455 	 131018
126626 	  81305
  9967 	  39337
  9967 	  91563
  9967 	  80370
  9967 	  88333
113027 	 100225
113027 	  95573
113027 	 105200
113027 	 109693
124999 	 110641
 28241 	 113401
 28241 	  50275
 28241 	  76155
 28241 	  88333
 82246 	  93163
 93171 	  96511
 93171 	 130387
 93171 	  80370
114379 	 113401
114379 	  95573
114379 	 127533
114379 	  28241
102278 	   9967
 29716 	 110641
101280 	  94908
101280 	  39337
101280 	 106302
101280 	  88333
101280 	 131018
 85402 	 106567
 85402 	 110641
 85402 	  88333
 85402 	 126626
101160 	 100225
101160 	  95573
101160 	 114621
127649 	 127102
127649 	 110641
127649 	 128844
127649 	 125052
127649 	 129131
127649 	 126200
127649 	 126626
127649 	 124999
127649 	 130983
127649 	 127649
 63310 	   9967
 66308 	  93163
 66308 	  39079
 66308 	 131018
 66308 	 113027
 66308 	 114379
 91926 	  94908
 91926 	  95573
 95442 	  39337
  7012 	  94908
  7012 	 102380
  7012 	  97838
  7012 	 126040
117081 	  80370
117081 	  70752
117081 	 110268
117081 	 101160
117081 	 127649
 92865 	 110268
 92865 	  92865
  5646 	 126869
  5646 	 126040
  5646 	 105455
  5646 	  95442
 82503 	  39337
 94332 	  92250
 31490 	   9967
114535 	 130780
 96113 	  94908
129859 	 100617
129859 	 102380
129859 	  39337
129859 	 126869
129859 	  75030
129859 	  95442
102078 	 118052
102078 	 100225
102078 	  95573
102078 	 101280
102078 	 101160
 51289 	 110268
 94264 	  92014
 94264 	 125052
 94264 	 126200
 94264 	 124999
111407 	 102380
111407 	  39337
111407 	  97838
111407 	 126040
111407 	  95442
113290 	  94908
122840 	 127102
122840 	 118052
122840 	 102380
122840 	  93163
122840 	 100225
122840 	  95573
122840 	 128844
122840 	 109693
122840 	  96738
122840 	 107934
122840 	 129131
122840 	 126200
122840 	 130983
122840 	 110268
122840 	 101160
122840 	  95603
122840 	   7012
122840 	 117081
122840 	  92865
122840 	 122840
 65863 	 128397
 53672 	 106567
 53672 	  92865
108185 	 118052
108185 	 101160
108185 	 113290
108185 	 122840
 99477 	 126040
 99477 	 126200
 99477 	 102278
 99477 	  95442
117951 	 127102
117951 	 102380
117951 	  39337
117951 	 126869
117951 	 128844
117951 	 129131
117951 	 126200
117951 	 105455
117951 	 130983
117951 	 102278
117951 	 129859
 75641 	 106567
 75641 	 102380
 75641 	 100225
 75641 	  80370
 75641 	 127533
 75641 	  96738
 75641 	   8980
 75641 	  28241
 75641 	 101280
 75641 	 103813
 75641 	 101160
 75641 	 111407
 75641 	 113290
 75641 	  53672
129134 	 127102
129134 	 102380
129134 	  39337
129134 	 128844
129134 	 130983
129134 	 102278
129134 	 110268
129134 	  92865
 72459 	 118052
 72459 	  95573
 72459 	 113290
 44074 	  94908
 44074 	 106302
 44074 	 114621
 44074 	 126626
 44074 	 113290
 44074 	 100909
 44074 	 117951
 44074 	 105970
116115 	  96511
127451 	 127102
127451 	 128844
127451 	   8980
127451 	 130983
127451 	 110268
130218 	 113290
 31770 	 102380
 31770 	  39337
 31770 	 126869
 31770 	  75030
 31770 	 129859
119111 	 118052
119111 	  39337
119111 	 100225
119111 	  95573
119111 	  96738
119111 	 117951
119325 	 127102
119325 	 128844
119325 	 130983
119325 	 126721
119325 	 100909
129644 	 111407
129644 	 105970
 93950 	 130387
 93950 	 128397
 93950 	 125052
 93950 	 124999
 93950 	 129134
 58481 	  39337
 58481 	 126040
 58481 	 130780
 58481 	 129134
 58481 	 131017
 58481 	 130218
 70646 	 102380
 70646 	  39337
101544 	  95573
101544 	  96738
101544 	 130780
101544 	  92250
101544 	 113290
101544 	 131017
118363 	 114621
118363 	  90147
 67846 	 100225
 67846 	  95573
 67846 	 100909
 67846 	 119111
100782 	   9967
100782 	  90147
 53106 	 102380
 53106 	 128397
 53106 	 105455
 53106 	 102278
 53106 	  95442
 53106 	 100782
105815 	 113401
105815 	 118052
105815 	  39337
105815 	  95603
105815 	 113290
105815 	 100909
105815 	 105970
105815 	 101544
105815 	 105815
 81306 	 127102
 81306 	 102380
 81306 	 128844
 81306 	 105455
 81306 	 126626
 81306 	 130983
 81306 	 102278
 81306 	  96113
 81306 	 127855
126216 	  96511
126216 	 127533
126216 	  96738
126216 	 105970
130986 	  39337
130986 	  93163
130986 	  39079
130986 	 131017
 85972 	 127102
 85972 	 128844
 85972 	 130983
 85972 	 110268
129434 	  94908
129434 	 110641
 94785 	  39337
 94785 	  97838
 94785 	 126040
 94785 	  99902
 94785 	  99477
 94785 	 118363
115173 	  39337
115173 	 117976
115173 	  93163
115173 	  39079
115173 	  96738
115173 	 130780
115173 	  91848
115173 	  28241
115173 	 114379
115173 	 131151
115173 	 110268
115173 	  91926
115173 	   5646
115173 	 114535
115173 	 111407
115173 	 122840
115173 	  65863
115173 	  53672
115173 	 131017
115173 	 129644
115173 	  58481
115173 	 105815
104295 	  92753
104295 	  39337
104295 	 126626
104295 	  91926
104295 	 129434
124419 	 131018
128492 	  39337
128492 	  93163
128492 	 100225
128492 	  95573
128492 	 130780
128492 	 117081
128492 	 114535
128492 	 113290
128492 	  58481
128492 	  94785
 91637 	 118052
 91637 	 100225
 91637 	  95573
 91637 	  76155
 91637 	  96738
 91637 	  92865
 91637 	 105815
  2332 	 102380
  2332 	 118363
122251 	  88141
125161 	 110641
125161 	  88333
125161 	  85972
125161 	 104295
103296 	 125161
 16479 	   4793
 65887 	  95573
 36327 	  97838
 36327 	 129131
 36327 	 131151
 36327 	 102503
 36327 	 129134
130217 	 118052
130217 	  39337
130217 	 100225
130217 	  95573
130217 	  96738
130217 	 117951
130217 	 101544
119311 	 113401
119311 	 118052
119311 	 100225
119311 	  96738
119311 	 103813
119311 	  95603
119311 	  92250
119311 	 100909
119311 	 105970
119311 	 105815
128762 	  93163
128762 	  80370
128762 	  70752
125839 	  39337
125839 	 100225
125839 	  82555
125839 	 105200
125839 	 130780
125839 	  95603
125839 	  92250
125839 	 111407
125839 	 105815
125839 	 101892
125839 	 115173
125839 	 104295
 77153 	 113401
 77153 	 127102
 77153 	  39079
 77153 	 100225
 77153 	  95573
 77153 	  80370
 77153 	 106302
 77153 	 128844
 77153 	 114621
 77153 	 109693
 77153 	  96738
 77153 	 113027
 77153 	  28241
 77153 	 130983
 77153 	 114379
 77153 	 110268
 77153 	  95603
 77153 	  92865
 77153 	 122840
 77153 	 130218
 77153 	  93950
 77153 	  58481
 77153 	 105815
 77153 	 101892
 77153 	  94785
 77153 	 124419
 77153 	  52894
 77153 	  43129
124080 	 104295
  2622 	  94908
  2622 	  96511
  2622 	  39337
  2622 	  80370
  2622 	  91926
  2622 	 131017
  2622 	 118363
  2622 	 128492
  2622 	 124080
 97207 	  94908
 97207 	 127102
 97207 	  39337
 97207 	 128844
 97207 	 130983
 97207 	  82503
 97207 	 100909
 97207 	 127855
 97207 	  53106
 97207 	 130986
 97207 	 104295
 97207 	 128762
 97207 	 124080
 51513 	   5543
 51513 	 130780
 51513 	 101160
 51513 	 129134
 91880 	 113401
 91880 	  39337
 91880 	  93163
 91880 	  39079
 91880 	  80370
 91880 	 106302
 91880 	 127533
 91880 	 131018
 91880 	  28241
 91880 	 114379
 91880 	 131151
 91880 	 101280
 91880 	 110268
 91880 	 101160
 91880 	  91926
 91880 	  95442
 91880 	  92865
 91880 	 114535
 91880 	 111407
 91880 	  65863
 91880 	 129644
 91880 	  58481
 91880 	  70646
 91880 	 100782
 91880 	 105815
 91880 	  94785
 91880 	  52894
 91880 	 130217
 91880 	 128762
 91880 	   8179
 91880 	 116522
103133 	 117976
103133 	 105970
103133 	 103133
101463 	  94908
101463 	  96511
101463 	 110641
101463 	 106205
101463 	  88333
101463 	 126200
101463 	 104295
101463 	 125839
101463 	 124080
101463 	 103133
108127 	 126040
108127 	 122840
108127 	 131017
 95336 	 125052
 95336 	 124999
 95336 	 102278
 95336 	  96113
 95336 	 100909
 95336 	 127855
 95336 	  67846
 95336 	  53106
 95336 	 104295
 95336 	 103133
107568 	  94908
107568 	 102380
107568 	  80370
107568 	 102383
 96012 	 128397
 96012 	   5543
 96012 	 109693
 96012 	 101160
 96012 	 122840
 96012 	 129134
 96012 	  85972
 96012 	 128762
 96012 	 103133
111666 	  39337
111666 	  99902
111666 	 102503
111666 	 100909
111666 	 129134
111666 	 101510
111666 	  53106
111666 	 104295
125990 	 109693
125990 	 101160
125990 	 100909
125990 	 108185
129208 	 118052
129208 	  76155
129208 	 127533
129208 	 109693
129208 	  88333
129208 	 107934
129208 	 108185
129208 	 119111
129208 	 101544
129208 	 130217
 98252 	 106302
 98252 	 111666
 73957 	 110641
 73957 	 127242
 73957 	  97838
 73957 	 126721
 73957 	 127649
 73957 	  95442
 73957 	 129134
 73957 	 119325
 73957 	 129960
 73957 	  91637
 73957 	 102383
 73957 	 119311
 73957 	 124080
 73957 	 101463
 73957 	  98252
118768 	  39337
 69633 	 119680
 69633 	 106302
 69633 	  88333
 69633 	  99477
 69633 	 129134
 69633 	 129644
 69633 	 124419
 69633 	  96012
 69633 	 111666
 69633 	 129208
128974 	 127242
128974 	  82503
128974 	  96113
 79310 	  96511
 79310 	 110641
 79310 	  93163
 79310 	 128397
 79310 	 131018
 79310 	 104295
 79310 	 103133
101365 	  39337
101365 	  10217
 10274 	   4793
 79768 	 127102
 79768 	  39337
 79768 	  93163
 79768 	  39079
 79768 	 106302
 79768 	 128844
 79768 	 122022
 79768 	 130780
 79768 	 126200
 79768 	 130983
 79768 	  95442
 79768 	 122840
 79768 	 127855
 79768 	 119325
 79768 	 129644
 79768 	  70646
 79768 	 100782
 79768 	  52894
 79768 	 119311
 79768 	 120065
 79768 	 101365
 65192 	  94927
 65192 	  96511
 65192 	 117891
 65192 	  39337
 65192 	  93163
 65192 	 106302
 65192 	 114379
 65192 	 100909
 65192 	 131017
 65192 	 129434
 65192 	 128492
122945 	  94908
122945 	  94927
122945 	 127102
122945 	 117891
122945 	 128844
122945 	 122022
122945 	 130983
122945 	 104295
122945 	 103133
119617 	 127102
119617 	 102380
119617 	  97838
119617 	 128844
119617 	  99902
119617 	 130983
119617 	  95442
119617 	 101510
119617 	   4363
119617 	 100782
119617 	 129960
119617 	  91637
119617 	 102383
119617 	 128762
119617 	  43129
119617 	 101463
107458 	  95573
107458 	 101160
107458 	 113290
107458 	 125990
107458 	 107458
 99455 	  97838
 99455 	 129859
 99455 	  99477
 96900 	 106567
 96900 	  96511
 96900 	  99477
 96900 	 103133
 96900 	  73957
114259 	 106567
114259 	 113401
114259 	  95573
114259 	 114621
114259 	  91848
114259 	 107934
114259 	 126200
114259 	  28241
114259 	  95603
114259 	   7012
114259 	  92250
114259 	 113290
114259 	 122840
114259 	 101892
114259 	  94785
114259 	 122251
114259 	 130217
114259 	   8179
114259 	 111666
114259 	 118768
114259 	 101673
102481 	 100909
102481 	 103133
119112 	 114621
119112 	  90147
119112 	 100909
119112 	 101892
119112 	 124080
119112 	 111666
119112 	 129208
119112 	 118768
 37464 	  39337
 37464 	 102278
 37464 	  96113
 37464 	 129134
 37464 	   4363
 37464 	  53106
 37464 	   2524
108273 	  39337
  2996 	 130780
  2996 	 103133
115606 	 127102
115606 	 110641
115606 	 127242
115606 	 128844
115606 	 106205
115606 	 125052
115606 	 129131
115606 	 126200
115606 	 124999
115606 	 130983
115606 	 127649
115606 	 127855
115606 	   4363
115606 	 130986
115606 	 104295
115606 	  91637
115606 	  43129
115606 	 124080
115606 	 103133
115606 	 102481
 15972 	 130387
 15972 	 126869
 15972 	  97838
 15972 	  66308
 15972 	  95442
 15972 	 129134
 15972 	 101510
 15972 	 127855
 15972 	 100782
 15972 	 128762
 15972 	  98252
 15972 	 102481
110588 	  99902
110588 	   7012
110588 	 105970
110588 	 119111
110588 	 101544
110588 	 116522
110588 	  79310
 92527 	  39337
 92527 	 117976
 92527 	  93163
 92527 	  39079
 92527 	  96738
 92527 	 130780
 92527 	  91848
 92527 	  28241
 92527 	 114379
 92527 	 131151
 92527 	 110268
 92527 	  91926
 92527 	   5646
 92527 	 114535
 92527 	 111407
 92527 	 122840
 92527 	  65863
 92527 	  53672
 92527 	 131017
 92527 	 129644
 92527 	  58481
 92527 	 105815
 92527 	  43129
 92527 	   8179
 92527 	 109370
 92527 	 116522
 92527 	 108127
 92527 	 114673
 92527 	  98252
 92527 	 119617
 92527 	 114259
 92527 	 120998
101749 	 127102
101749 	 128844
101749 	 129131
101749 	 126200
101749 	 130983
101749 	 129134
101749 	 127855
101749 	   4363
101749 	 129960
101749 	 130986
101749 	  43129
  2251 	  39337
  2251 	 117976
  2251 	  95573
  2251 	 102078
  2251 	 119111
  2251 	 101544
  2251 	 105815
  2251 	 101892
  2251 	 104295
  2251 	 103133
  2251 	 118768
  2251 	  99159
  2251 	 107458
  2251 	 101749
 75566 	 118052
 75566 	 102078
 75566 	 119111
 75566 	 101544
 75566 	 115173
 75566 	 104295
 75566 	 103133
 75566 	 125990
 75566 	  99159
 75566 	 107458
 75566 	 110588
 75566 	 101749
 52224 	 113401
 52224 	 102380
 52224 	 117976
 52224 	  95573
 52224 	 106302
 52224 	 114621
 52224 	 109693
 52224 	 130780
 52224 	 110268
 52224 	  95603
 52224 	 117081
 52224 	  92865
 52224 	   5646
 52224 	 129859
 52224 	 122840
 52224 	 127855
 52224 	 129644
 52224 	  94785
 52224 	  97207
 52224 	 116522
 52224 	 108127
 52224 	 119617
103677 	 127102
103677 	 119680
103677 	 128844
103677 	 130780
103677 	 130983
103677 	 129134
103677 	 127451
103677 	  97207
103677 	 119617
103677 	  52224
122600 	 127451
122600 	 130218
122600 	 124080
122600 	  99159
 62649 	  67846
 62649 	  53106
 62649 	   2524
 90137 	  93163
 90137 	 129859
 90137 	 131017
 90137 	 103133
 90137 	 111666
 94602 	  95573
 94602 	  76155
 94602 	   9967
 94602 	 101160
 94602 	  90147
 94602 	 122840
 94602 	 108185
 94602 	  67846
 94602 	  53106
 94602 	  94785
 94602 	  43129
 94602 	 116522
 94602 	 114673
 94602 	 125990
 94602 	  90137
 64266 	 119111
 58632 	  92753
 58632 	  81305
 58632 	  80370
 58632 	 105200
 58632 	  91848
 58632 	  28241
 58632 	  65408
 58632 	  90147
 58632 	 117081
 58632 	  94332
 58632 	  69026
 58632 	 114535
 58632 	  51289
 58632 	 119111
 58632 	  70646
 58632 	  67846
 58632 	  53106
 58632 	 101892
 58632 	 124419
 58632 	  52894
 58632 	   8179
 58632 	   2622
 58632 	  91880
 58632 	 114673
 58632 	  79768
 58632 	  75566
 58632 	  90137
 58632 	  82318
 83275 	 118052
 83275 	 100225
 83275 	 111407
 83275 	 105970
 83275 	 105815
 83275 	 101892
 83275 	 103133
 62268 	  39337
 62268 	 117976
 62268 	  93163
 62268 	  39079
 62268 	 106302
 62268 	  91848
 62268 	  28241
 62268 	 131151
 62268 	 110268
 62268 	  91926
 62268 	   5646
 62268 	 114535
 62268 	 111407
 62268 	  65863
 62268 	  53672
 62268 	 129644
 62268 	  58481
 62268 	  70646
 62268 	 105815
 62268 	  52894
 62268 	  43129
 62268 	   8179
 62268 	 116522
 62268 	 108127
 62268 	 114673
 62268 	 111666
 62268 	 125990
 62268 	 119617
 62268 	 120998
 62268 	  94602
115220 	  94908
115220 	 110641
115220 	 127242
115220 	 129131
115220 	 127649
115220 	  94264
115220 	 100909
115220 	 129134
115220 	 127855
115220 	 129960
115220 	 130986
115220 	 128762
115220 	  43129
115220 	 124080
115220 	 103133
115220 	  98252
115220 	 102481
115220 	   2524
115220 	 103677
115220 	  62268
 58416 	  94908
 58416 	  39337
 58416 	 131017
 58416 	 103133
 58416 	 103677
 58416 	 115220
 16404 	 127102
 16404 	 128844
 16404 	 130983
 16404 	  93950
117884 	  39337
117884 	 125052
117884 	 126200
117884 	 124999
117884 	  93950
117884 	 104295
117884 	  91637
117884 	 124080
117884 	 103133
117884 	 101749
117884 	 115220
105413 	  93163
105413 	  80370
105413 	  70752
105413 	 100909
105413 	 103133
105413 	 108127
 81262 	 131151
 81262 	  82318
 48486 	  39337
 37931 	 113401
 37931 	  94908
 37931 	  39079
 37931 	 100225
 37931 	  95573
 37931 	  76155
 37931 	 131018
 37931 	 101280
 37931 	  95603
 37931 	  92250
 37931 	 100909
 37931 	 119111
 37931 	 105815
 37931 	 101892
 37931 	 122251
 37931 	 103133
 37931 	 125990
 37931 	  73957
 37931 	 107458
 37931 	 110588
 37931 	 103677
 37931 	 115220
111297 	 102380
111297 	  39337
111297 	 128397
111297 	 126626
111297 	 102278
111297 	  95442
111297 	 100909
111297 	 119325
111297 	 118363
111297 	 129960
111297 	 119311
111297 	 128762
111297 	 124080
111297 	 115606
111297 	  82318
111297 	  83275
111297 	 101648
127221 	  96511
127221 	  39337
127221 	  97838
127221 	  82555
127221 	  80370
127221 	 126040
127221 	  76155
127221 	 106302
127221 	 105200
127221 	  96738
127221 	  28241
127221 	 114379
127221 	 126721
127221 	  91926
127221 	  95442
127221 	  92865
127221 	 111407
127221 	  65863
127221 	 117951
127221 	 119111
127221 	  58481
127221 	  70646
127221 	 105815
127221 	  94785
127221 	  91637
127221 	  52894
127221 	 130217
127221 	 108127
127221 	 120065
127221 	 114673
127221 	 101365
127221 	 114259
127221 	 120998
127221 	  92527
127221 	 108174
127221 	  52224
127221 	  62268
127221 	 105413
 27623 	  39337
 27623 	   8980
 27623 	 101160
 34379 	  94908
 34379 	 102380
 34379 	  97838
 34379 	   8980
 34379 	 130780
 34379 	 126626
 34379 	 131017
 34379 	  73957
 34379 	 128974
 34379 	 103677
 34379 	 122600
 34379 	 101648
 95781 	  94908
 95781 	 102380
 95781 	 126869
 95781 	  97838
 95781 	 126626
 95781 	 126721
 95781 	  31490
 95781 	 129859
 95781 	  94264
 95781 	  99477
 95781 	   4363
 95781 	  93950
 95781 	 118363
 95781 	 100782
 95781 	  91637
 95781 	 102383
 95781 	  99455
 95781 	   2524
 95781 	 115606
 95781 	  92527
 95781 	  52224
 95781 	 103677
 95781 	 101648
124177 	  83275
 65782 	  93163
 65782 	 130780
 65782 	 131018
 65782 	 108127
 65782 	  96012
 65782 	 129208
 65782 	  34379
 65782 	  95781
116898 	  91563
116898 	 100225
116898 	  95573
116898 	 126869
116898 	 126040
116898 	 107934
116898 	 126721
116898 	 102278
116898 	 110268
116898 	 127649
116898 	  90147
116898 	  91926
116898 	 117081
116898 	 101544
116898 	  94785
116898 	 115173
116898 	 104295
116898 	  43129
116898 	 116522
116898 	   5133
116898 	 103133
116898 	  79310
116898 	 122945
116898 	   2524
116898 	 101749
116898 	  90137
116898 	 115220
116898 	  52786
116898 	 105413
116898 	  48486
116898 	  37931
116898 	 127221
116898 	 124177
 51767 	  39337
 51767 	 100225
 51767 	  88333
 51767 	 130780
 51767 	  95603
 51767 	   7012
 51767 	 131017
 51767 	 105815
 51767 	 115173
 51767 	 104295
 51767 	 116522
 51767 	 114673
 51767 	 107458
 51767 	 101749
 51767 	 108174
 51767 	  82318
 51767 	 115220
 51767 	 124177
 51767 	 100142
 74885 	  39337
 74885 	 130218
 74885 	 119325
 74885 	 119311
 74885 	 108127
 74885 	 106697
105156 	  94908
105156 	 102380
105156 	  39337
105156 	 102278
105156 	  95442
105156 	 129859
105156 	 127855
105156 	 119325
105156 	  53106
105156 	 130986
105156 	 104295
105156 	 102383
105156 	 119311
105156 	   2524
105156 	 101749
105156 	 103677
105156 	 101648
105156 	 106697
119717 	  93163
119717 	  80370
119717 	   8980
119717 	 110268
119717 	 131017
119717 	 108127
 95409 	  94908
 95409 	 131151
 95409 	 129859
 95409 	 103133
 95409 	 103677
 95409 	  82318
 95409 	  83275
 95409 	 101648
124225 	  39337
124225 	  99159
 99213 	 117891
 99213 	  39337
 99213 	 101160
 99213 	 111666
 99213 	 100142
 98469 	  94908
 98469 	 130387
 98469 	  39337
 98469 	 110641
 98469 	 110571
 98469 	  88333
 98469 	 130780
 98469 	 129134
 98469 	 131017
 98469 	 127451
 98469 	 104295
 98469 	  52894
 98469 	 124080
 98469 	  97207
 98469 	  73957
 98469 	 101749
 98469 	 103677
 98469 	  83275
 98469 	 106697
119685 	  39337
119685 	 124080
119685 	  73957
121308 	 113401
121308 	 118052
121308 	 119680
121308 	 107934
121308 	 101160
121308 	 129644
121308 	  66221
121308 	 124225
121308 	  99213
121308 	  98469
 77148 	 102380
 77148 	 104295
 77148 	 128762
 77148 	 124080
 77148 	 101749
 77148 	 115220
 70314 	  39337
 70314 	 100142
  3715 	  93163
  3715 	  80370
  3715 	 108127
 87759 	  39079
 87759 	 114379
 87759 	 110268
126248 	  96511
126248 	  39337
126248 	  97838
126248 	  82555
126248 	  80370
126248 	 126040
126248 	  76155
126248 	 106302
126248 	  70752
126248 	 130780
126248 	  28241
126248 	 114379
126248 	 126721
126248 	 101280
126248 	  91926
126248 	  95442
126248 	  92865
126248 	  94264
126248 	 111407
126248 	  65863
126248 	 117951
126248 	 105970
126248 	  58481
126248 	 105815
126248 	  94785
126248 	  52894
126248 	 108127
126248 	 114673
126248 	 111666
126248 	 125990
126248 	 114259
126248 	 120998
126248 	  92527
126248 	 108174
126248 	   2251
126248 	  52224
126248 	 105413
126248 	 105156
126248 	 119717
126248 	 119685
102995 	 129134
102995 	 107568
102995 	  98252
102995 	   2524
102995 	  83275
102995 	  62268
102995 	 101648
120346 	 109693
120346 	 114379
120346 	 110268
120346 	 101160
120346 	   2251
120346 	   1531
118432 	  94908
118432 	 104295
118432 	 102383
118432 	 124080
118432 	 103133
118432 	 101749
118432 	 103677
118432 	 115220
118432 	 101648
118432 	 106697
118432 	 102995
   514 	   9967
   514 	  81306
   514 	  69633
   514 	  10274
   514 	  79768
   514 	  16404
   514 	  70314
 82463 	  94908
 82463 	 127102
 82463 	 128844
 82463 	 130983
 82463 	 117081
 82463 	 107458
 82463 	 103677
 82463 	 117884
 82463 	 124177
115465 	  94908
115465 	  39337
115465 	 110641
115465 	  92014
115465 	 127242
115465 	 106205
115465 	 126200
115465 	 105455
115465 	 124999
115465 	 126721
115465 	 127649
115465 	  94264
115465 	 129134
115465 	 101510
115465 	 119325
115465 	  93950
115465 	 118363
115465 	 129960
115465 	 130986
115465 	  91637
115465 	 119311
115465 	 128762
115465 	  43129
115465 	 124080
115465 	 103133
115465 	  99455
115465 	 102481
115465 	   2524
115465 	 115606
115465 	 103677
115465 	  62268
115465 	 106697
115465 	  28201
115465 	 102995
107890 	 127102
107890 	  39337
107890 	 110641
107890 	  92014
107890 	 127242
107890 	 128844
107890 	 125052
107890 	 129131
107890 	 126200
107890 	 126626
107890 	 124999
107890 	 130983
107890 	 127649
107890 	 102503
107890 	  94264
107890 	 100909
107890 	 118363
107890 	 129960
107890 	 102383
107890 	  43129
107890 	 124080
107890 	  92527
107890 	 101648
107890 	  28201
 95790 	  94908
 95790 	 102380
 95790 	  39337
 95790 	 110641
 95790 	  97838
 95790 	 126626
 95790 	 131017
 95790 	 103677
 95790 	 101648
 95790 	 115465
 95350 	 127102
 95350 	 128844
 95350 	 130983
 95350 	 127855
 95350 	 104295
 95350 	 101749
 95350 	 115220
 95350 	 106697
 95350 	  95781
 95350 	 115465
 95350 	  95350
101486 	  39337
101486 	  70752
101486 	 129644
101486 	  99159
101486 	 116898
101809 	   4793
 48728 	 100142
109399 	   9595
109399 	   4793
109399 	 125161
109399 	  65887
109399 	  75566
 86335 	   9595
 86335 	   4793
 86335 	 125161
 86335 	  75566
 61797 	  99159
 95513 	 130780
 95513 	 130218
 95513 	 106697
 94015 	 110641
 94015 	 125052
 94015 	 124999
 94015 	 100909
 94015 	 131017
 94015 	 104295
 94015 	 129208
 94015 	 101749
 94015 	 115220
 94015 	  98469
 94015 	  95350
117213 	  94908
117213 	 124999
117213 	 104295
117213 	 102383
117213 	 124080
117213 	 103133
117213 	 102481
117213 	 101749
117213 	 103677
117213 	 115220
117213 	 101648
117213 	 106697
117213 	 102995
 94005 	  94908
 94005 	 130387
 94005 	 102380
 94005 	  92014
 94005 	 128397
 94005 	 127242
 94005 	 125052
 94005 	 126626
 94005 	 124999
 94005 	 131151
 94005 	 127649
 94005 	  95442
 94005 	 102503
 94005 	  94264
 94005 	 100909
 94005 	 118363
 94005 	 100782
 94005 	 102383
 94005 	  43129
 94005 	  99455
 94005 	  92527
 94005 	 103677
 94005 	  83275
 94005 	 101648
 94005 	 100142
 94005 	  28201
 94005 	 115465
123976 	 125990
 18023 	  83275
 18023 	 124225
 65978 	  39337
 65978 	 131151
 65978 	 129134
 65978 	 130986
 65978 	  98252
129747 	 102380
129747 	 126869
129747 	  99902
129747 	 119325
129747 	 118363
129747 	 119311
129747 	 128762
129747 	  98252
129747 	  99455
129747 	 102481
129747 	   2524
129747 	  75566
129747 	 106697
129747 	 102995
117950 	 130387
117950 	  39337
117950 	  70752
117950 	 131017
117950 	 104295
117950 	 124080
117950 	 103133
117950 	  73957
117950 	  99159
117950 	 101749
117950 	 115220
 76438 	 118052
 76438 	  95573
 76438 	 113290
 76438 	 119111
 76438 	 117950
 79171 	  94908
 79171 	  92753
 79171 	  39337
 79171 	 126626
 79171 	 129434
 79171 	 128492
 79171 	 108127
 79171 	 103677
124881 	  94908
124881 	  96511
124881 	 110641
124881 	  82555
124881 	 105200
124881 	 126626
124881 	  95603
124881 	 114535
124881 	 129859
124881 	 113290
124881 	 105970
124881 	 101544
124881 	  91637
124881 	 124080
124881 	   8179
124881 	  99159
124881 	 119617
124881 	 110588
124881 	 108174
124881 	 103677
124881 	 117884
124881 	 105413
124881 	 127221
124881 	 106697
124881 	 102995
124881 	 120346
124881 	   2267
124881 	  95790
124881 	 123976
124881 	 129747
105523 	  94908
105523 	  39337
105523 	 124080
105523 	  99159
105523 	 103677
105523 	  83275
105523 	 115220
105523 	  98469
129421 	 127102
129421 	 128844
129421 	 130983
129421 	 127855
129421 	  52894
129421 	 101365
129421 	 122945
129421 	 114259
129421 	 106697
129421 	 102995
129421 	 115465
129421 	  95350
113610 	 122022
113610 	  95781
113610 	 102995
 67993 	 113401
 67993 	  76155
 67993 	 114621
 67993 	  96738
 67993 	  95603
 67993 	 102078
 67993 	 113290
 67993 	 119111
 67993 	 124419
 67993 	 103133
 67993 	 110588
 67993 	 127221
 67993 	 124177
 67993 	 119717
 67993 	  96223
 67993 	 124881
 98991 	 127102
 98991 	 128844
 98991 	 130983
 98991 	 130986
 98991 	  92527
 98991 	 115465
 61753 	 115220
 93696 	  94908
 93696 	 110641
 93696 	  93163
 93696 	 100909
 93696 	 108185
 93696 	 131017
 93696 	  85972
 93696 	 102383
 93696 	 124080
 93696 	 119617
 93696 	  96900
 93696 	 103677
 93696 	  82318
 93696 	 115220
 93696 	 101648
 93696 	 119685
 93696 	 113610
119884 	  39337
119884 	 126869
119884 	 127649
119884 	 129859
119884 	 127855
119884 	 130986
119884 	 102481
119884 	  28201
119884 	 115465
119884 	 126974
110974 	 106567
110974 	 118052
110974 	 100225
110974 	 130780
110974 	 107934
110974 	 129134
110974 	 131017
110974 	 101544
110974 	 122251
110974 	 130217
110974 	  97207
110974 	 118768
110974 	 101673
110974 	 106697
110974 	 124177
110974 	 102995
110974 	 117950
110974 	  58883
110974 	 110974
123022 	  59539
123022 	 100225
123022 	  95573
123022 	 107934
123022 	  28241
123022 	 114379
123022 	 126721
123022 	 102278
123022 	 110268
123022 	 127649
123022 	  90147
123022 	  91926
123022 	 117081
123022 	 101544
123022 	  94785
123022 	 115173
123022 	  43129
123022 	 116522
123022 	 103133
123022 	  79310
123022 	 122945
123022 	   2524
123022 	  37464
123022 	  90137
123022 	 115220
123022 	  52786
123022 	 105413
123022 	 127221
123022 	 124177
123022 	  28201
123022 	  98469
123022 	   3715
123022 	 101809
123022 	 109399
123022 	 123976
100744 	 118052
100744 	  95573
100744 	 107934
100744 	 110268
100744 	  95603
100744 	  90147
100744 	  95442
100744 	   7012
100744 	  96113
100744 	 101892
100744 	 115173
100744 	 109370
100744 	 114673
100744 	  98252
100744 	 128974
100744 	  66221
100744 	  96900
100744 	   2524
100744 	  75566
100744 	  90137
100744 	 117884
100744 	 106697
100744 	 124177
100744 	  65782
100744 	 124225
100744 	 102995
100744 	  95790
100744 	  95513
100744 	 129747
100744 	 129421
100744 	  58883
118234 	 127102
118234 	  39337
118234 	 128844
118234 	 130983
118234 	  82503
118234 	 127855
118234 	  83275
122171 	 100225
122171 	  95573
122171 	 130780
122171 	 111407
122171 	 127221
122171 	 124177
122171 	 123976
115883 	  95573
115883 	 131017
115883 	 120998
115883 	 107489
115883 	  95790
115883 	 123976
115883 	 117950
103973 	  82463
 67672 	  39337
 52250 	  39337
 52250 	 108127
 52250 	  98469
 31394 	 100142
 31394 	 100744
 81503 	 102380
 81503 	  39337
 81503 	 129859
 81503 	  53106
 81503 	 128762
 81503 	  65978
 81503 	  98991
116540 	  94908
116540 	  88333
116540 	 107934
116540 	 100909
116540 	 104295
116540 	 124080
116540 	  98252
116540 	 101673
116540 	 110588
116540 	 101749
116540 	 103677
116540 	 117884
116540 	 106697
116540 	  95781
116540 	 124177
116540 	 128471
116540 	  96223
116540 	 102995
116540 	 120346
116540 	 101809
116540 	 110974
116540 	 118234
123045 	  94908
123045 	 104295
123045 	 102383
123045 	 124080
123045 	 103133
123045 	 102481
123045 	 101749
123045 	 103677
123045 	 115220
123045 	 101648
123045 	 106697
123045 	 102995
  2268 	 131017
  2268 	 129208
  7303 	 118052
  7303 	 117976
  7303 	 107934
  7303 	   7012
  7303 	 102078
  7303 	 122840
  7303 	 108185
  7303 	 129134
  7303 	 127855
  7303 	 127451
  7303 	 119111
  7303 	 115173
  7303 	 104295
  7303 	 122251
  7303 	 103133
  7303 	 125990
  7303 	  73957
  7303 	 118768
  7303 	 110588
  7303 	 101749
  7303 	 115220
  7303 	 106697
  7303 	 124177
  7303 	 124225
  7303 	  96223
  7303 	  69513
  7303 	 126248
  7303 	 120346
  7303 	 118432
  7303 	 117950
  7303 	 118234
  7303 	   7303
126651 	  39337
126651 	 129131
126651 	 126200
126651 	 105455
126651 	  94264
126651 	 127855
126651 	   4363
126651 	 129960
126651 	  43129
126651 	   2524
126651 	  62268
126651 	 106697
126651 	 102995
126651 	 126974
126651 	 100744
 92509 	 104295
 92509 	 124080
 92509 	 103133
 92509 	 102481
 92509 	  92527
 92509 	 101749
 92509 	 115220
 92509 	 106697
 92509 	 100142
 92509 	 102995
 92509 	 100744
 82242 	  94908
 82242 	 118052
 82242 	  39337
 82242 	  93163
 82242 	  76155
 82242 	 127533
 82242 	  96738
 82242 	  70752
 82242 	 130780
 82242 	  92250
 82242 	 102078
 82242 	  94264
 82242 	 111407
 82242 	 113290
 82242 	 100909
 82242 	 101544
 82242 	 101892
 82242 	 124080
 82242 	 116522
 82242 	 103133
 82242 	 118768
 82242 	 120998
 82242 	 110588
 82242 	 103677
 82242 	  94005
 82242 	  58883
 82242 	  92509
113681 	  95573
113681 	 120998
113681 	 127221
113681 	 124177
113681 	 123976
 75661 	  39337
 75661 	 124999
 75661 	 104295
 75661 	  91637
 75661 	 124080
 75661 	 103133
 75661 	 101749
 75661 	  83275
 75661 	 115220
 75661 	 106697
 75661 	 102995
 75661 	 126974
 62878 	  94908
 62878 	 117891
 62878 	 110641
 62878 	  97838
 62878 	 109693
 62878 	  88333
 62878 	 126626
 62878 	 101160
 62878 	  92865
 62878 	  85972
 62878 	 129434
 62878 	 124080
 62878 	 109370
 62878 	 103133
 62878 	  73957
 62878 	 128974
 62878 	 122945
 62878 	   2251
 62878 	  75566
 62878 	 103677
 62878 	   1531
 62878 	  95350
 62878 	 101809
 62878 	 123022
 62878 	 118234
 62878 	 126651
100172 	 106567
100172 	  94908
100172 	 110641
100172 	 100225
100172 	  95573
100172 	  76155
100172 	 106302
100172 	 114621
100172 	  95603
100172 	  92250
100172 	 111407
100172 	 100909
100172 	 117951
100172 	 129134
100172 	 101892
100172 	 129434
100172 	 124080
100172 	 116522
100172 	 103133
100172 	 111666
100172 	  99455
100172 	 120998
100172 	 110588
100172 	 103677
100172 	  94602
100172 	 127221
100172 	 124177
100172 	 119717
100172 	  96223
100172 	  95790
100172 	 110974
100172 	 118234
100172 	  92509
100172 	 100172
108160 	  94908
108160 	  96511
108160 	 100909
108160 	 108185
108160 	 131017
108160 	 104295
108160 	 124080
108160 	  99159
108160 	 101749
108160 	 103677
108160 	 106697
108160 	  98469
108160 	 101809
108160 	 123022
 77586 	 113401
 77586 	  39079
 77586 	 100225
 77586 	  75030
 77586 	 114621
 77586 	 122022
 77586 	  96738
 77586 	  91848
 77586 	 113027
 77586 	 114379
 77586 	 110268
 77586 	  95603
 77586 	 117081
 77586 	  92865
 77586 	  93950
 77586 	  58481
 77586 	  70646
 77586 	 130986
 77586 	  91637
 77586 	  52894
 77586 	 116522
 77586 	  98252
 77586 	 118768
 77586 	 120998
 77586 	  75566
 77586 	  62268
 77586 	 107489
 77586 	  52786
 77586 	 105413
 77586 	 101648
 77586 	 119717
 77586 	 107890
 77586 	  95790
 77586 	 126974
 77586 	 129421
 77586 	  98991
 77586 	   2268
 77586 	 113681
 77586 	 108160
 77586 	  77586
128300 	  39337
128300 	  97838
128300 	  92527
128300 	  75566
128300 	  52224
128300 	 128471
128300 	 126974
128300 	 123022
128300 	 126651
128300 	 108160
 50309 	  88333
 50309 	 101160
 50309 	  92865
 50309 	 129644
 50309 	 104295
 50309 	 124080
 50309 	  96012
 50309 	  73957
 50309 	 119617
 50309 	 101749
 50309 	  95781
 50309 	 126651
 50309 	 128300
 59944 	  82463
 80885 	   4793
 80885 	   3208
 80885 	  83275
 66886 	 127102
 66886 	 128397
 66886 	 128844
 66886 	 130983
 66886 	 129859
 66886 	 100909
 66886 	 104295
 66886 	 102383
 66886 	 107568
 66886 	 101749
 66886 	 115465
 66886 	 118234
 66886 	 108160
 74664 	 106567
 74664 	  94927
 74664 	 117891
 74664 	  39337
 74664 	  91563
 74664 	  97838
 74664 	 100909
 74664 	 127855
 74664 	 101648
 74664 	 116898
 74664 	 103091
 74664 	 123045
106244 	  39337
106244 	  70752
106244 	 129644
106244 	  99159
106244 	 116898
106244 	 100142
106244 	 123045
100737 	 113401
100737 	 118052
100737 	  93163
100737 	  39079
100737 	  91563
100737 	  52768
100737 	 114621
100737 	 122022
100737 	  96738
100737 	 130780
100737 	 107934
100737 	 129131
100737 	 126200
100737 	  28241
100737 	 101280
100737 	 110268
100737 	 101160
100737 	  66308
100737 	  91926
100737 	  95442
100737 	  94332
100737 	 114535
100737 	 111407
100737 	 113290
100737 	 127855
100737 	   4363
100737 	 119325
100737 	 105815
100737 	 129960
100737 	 130986
100737 	  94785
100737 	 130217
100737 	 119311
100737 	  43129
100737 	   8179
100737 	  97207
100737 	 118768
100737 	  85142
100737 	 128974
100737 	  79310
100737 	  96900
100737 	   2996
100737 	  83275
100737 	 107489
100737 	  48486
100737 	  37931
100737 	 106697
100737 	  34379
100737 	 100142
100737 	  98469
100737 	 121308
100737 	   3715
100737 	  69513
100737 	 102995
100737 	    514
100737 	  95350
100737 	 101809
100737 	 117213
100737 	 126974
100737 	 110898
100737 	 100744
100737 	  81503
100737 	   7303
100737 	  82242
100737 	  75661
100737 	  62878
100737 	 108160
100737 	 101850
100737 	 100737
108765 	  94908
108765 	 126626
108765 	 119617
108765 	  75566
108765 	 103677
108765 	 100142
108765 	 126248
108765 	 101486
108765 	 103091
108765 	  58883
108765 	 100172
119270 	 106302
126646 	  94908
126646 	 129134
126646 	 103677
126646 	  83275
126646 	 128471
126646 	 115465
126646 	 123022
126646 	 118234
108254 	 126869
108254 	  97838
108254 	 126040
108254 	 127649
108254 	 129859
108254 	 102503
108254 	 101510
108254 	 100782
108254 	 102383
108254 	 101463
108254 	  98252
108254 	  99455
108254 	 115606
108254 	 101648
108254 	 100142
108254 	 115465
108254 	 126974
108254 	  98991
108254 	 123022
108254 	 100744
108254 	 108765
103038 	 127102
103038 	  93163
103038 	  80370
103038 	 128844
103038 	 122022
103038 	  70752
103038 	 130780
103038 	 130983
103038 	 110268
103038 	 100909
103038 	 104295
103038 	 103133
103038 	 128974
103038 	 101749
103038 	  94602
103038 	 116898
103038 	  58883
103038 	 121157
103038 	 119270
126048 	  39337
126048 	  91563
126048 	  80370
126048 	 130780
126048 	 131017
126048 	  70646
126048 	 101365
126048 	  83275
126048 	 117213
126048 	  31394
126048 	 108765
 99548 	  82463
 99548 	  99548
 86131 	  94908
 86131 	 104295
 86131 	 102383
 86131 	 124080
 86131 	 103133
 86131 	 101749
 86131 	 103677
 86131 	  83275
 86131 	 115220
 86131 	 101648
 86131 	 113681
 86131 	 128300
  7854 	 109693
  7854 	 108185
  7854 	 103133
  7854 	 106697
  7854 	   7303
126574 	  93163
126574 	  92865
126574 	 100909
126574 	 129134
126574 	 104295
126574 	 124080
126574 	 103133
126574 	  99159
126574 	 101749
126574 	  75566
126574 	 115220
126574 	 106697
126574 	 100142
126574 	 102995
126574 	  95350
126574 	 100744
126574 	 128300
126574 	  99548
 66058 	 119680
 66058 	 106302
 66058 	  99213
 66058 	  98469
 66058 	 101809
 66058 	 100737
 66058 	 126574
127707 	 106697
127707 	 102995
 94837 	 100225
 94837 	 102078
 94837 	  99159
 94837 	 105156
126274 	  94908
126274 	  93163
126274 	 108185
126274 	 130986
126274 	 103133
126274 	  73957
126274 	 128974
126274 	 122945
126274 	 103677
126274 	 109086
126274 	 119270
124069 	  94908
124069 	 110641
124069 	 100909
124069 	  67846
124069 	 102383
124069 	 128762
124069 	 124080
124069 	 103133
124069 	 102481
124069 	   2524
124069 	  92527
124069 	 103677
124069 	 115220
124069 	 106697
124069 	 102995
124069 	 126974
124069 	 108160
124069 	 128300
 41611 	 127102
 41611 	  39337
 41611 	  80370
 41611 	 128844
 41611 	 122022
 41611 	   8980
 41611 	 130983
 41611 	 101160
 41611 	  91926
 41611 	  95442
 41611 	  52894
 41611 	 128762
 41611 	 109370
 41611 	  98252
 41611 	 101648
 41611 	 115258
 41611 	 109086
 41611 	  93696
 41611 	  58883
 41611 	 113681
 41611 	  77586
 41611 	  66058
 41611 	 124069
 60615 	  96511
 60615 	  39337
 60615 	  93163
 60615 	  97838
 60615 	  82555
 60615 	  70752
 60615 	   8980
 60615 	 130780
 60615 	 113027
 60615 	  28241
 60615 	 114379
 60615 	  92865
 60615 	 122840
 60615 	  65863
 60615 	 108185
 60615 	 117951
 60615 	 105970
 60615 	 131017
 60615 	  58481
 60615 	  70646
 60615 	 105815
 60615 	  52894
 60615 	  43129
 60615 	 108127
 60615 	 114673
 60615 	 125990
 60615 	 107458
 60615 	 120998
 60615 	  92527
 60615 	 108174
 60615 	   2251
 60615 	 105413
 60615 	  28201
 60615 	 105156
 60615 	 119717
 60615 	 119685
 60615 	  96223
 60615 	   2267
 60615 	 107890
 60615 	 117213
 60615 	  94005
 60615 	 109086
 60615 	 118234
 60615 	 123045
 60615 	   2268
 60615 	 126651
 60615 	  92509
 60615 	  82242
 60615 	  66563
 60615 	   7854
 60615 	  66058
103084 	 118052
103084 	 119680
103084 	   5543
103084 	  70752
103084 	  92250
103084 	 113290
103084 	 105815
103084 	 114673
103084 	 127382
130419 	  39337
130419 	 131017
130419 	 108765
 68575 	  39337
 68575 	 126040
 68575 	  75030
 68575 	 129859
 68575 	 125161
 68575 	 128762
 68575 	 102481
 68575 	  75566
 68575 	  83275
 68575 	  28201
 68575 	 103973
 68575 	 123045
 68575 	 126651
 68575 	 108160
 62617 	  94908
 62617 	  96511
 62617 	 110641
 62617 	  97838
 62617 	   5543
 62617 	  80370
 62617 	 110571
 62617 	  88333
 62617 	 110268
 62617 	 101160
 62617 	  91926
 62617 	 130218
 62617 	 118363
 62617 	 126216
 62617 	  91637
 62617 	 102383
 62617 	  52894
 62617 	 125839
 62617 	  43129
 62617 	 124080
 62617 	 120065
 62617 	 119617
 62617 	  92527
 62617 	 103677
 62617 	 122600
 62617 	 101648
 62617 	 106697
 62617 	  95781
 62617 	  28201
 62617 	 105156
 62617 	  95409
 62617 	 119685
 62617 	 121308
 62617 	 126248
 62617 	 102995
 62617 	 113610
 62617 	 123022
 62617 	 113681
 62617 	 128300
 62617 	 108765
 62617 	 126048
 62617 	  99548
 62617 	 103084
128707 	  95573
128707 	 105200
128707 	  58481
128707 	 105413
128707 	 123976
126992 	 102380
126992 	  39337
126992 	 128397
126992 	  97838
126992 	 126040
126992 	 125052
126992 	 129131
126992 	 126200
126992 	 105455
126992 	 126626
126992 	 124999
126992 	 126721
126992 	  94264
126992 	 100909
126992 	   4363
126992 	 118363
126992 	 100782
126992 	 129960
126992 	  91637
126992 	 102383
126992 	 128762
126992 	 124080
126992 	  99455
126992 	 101648
126992 	 100142
126992 	  28201
126992 	 115465
126992 	 122891
126992 	 126974
126992 	 123022
126992 	 100744
126992 	 103973
126992 	 108160
126992 	 128300
126992 	 126992
 96495 	 108174
 96495 	 107489
 96495 	  92509
 51984 	  39337
 51984 	 126626
 51984 	 124080
 51984 	 102481
 51984 	 101648
 51984 	 128300
 51984 	 108765
105872 	 124419
105872 	 128974
105872 	 122945
105872 	  94602
105872 	 106697
105872 	  95781
105872 	 102995
105872 	 100172
101248 	 113401
101248 	  94908
101248 	  94927
101248 	 110641
101248 	  50275
101248 	  39079
101248 	  91563
101248 	  82555
101248 	  52768
101248 	   5543
101248 	 127533
101248 	 110571
101248 	  88333
101248 	  96738
101248 	 130780
101248 	 129131
101248 	 126200
101248 	 113027
101248 	 126721
101248 	 102278
101248 	 101280
101248 	  66308
101248 	  95442
101248 	  92865
101248 	  94332
101248 	 114535
101248 	 102503
101248 	  94264
101248 	 113290
101248 	 100909
101248 	 117951
101248 	 131017
101248 	 119325
101248 	  70646
101248 	 129434
101248 	  94785
101248 	  91637
101248 	 130217
101248 	 119311
101248 	 128762
101248 	  43129
101248 	   8179
101248 	 108127
101248 	 125990
101248 	  73957
101248 	  85142
101248 	  79310
101248 	  96900
101248 	   2524
101248 	   2996
101248 	 103677
101248 	 122600
101248 	  83275
101248 	  62268
101248 	 117884
101248 	 105413
101248 	  48486
101248 	  37931
101248 	  34379
101248 	 100142
101248 	  28201
101248 	  98469
101248 	 121308
101248 	 115258
101248 	   2267
101248 	    514
101248 	  95350
101248 	  94015
101248 	 117213
101248 	  94005
101248 	 129747
101248 	 117950
101248 	 126974
101248 	 103091
101248 	 110898
101248 	 110974
101248 	 123022
101248 	 100744
101248 	 118234
101248 	 115883
101248 	 103973
101248 	  81503
101248 	  75661
101248 	  66563
101248 	 108160
101248 	 108254
101248 	  99548
101248 	  66058
101248 	 130419
101248 	 117924
101248 	 128707
124765 	 127102
124765 	 130387
124765 	  97838
124765 	 128844
124765 	 106205
124765 	 130983
124765 	 131151
124765 	 129134
124765 	 127855
124765 	 118363
124765 	 102481
124765 	 101648
124765 	  98991
124765 	 126651
124765 	 108160
124765 	 108765
124765 	 124765
 95929 	 117976
 95929 	 105970
 95929 	 103133
 95929 	 107458
 95929 	 108765
 95929 	  96495
 97187 	 106205
 97187 	 122022
 97187 	  70752
 97187 	   8980
 97187 	 130780
 97187 	  91926
 97187 	 125839
 97187 	 103133
 97187 	  73957
 97187 	 101365
 97187 	 115220
 97187 	 106697
 97187 	 102995
 97187 	 124765
 76123 	 102995
 66016 	 118052
 66016 	 100225
 66016 	  95573
 66016 	 101160
 66016 	 125990
 66016 	 123976
 66016 	 103038
 66016 	  96495
102704 	 127102
102704 	  39337
102704 	 128844
102704 	 126200
102704 	 130983
102704 	 102278
102704 	 130986
102704 	 128762
102704 	 124765
131601 	 127102
131601 	  39337
131601 	 128844
131601 	 122022
131601 	 130780
131601 	 107934
131601 	 130983
131601 	  90147
131601 	  91926
131601 	 117081
131601 	  94332
131601 	 131017
131601 	 127855
131601 	  70646
131601 	 105815
131601 	 126216
131601 	  94785
131601 	 115173
131601 	 116522
131601 	 125990
131601 	 128974
131601 	  79310
131601 	 122945
131601 	 120998
131601 	  90137
131601 	 107489
131601 	  48486
131601 	  37931
131601 	 106697
131601 	   3715
131601 	 102995
131601 	   2267
131601 	    514
131601 	 107890
131601 	  94005
131601 	 109086
131601 	 126974
131601 	 129421
131601 	 110974
131601 	 122171
131601 	   2268
131601 	   7303
131601 	  66563
131601 	  77586
131601 	 101850
131601 	 119270
131601 	 108254
131601 	  99548
131601 	   7854
131601 	  66058
131601 	  95929
111569 	  95603
111569 	 127221
101342 	 127242
101342 	 114621
101342 	 109693
101342 	 122022
101342 	 107934
101342 	 110268
101342 	 105970
101342 	  97207
101342 	 107458
101342 	 124177
101342 	 120346
101342 	  94015
101342 	 117213
101342 	 129421
101342 	  58883
101342 	  77586
101342 	 119270
101342 	  99548
101342 	 127382
101342 	 124765
101342 	 131601
 68241 	  92865
 68241 	  52894
 68241 	  99159
 68241 	  95781
 68241 	  95350
 68241 	 100172
 68241 	 126048
 68241 	 101248
 68241 	 124765
124365 	   4793
124365 	  82463
 86570 	 117891
 86570 	  39337
 86570 	 101160
 86570 	 111666
 86570 	 100142
 86570 	 128471
 86570 	 117213
 86570 	 100744
 86570 	 100172
 86570 	 108765
 86570 	 127707
 86570 	 124765
 97422 	  93163
 97422 	  80370
 97422 	  70752
 97422 	 100909
 97422 	 103133
 97422 	 124365
113690 	 109693
113690 	 110268
113690 	 101160
113690 	 131017
113690 	 101365
113690 	 119685
113690 	 124765
 94367 	 110641
 94367 	 128397
 94367 	 127242
 94367 	 105455
 94367 	 102278
 94367 	 129859
 94367 	   4363
 94367 	 103133
 94367 	   2524
 94367 	 115606
 94367 	 106697
 94367 	  28201
 94367 	 102995
 94367 	 126974
 94367 	 126651
 94367 	 103084
108883 	  39337
108883 	 128397
108883 	 131018
108883 	  92865
108883 	  94264
108883 	 127451
108883 	 130218
108883 	  93950
108883 	 126216
108883 	  91637
108883 	 125839
108883 	 129208
108883 	  99455
108883 	 114259
108883 	  62268
108883 	 124477
108883 	  95409
108883 	 101809
108883 	 117213
108883 	 113681
108883 	 100737
108883 	 126048
108883 	 124069
108883 	  90122
108883 	  68241
108883 	 113690
128822 	 100225
128822 	  95573
128822 	 105970
128822 	 107458
128822 	 120998
128822 	 108174
128822 	 122600
128822 	 107489
128822 	 127221
128822 	 100142
128822 	 107890
128822 	  95790
128822 	 123976
128822 	 100744
128822 	  92509
128822 	 108765
128822 	 124765
128822 	 131601
128975 	  99159
128975 	 119617
128975 	  95781
128975 	 115465
128975 	  58883
128975 	 124765
123702 	  94908
123702 	  96511
123702 	 117891
123702 	  91563
123702 	  70752
123702 	 129434
123702 	 128492
123702 	 122945
123702 	 119617
123702 	 103677
123702 	 119685
123702 	 128471
123702 	 126248
123702 	 115465
123702 	 101486
123702 	 129421
123702 	 128300
123702 	 108765
123702 	 123702
102759 	 127102
102759 	 118052
102759 	 100225
102759 	   2986
102759 	  80370
102759 	 128844
102759 	 127533
102759 	 109693
102759 	  96738
102759 	   8980
102759 	 130780
102759 	 107934
102759 	 130983
102759 	  82246
102759 	 101280
102759 	 101160
102759 	  90147
102759 	  91926
102759 	   7012
102759 	 102078
102759 	 113290
102759 	  53672
102759 	 117951
102759 	 131017
102759 	   4363
102759 	 126216
102759 	  94785
102759 	 115173
102759 	 104295
102759 	 130217
102759 	 116522
102759 	 103133
102759 	 114673
102759 	 118768
102759 	  79310
102759 	   2524
102759 	 101749
102759 	 108174
102759 	  90137
102759 	  83275
102759 	 115220
102759 	 107489
102759 	  52786
102759 	  48486
102759 	 106697
102759 	  27623
102759 	  65782
102759 	  28201
102759 	 102995
102759 	 120346
102759 	 117950
102759 	 126974
102759 	 118234
102759 	 111227
102759 	   7303
102759 	  92509
102759 	 119270
102759 	 103038
102759 	  66058
102759 	 103084
102759 	 117924
102759 	  95929
102759 	 128822
126225 	  94927
126225 	  96511
126225 	 130387
126225 	 110641
126225 	  93163
126225 	 126869
126225 	  70752
126225 	 126626
126225 	  99477
126225 	 129644
126225 	 129434
126225 	  97207
126225 	  99159
126225 	 122600
126225 	 113610
126225 	 118234
126225 	 126651
126225 	 108765
126225 	 127382
126225 	 124765
113068 	 106567
113068 	  39337
113068 	   8980
113068 	 126626
113068 	 110268
113068 	 100909
113068 	 102383
113068 	 128974
113068 	 128300
113068 	 127382
113068 	 128822
 95748 	 117976
 95748 	  79171
 90406 	 113401
 90406 	  39079
 90406 	 100225
 90406 	  75030
 90406 	 114621
 90406 	 122022
 90406 	  96738
 90406 	  91848
 90406 	 113027
 90406 	 114379
 90406 	 110268
 90406 	  95603
 90406 	 117081
 90406 	  92865
 90406 	  93950
 90406 	  58481
 90406 	  70646
 90406 	  91637
 90406 	  52894
 90406 	 116522
 90406 	  98252
 90406 	 118768
 90406 	 120998
 90406 	  75566
 90406 	  62268
 90406 	 107489
 90406 	  52786
 90406 	 105413
 90406 	 101648
 90406 	 119717
 90406 	 107890
 90406 	  95790
 90406 	 126974
 90406 	 129421
 90406 	  98991
 90406 	   2268
 90406 	 113681
 90406 	 108160
 90406 	  77586
 90406 	 103733
 90406 	 119270
 90406 	   7854
 90406 	  66058
 90406 	 119890
 90406 	 128707
 90406 	  96495
 90406 	 105872
 90406 	 113068
117793 	  82555
117793 	 105200
117793 	 109693
117793 	  95603
117793 	 111407
117793 	 100909
117793 	  53672
117793 	 105970
117793 	 116522
117793 	 108127
117793 	  99159
117793 	 102481
117793 	 120998
117793 	 108174
117793 	 107489
117793 	 105413
117793 	 119685
117793 	 107890
117793 	  92509
117793 	 108765
117793 	 103038
117793 	  96495
117793 	 131601
117793 	 108883
125108 	  94908
125108 	  99477
125108 	 104295
125108 	 124080
125108 	 120065
125108 	 111666
125108 	  99159
125108 	 102481
125108 	 101749
125108 	 103677
125108 	  82318
125108 	 126651
125108 	 103084
117490 	  94908
117490 	  96511
117490 	 128397
117490 	  88333
117490 	 131018
117490 	 101280
117490 	 102078
117490 	 113290
117490 	 100909
117490 	 117951
117490 	 105970
117490 	 129134
117490 	 127451
117490 	 119111
117490 	 101544
117490 	 115173
117490 	 130217
117490 	  97207
117490 	 103133
117490 	 107458
117490 	 103677
117490 	 115220
117490 	 124177
117490 	 128471
117490 	  96223
117490 	 117950
117490 	 100172
117490 	 128300
117490 	 119890
117490 	  96495
117490 	 124765
117490 	  95929
117490 	 117793
117344 	  95573
117344 	 100909
117344 	 105815
117344 	 103133
117344 	  99159
117344 	 110588
117344 	 127221
117344 	 124177
117344 	 103038
117344 	  96495
 69636 	  94908
 69636 	 130387
 69636 	  97838
 69636 	 126040
 69636 	 105455
 69636 	 126626
 69636 	 131151
 69636 	 126721
 69636 	  95442
 69636 	 129859
 69636 	 102503
 69636 	  94264
 69636 	  99477
 69636 	 101510
 69636 	  93950
 69636 	 118363
 69636 	  91637
 69636 	 102383
 69636 	  43129
 69636 	   2524
 69636 	  92527
 69636 	 103677
 69636 	  83275
 69636 	 100142
 69636 	  28201
 69636 	 122891
 69636 	 126974
 69636 	 123022
 69636 	 100744
 69636 	 118234
 69636 	 115883
 69636 	 123045
 69636 	  75661
 69636 	 108160
 69636 	 126274
 69636 	  68241
 69636 	 117344
113639 	 125161
 73555 	  94927
 73555 	 129644
 73555 	 129434
 73555 	  98252
 73555 	 122600
 73555 	 121308
 73555 	  91740
 73555 	 126048
 73555 	 128707
 73555 	 101248
 73555 	 123702
 94032 	 127102
 94032 	  39337
 94032 	  93163
 94032 	  39079
 94032 	 106302
 94032 	 128844
 94032 	 122022
 94032 	 130780
 94032 	 126200
 94032 	 130983
 94032 	  95442
 94032 	 122840
 94032 	 127855
 94032 	 119325
 94032 	 129644
 94032 	  70646
 94032 	 100782
 94032 	  52894
 94032 	 119311
 94032 	 120065
 94032 	 101365
 94032 	 119617
 94032 	  75566
 94032 	  52224
 94032 	   1531
 94032 	  95781
 94032 	 121308
 94032 	  95513
 94032 	 109086
 94032 	  77586
 94032 	 106244
 94032 	 126274
 94032 	 128707
 94032 	 124365
 94032 	  95748
 94032 	 125108
 94032 	 117490
 94032 	  97464
 94032 	  94032
 98993 	 113401
 98993 	  94908
 98993 	  39337
 98993 	  76155
 98993 	  88333
 98993 	 113027
 98993 	  92865
 98993 	 102078
 98993 	 113290
 98993 	 130218
 98993 	 119111
 98993 	 104295
 98993 	 130217
 98993 	  99159
 98993 	 107458
 98993 	 120998
 98993 	 101749
 98993 	 103677
 98993 	 107489
 98993 	  95781
 98993 	 100142
 98993 	 107890
 98993 	  95790
 98993 	 123976
 98993 	 110974
 98993 	 100744
 98993 	 100172
 98993 	 101850
 98993 	 108765
 98993 	 103038
 98993 	 124765
 98993 	  95929
 98993 	 108883
 98993 	 113639
 98993 	  98993
129520 	 130387
129520 	 110641
129520 	  91563
129520 	 126869
129520 	 126040
129520 	 106205
129520 	 110571
129520 	   8980
129520 	 125052
129520 	 126626
129520 	 110268
129520 	  91926
129520 	 129859
129520 	  85972
129520 	 125839
129520 	 124080
129520 	  97207
129520 	 120065
129520 	  96012
129520 	  73957
129520 	 122945
129520 	  52786
129520 	 124477
129520 	 116898
129520 	 105156
129520 	  95409
129520 	 121308
129520 	 115258
129520 	 101486
129520 	  95513
129520 	 109086
129520 	 103091
129520 	 121157
129520 	 128300
129520 	 106244
129520 	 126048
129520 	 126992
129520 	 113690
129520 	 113068
129520 	  95748
129520 	 117793
129520 	 129520
 50841 	 130780
 50841 	  96113
 50841 	 100909
 50841 	 104295
 50841 	 101749
 50841 	 115220
 50841 	 106697
 50841 	 102995
 50841 	  77586
 50841 	  99548
 50841 	 127382
 50841 	 103084
 50841 	 124765
 50841 	 111569
 50841 	 126225
 91849 	 100617
 91849 	  39337
 91849 	  99902
 91849 	  31490
 91849 	  96113
 91849 	 100782
 91849 	  98252
 91849 	 102481
 91849 	 115606
 91849 	  75566
 91849 	  52224
 91849 	 101648
 91849 	 126651
 91849 	 126225
 91849 	 117344
 91849 	  97464
 91849 	 129520
103602 	 110588
103602 	  94602
103602 	 126048
 93364 	 127102
 93364 	 128844
 93364 	 130983
 93364 	  92527
 93364 	 124765
119808 	  96511
119808 	 109693
119808 	 110268
119808 	 111407
119808 	  53672
119808 	 108185
119808 	 117951
119808 	 105970
119808 	 122600
119808 	 107890
119808 	 123976
119808 	 117950
119808 	 123022
119808 	  96495
119808 	 131601
119808 	 108883
119808 	  50841
125120 	  39337
125120 	  97838
125120 	  99902
125120 	  99477
125120 	 118363
125120 	  43129
125120 	  52224
125120 	 100142
125120 	  28201
125120 	 123022
125120 	 100744
125120 	 118234
125120 	 126651
125120 	 102704
125120 	 111569
125120 	 126225
125120 	 117344
101626 	 117976
101626 	   8980
101626 	 111407
101626 	 117951
101626 	 119111
101626 	  58481
101626 	 105815
101626 	 115173
101626 	  94602
101626 	 127221
101626 	 124177
101626 	  28201
101626 	 119685
101626 	  96223
101626 	 107890
101626 	 117213
101626 	 117950
101626 	 119270
101626 	 103038
101626 	 117924
101626 	  95929
101626 	 108883
101626 	 113068
101626 	  50841
101626 	 101626
129161 	  82555
129161 	 126040
129161 	  76155
129161 	  88333
129161 	  95603
129161 	 102078
129161 	 111407
129161 	 117951
129161 	 105970
129161 	 129960
129161 	 103133
129161 	  98252
129161 	  99159
129161 	 102481
129161 	 120998
129161 	 122600
129161 	 107489
129161 	 117884
129161 	 100142
129161 	 120346
129161 	 107890
129161 	  95790
129161 	 117950
129161 	 103091
129161 	 110898
129161 	  93696
129161 	 100744
129161 	  92509
129161 	 101850
129161 	 108765
129161 	 126048
129161 	 119890
129161 	 131601
129161 	  94367
129161 	  98993
129161 	 117925
 31821 	 128397
 31821 	 127533
 31821 	 114621
 31821 	 101280
 31821 	  90147
 31821 	  53106
 31821 	 105815
 31821 	 130217
 31821 	 114673
 31821 	 125990
 31821 	  79768
 31821 	  90137
 31821 	  83275
 31821 	  65782
 31821 	 129747
 31821 	  98991
 31821 	 122171
 31821 	   7303
 31821 	  91740
 31821 	 108254
 31821 	  99548
 31821 	 119890
 31821 	  68241
 98813 	  94908
 98813 	 110641
 98813 	 108185
 98813 	  99477
 98813 	 131017
 98813 	  53106
 98813 	  85972
 98813 	 102383
 98813 	 101365
 98813 	 119617
 98813 	  96900
 98813 	   2524
 98813 	 103677
 98813 	  82318
 98813 	  52786
 98813 	 101648
 98813 	 119685
 98813 	 123022
 98813 	 113681
 98813 	 108765
 98813 	 126048
 98813 	 124069
 98813 	 127382
 98813 	  68241
 61674 	  88333
125231 	  80370
125231 	  91926
125231 	 101365
125231 	 119685
125231 	 121308
125231 	 117213
125231 	 108765
125231 	 128822
 95496 	 102278
 95496 	  96113
 95496 	 129859
 95496 	 100909
 95496 	  53106
 95496 	 129960
 95496 	  91637
 95496 	 103133
 95496 	 101463
 95496 	 102481
 95496 	  83275
 95496 	 100142
 95496 	 123022
 95496 	 100744
 95496 	 118234
 95496 	 103973
 95496 	 108160
 95496 	 103084
 95496 	 126992
 95496 	  97187
 95496 	 128975
 95496 	  31821
 92477 	  10217
 66612 	  39337
 66612 	 131017
 66612 	 116898
 66612 	 100142
 66612 	 119685
 66612 	 128471
 66612 	 117213
 66612 	 100744
 66612 	 108765
 66612 	 127707
 66612 	 124765
 97373 	 130387
 97373 	 102380
 97373 	  39337
 97373 	 110641
 97373 	 128397
 97373 	 126040
 97373 	 129131
 97373 	 126200
 97373 	 102278
 97373 	  95442
 97373 	 129859
 97373 	 102503
 97373 	  99477
 97373 	 127855
 97373 	 118363
 97373 	 129960
 97373 	  43129
 97373 	 124080
 97373 	 101463
 97373 	  82318
 97373 	 101648
 97373 	  28201
 97373 	 128471
 97373 	 123022
 97373 	  75661
 97373 	 108160
 97373 	 128300
 97373 	  97187
 97373 	 128975
 97373 	 117793
 97373 	 129520
124281 	 113401
124281 	  82555
124281 	 103133
 96106 	  91926
 96106 	  50841
111453 	 110641
111453 	  95573
111453 	  95603
111453 	 100909
111453 	 124080
111453 	 103133
111453 	 120998
111453 	 108174
111453 	 107489
111453 	 117884
111453 	 106697
111453 	 102995
111453 	  95790
111453 	 123976
111453 	 110898
111453 	 108765
111453 	 103038
111453 	  96495
111453 	 124765
111453 	 111569
111453 	 124281
 82662 	 104295
 82662 	  91637
 82662 	 124080
 82662 	 103133
 82662 	 101749
 82662 	 115220
 82662 	 106697
 82662 	 102995
 82662 	 128300
 82662 	 103084
 82662 	 124765
 82662 	 126225
 82662 	 117793
 64212 	  82463
 42495 	 129859
 42495 	 127451
 42495 	 104295
 42495 	 128492
 42495 	  73957
 42495 	 101365
 42495 	 122945
 42495 	  92527
 42495 	 101749
 42495 	  77586
116362 	  94908
116362 	 110641
116362 	  93163
116362 	  88333
116362 	 130780
116362 	 129859
116362 	 100909
116362 	 127451
116362 	 103133
116362 	  99159
116362 	 103677
116362 	 122600
116362 	 117213
116362 	 109086
116362 	 113681
116362 	 108765
116362 	 124069
116362 	 128707
116362 	 101248
116362 	 124765
116362 	  98993
105591 	  39079
105591 	 128397
105591 	  91563
105591 	  52768
105591 	  80370
105591 	 105200
105591 	 127533
105591 	 109693
105591 	 130780
105591 	 126200
105591 	 113027
105591 	 101280
105591 	 101160
105591 	  91926
105591 	 117081
105591 	  92865
105591 	  94332
105591 	 111407
105591 	 113290
105591 	  65863
105591 	 131017
105591 	 130218
105591 	 119325
105591 	  70646
105591 	 100782
105591 	 129960
105591 	  94785
105591 	 115173
105591 	  91637
105591 	 130217
105591 	 119311
105591 	   8179
105591 	  97207
105591 	  85142
105591 	 128974
105591 	  79310
105591 	  96900
105591 	 119112
105591 	  93866
105591 	   2996
105591 	 115606
105591 	  75566
105591 	  83275
105591 	  62268
105591 	 117884
105591 	 105413
105591 	  37931
105591 	 101648
105591 	  34379
105591 	 100142
105591 	  98469
105591 	    514
105591 	  95350
105591 	 101809
105591 	 109086
105591 	 126974
105591 	 100744
105591 	  81503
105591 	   7303
105591 	  82242
105591 	  75661
105591 	 108160
105591 	  77586
105591 	 101850
105591 	 100737
105591 	 108254
105591 	 103038
105591 	 119890
105591 	  90122
105591 	  97422
105591 	 102759
105591 	 113068
105591 	  97464
105591 	 101626
105591 	  92153
105591 	  97373
105591 	 105591
128928 	 114621
128928 	  91926
128928 	  92250
128928 	 129859
128928 	  58481
128928 	 103296
128928 	  93866
128928 	 107489
128928 	 127221
128928 	 109399
128928 	 126974
128928 	   7303
128928 	  99548
128928 	  68575
128928 	 108883
128928 	 125108
128928 	  91849
128928 	 107802
128928 	 125120
128079 	 102380
128079 	 126040
128079 	  99477
128079 	 129134
128079 	  75566
128079 	 101648
128079 	 102995
128079 	 115465
128079 	 113681
128079 	 108160
128079 	 124765
128079 	 117344
128079 	 129520
128079 	 129161
122396 	  31821
 88019 	  39337
 88019 	  75030
 88019 	  96113
 88019 	 129859
 88019 	 127855
 88019 	 115606
 88019 	  75566
 88019 	  52224
 88019 	 102995
 88019 	 100744
 88019 	 123045
 88019 	 130419
 88019 	 124765
 88019 	 102704
 88019 	 101342
 88019 	 126225
 88019 	 117344
118243 	  39337
118243 	  93163
118243 	  39079
118243 	  96738
118243 	 130780
118243 	  28241
118243 	 114379
118243 	 131151
118243 	 110268
118243 	  91926
118243 	   5646
118243 	 114535
118243 	 111407
118243 	 122840
118243 	  65863
118243 	  53672
118243 	 131017
118243 	 129644
118243 	  58481
118243 	 105815
118243 	  43129
118243 	   8179
118243 	 109370
118243 	 116522
118243 	 108127
118243 	 114673
118243 	  98252
118243 	 119617
118243 	 114259
118243 	 120998
118243 	  52224
118243 	  52786
118243 	 105413
118243 	 100142
118243 	  28201
118243 	 119717
118243 	 119685
118243 	  96223
118243 	   2267
118243 	 101486
118243 	 117213
118243 	  94005
118243 	 109086
118243 	 126974
118243 	 100744
118243 	 123045
118243 	   2268
118243 	 126651
118243 	  82242
118243 	  66563
118243 	 100172
118243 	 126048
118243 	   7854
118243 	  66058
118243 	 124069
118243 	 119890
118243 	  90122
118243 	 126225
118243 	 117490
118243 	 129520
118243 	  91849
118243 	  64212
112063 	 127102
112063 	  39337
112063 	 128844
112063 	  99902
112063 	 126200
112063 	 130983
112063 	 102278
112063 	  99477
112063 	  53106
112063 	 125161
112063 	  98252
112063 	  99455
112063 	 102481
112063 	   2524
112063 	  82318
112063 	 101648
112063 	 115465
112063 	 118234
112063 	 123045
112063 	 126651
112063 	 124765
112063 	  98813
100687 	 102380
100687 	 101160
100687 	 122840
100687 	 130218
100687 	  53106
100687 	 125839
100687 	 109370
100687 	 111666
100687 	 129208
100687 	 122945
100687 	   2524
100687 	 124477
100687 	  69513
100687 	 126248
100687 	 124881
100687 	 108160
100687 	 108765
100687 	 127382
100687 	 124765
100687 	  68241
100687 	 113690
100687 	 117490
100687 	  61674
130833 	 111569
114929 	  94908
114929 	 102380
114929 	 110641
114929 	 126869
114929 	  97838
114929 	 106205
114929 	 126626
114929 	  95442
114929 	 100909
114929 	 118363
114929 	 129960
114929 	  91637
114929 	 102383
114929 	  43129
114929 	  99455
114929 	 102481
114929 	  92527
114929 	  75566
114929 	 103677
114929 	  62268
114929 	 101648
114929 	 100142
114929 	  28201
114929 	 122891
114929 	 123022
114929 	 100744
114929 	 115883
114929 	 113681
114929 	 102704
114929 	 111569
114929 	 126225
114929 	 128928
123347 	  94908
123347 	 110641
123347 	 100909
123347 	 108185
123347 	  99477
123347 	 131017
123347 	  85972
123347 	 102383
123347 	  98252
123347 	 119617
123347 	  96900
123347 	 103677
123347 	 122600
123347 	  82318
123347 	 101648
123347 	 119685
123347 	 123022
123347 	 118234
123347 	 113681
123347 	 126048
123347 	 127382
123347 	 103084
123347 	 124765
123347 	 123702
123347 	 130833
 58385 	 110641
 58385 	 104295
 58385 	 125839
 58385 	 103133
 58385 	  96012
 58385 	  99159
 58385 	 101749
 58385 	 115220
 58385 	 106697
 58385 	 105156
 58385 	  99213
 58385 	  98469
 58385 	 126248
 58385 	 102995
 58385 	 118432
 58385 	 101809
 58385 	 128300
 58385 	 100737
 58385 	 108765
 58385 	 126048
 58385 	 103084
 58385 	  97422
 58385 	 117793
 58385 	  94032
 58385 	  98993
 58385 	  92153
 58385 	  97373
 58385 	 112063
105144 	 127102
105144 	  39337
105144 	  80370
105144 	 128844
105144 	 122022
105144 	   8980
105144 	 130983
105144 	 101160
105144 	  91926
105144 	  95442
105144 	  52894
105144 	 128762
105144 	 109370
105144 	  98252
105144 	 101648
105144 	 115258
105144 	 109086
105144 	  93696
105144 	  58883
105144 	 113681
105144 	  77586
105144 	  66058
105144 	 124069
105144 	 130419
105144 	  68241
105144 	 113068
105144 	  95748
105144 	 117344
105144 	  91849
105144 	  61674
105144 	 130833
105144 	  58385
130531 	  82463
 69502 	  39337
 69502 	 130780
 69502 	 130218
 69502 	 126048
 69502 	 124069
 69502 	 103084
 69502 	  94032
 92655 	  94908
 92655 	 102078
 92655 	 119111
 92655 	 122251
 92655 	 107458
 92655 	 103677
 92655 	 107489
 92655 	 120346
 92655 	 110974
 92655 	 126651
 92655 	  92477
 92655 	 100687
 66646 	  95573
 66646 	  80370
 66646 	  28241
 66646 	 117081
 66646 	  92865
 66646 	  92250
 66646 	 113290
 66646 	 108185
 66646 	  58481
 66646 	  70646
 66646 	  94785
 66646 	 115173
 66646 	 103133
 66646 	 118768
 66646 	 101365
 66646 	 122945
 66646 	 107458
 66646 	 107489
 66646 	 127221
 66646 	 106697
 66646 	 124177
 66646 	 119685
 66646 	 107890
 66646 	  95790
 66646 	 123976
 66646 	 126974
 66646 	  58883
 66646 	  77586
 66646 	 103038
 66646 	  96495
 66646 	 124765
 66646 	 108883
 66646 	 113639
 66646 	 117925
 66646 	 101626
 66646 	  61674
 66646 	  64212
 66646 	 118243
 66646 	  58385
  3476 	 130387
  3476 	 110641
  3476 	 127242
  3476 	 126869
  3476 	 125052
  3476 	 124999
  3476 	 126721
  3476 	 127649
  3476 	  95442
  3476 	  82503
  3476 	 100782
  3476 	 129960
  3476 	  91637
  3476 	 102383
  3476 	 124080
  3476 	   2524
  3476 	  62268
  3476 	  28201
  3476 	 118234
  3476 	 108160
  3476 	 128300
  3476 	 126992
  3476 	 117793
  3476 	  97464
  3476 	 129161
  3476 	  96106
  3476 	   3476
113084 	 127102
113084 	 102380
113084 	  97838
113084 	 128844
113084 	 130983
113084 	 129859
113084 	  99477
113084 	 102383
113084 	 128762
113084 	 101463
113084 	 102481
113084 	   2524
113084 	  52224
113084 	 101648
113084 	 100142
113084 	 100744
113084 	 108765
113084 	  97187
113084 	 111569
113084 	 117344
113084 	 129520
113084 	 129161
113084 	  82662
113084 	 128928
113084 	   3476
 98306 	 101510
 98306 	  75566
 98306 	 123022
 87194 	 113401
 87194 	 118052
 87194 	 102380
 87194 	  39337
 87194 	 114621
 87194 	  91848
 87194 	 131151
 87194 	 117081
 87194 	 129859
 87194 	 129644
 87194 	 100782
 87194 	 101892
 87194 	 124419
 87194 	 111666
 87194 	 118768
 87194 	 101648
 87194 	 127221
 87194 	 124177
 87194 	 119717
 87194 	  98469
 87194 	  96223
 87194 	  69513
 87194 	 101486
 87194 	 101809
 87194 	 123976
 87194 	 124881
 87194 	  58883
 87194 	 100172
 87194 	 103733
 87194 	 100737
 87194 	 108254
 87194 	 126048
 87194 	  66058
 87194 	 124069
 87194 	 119890
 87194 	 130419
 87194 	 105872
 87194 	 124765
 87194 	  97422
 87194 	 102759
 87194 	 117344
 87194 	  97464
 87194 	 113639
 87194 	  61674
 87194 	  92153
 87194 	  58385
