 92014 	  59539
 92014 	 102380
128397 	 102380
128397 	  39337
128397 	  92014
 80076 	  91563
 78533 	  92014
 97838 	 110641
 95182 	  92753
 95182 	  39079
  2986 	  50275
  2986 	 100225
  2986 	  82555
  2986 	  95182
  2986 	  52768
  5543 	  97838
  5543 	  95182
 80370 	  39337
 62372 	  94927
 62372 	  96511
 62372 	 117891
 76155 	  39337
 76155 	  62372
106302 	  97838
106205 	  96511
106205 	 128397
106205 	 106302
105200 	  62372
110571 	  93163
110571 	  39079
110571 	   5543
110571 	 106302
114621 	  59539
114621 	 102380
114621 	  97838
114621 	   2986
109693 	  91563
 99902 	  59539
 99902 	  52768
122022 	  39337
122022 	 126869
 88333 	  75030
 88333 	  15511
 96738 	 126869
 96738 	  97838
 96738 	  52768
 70752 	  94908
 70752 	  39337
 70752 	  52768
 70752 	   2986
 70752 	 105200
  8980 	  39337
107934 	 109693
131018 	  91563
126200 	  91563
126200 	  82555
126200 	  52768
126200 	 106302
105455 	  82555
124999 	   5543
124999 	 105455
 28241 	  97838
130983 	  80370
130983 	 113027
 82246 	  52768
 93171 	  52768
 93171 	  82246
114379 	 114621
126721 	  39079
126721 	  91563
126721 	   8980
 65408 	  15511
101280 	 102380
101280 	 126869
103813 	  75030
101160 	  91563
101160 	  52768
101160 	  80370
101160 	 105455
101160 	  28241
 10217 	 126040
 10217 	 101160
 90147 	  91563
 66308 	  59539
 66308 	  92014
 66308 	 127242
 66308 	 106205
 66308 	  99902
 66308 	 129131
 66308 	 105455
 66308 	 126721
 66308 	 102278
 66308 	 127649
 66308 	  66308
 91926 	  82555
 91926 	 105200
 91926 	  91926
  7012 	   5543
117081 	 102380
117081 	 126040
 92865 	  39337
 92865 	  28241
 92865 	  90147
 92865 	 117081
  5646 	  94927
  5646 	  96511
  5646 	 117891
 92250 	 102278
 82503 	  39079
 82503 	   5543
 82503 	 122022
 82503 	 105455
 82503 	 127649
 31490 	  10217
 69026 	 128397
 69026 	   8980
114535 	  39079
114535 	 128397
114535 	 127242
114535 	 106205
114535 	  88333
114535 	 126200
114535 	 102278
129859 	  94927
129859 	 130665
102503 	 105200
 51289 	 117891
 51289 	 114621
 94264 	  75030
 94264 	 105455
 94264 	  93171
 94264 	 102278
 94264 	 101160
111407 	 130665
111407 	 110571
111407 	 126626
113290 	 105200
113290 	  28241
113290 	 117081
113290 	 111407
122840 	  96511
122840 	 130387
122840 	 126869
122840 	 126040
122840 	 106205
122840 	 102503
122840 	  94264
100909 	 128397
100909 	   8980
100909 	 127649
100909 	  95442
100909 	 122840
 65863 	  39079
 65863 	   5543
 65863 	 109693
 65863 	 122022
 65863 	   8980
 65863 	 113027
 53672 	 102380
 53672 	 126869
 53672 	 126040
 53672 	 105455
 53672 	 131151
 53672 	  92250
 53672 	 102503
108185 	  76155
108185 	 105455
108185 	 110268
108185 	 127649
108185 	 108185
 99477 	  94927
 99477 	 110641
 99477 	 130665
 99477 	 127242
 99477 	 106205
 99477 	 110571
 99477 	  70752
 99477 	   8980
 99477 	 126626
 99477 	   5646
 99477 	 102503
117951 	  94927
117951 	 117891
117951 	 110641
117951 	 128397
117951 	 130665
117951 	 106205
117951 	 110571
117951 	  88333
 75641 	  91848
 75641 	 114535
 75641 	  65863
 72459 	   8980
 72459 	 100909
 44074 	 105200
116115 	 105455
116115 	  29716
 85890 	   5543
 85890 	  91926
 31770 	  94927
 31770 	  88333
 31770 	 126626
 31770 	 113027
119111 	  52768
119111 	 109693
129644 	  80370
129644 	   8980
129644 	  91926
 93950 	 205919
 93950 	   5543
 93950 	 109693
 93950 	  88333
 93950 	 105455
 93950 	 101160
 93950 	   5646
 93950 	 122840
 58481 	 102380
 58481 	  82246
101544 	  91563
101544 	 105200
101544 	  28241
101544 	  91926
101544 	 117081
101544 	 114535
101544 	 100909
101544 	  65863
118363 	 108185
118363 	  58481
 67846 	 105200
 67846 	 109693
 67846 	  91926
100782 	 109693
100782 	 105455
100782 	  65408
100782 	 117081
100782 	  69026
100782 	 111407
100782 	  65863
100782 	  58481
105815 	  91926
105815 	 108185
 81306 	   4793
101892 	  82555
101892 	 105200
101892 	 114535
101892 	  58481
126216 	 119680
130986 	  52768
130986 	 105455
130986 	  51213
 85972 	  92250
 85972 	 113290
 85972 	 105970
129434 	  92014
129434 	   5543
129434 	 126040
129434 	  88333
129434 	   8980
129434 	 126200
129434 	 105455
129434 	 101160
129434 	 127649
129434 	 122840
129434 	  67846
129434 	 100782
129434 	  53106
104295 	  52768
104295 	 105200
104295 	  82246
104295 	  96113
104295 	  53672
124419 	  50275
124419 	  76155
124419 	 113290
124419 	 117951
124419 	 105970
128492 	  94332
 91637 	  80370
 91637 	 109693
 91637 	  70752
 91637 	  91926
 91637 	 117081
 91637 	 100909
 91637 	 117951
 91637 	  94785
  2332 	  94927
  2332 	 110641
  2332 	  88333
  2332 	   8980
  2332 	  99477
 68681 	  95573
 68681 	  95603
 68681 	  94332
 68681 	  58481
 68681 	 124419
125161 	  95182
125161 	  82246
125161 	  96113
 52894 	  93163
 52894 	   5543
 52894 	  70752
 52894 	 131151
 52894 	 108185
 52894 	 127451
105733 	   5543
105733 	  91926
105733 	 125161
 16479 	  53106
130217 	  52768
130217 	 109693
119311 	   8980
119311 	  91926
119311 	  96113
119311 	 111407
128762 	 105200
128762 	 105455
125839 	 127102
125839 	 128844
125839 	 130983
125839 	 110268
125839 	 127649
125839 	  85972
 43129 	   5543
 43129 	 126216
124080 	 128397
124080 	 109693
124080 	   8980
124080 	 131018
124080 	 101160
124080 	 127649
124080 	  94264
124080 	 122840
124080 	 127451
124080 	  93950
124080 	  67846
  8179 	 105455
  8179 	 131151
  8179 	  92250
  8179 	 105733
109370 	  39337
109370 	 109693
109370 	 110268
109370 	  92865
109370 	 100909
109370 	 108185
109370 	 117951
109370 	 122251
109370 	   8179
  2622 	  96113
  2622 	 105733
 97207 	 101160
 97207 	 122840
 97207 	 126216
116522 	  93163
116522 	   5543
116522 	  80370
116522 	 109693
116522 	  88333
116522 	   8980
116522 	 102278
116522 	 101160
116522 	  51289
116522 	 122840
116522 	 127855
116522 	 119325
116522 	  70646
116522 	  53106
116522 	 126216
116522 	 124419
116522 	 119311
 51513 	  94908
 51513 	 100909
 51513 	 104295
 51513 	  43129
 51513 	 124080
 91880 	   8980
 91880 	  91880
103133 	  91926
103133 	  53672
101463 	  50275
101463 	 105200
101463 	 114621
101463 	  94332
101463 	  53672
101463 	 117951
101463 	 119111
101463 	  94785
108127 	  94908
108127 	  97838
108127 	  99902
108127 	 102278
108127 	 100909
108127 	   4363
108127 	 104295
108127 	 102383
108127 	 128762
108127 	   2622
108127 	 103133
 95336 	 126040
 95336 	  88333
 95336 	 101160
 95336 	   5646
107568 	 105200
107568 	  96113
107568 	  99477
 96012 	  96113
 98252 	 126869
 98252 	  52768
 98252 	   2986
 98252 	 105200
 98252 	  82246
 98252 	  94332
 98252 	 114535
 98252 	 100909
 98252 	  53672
 98252 	  99477
 98252 	 117951
 98252 	   8179
 73957 	 126869
 73957 	 125839
 73957 	 108127
118768 	  39079
118768 	   5543
118768 	   8980
118768 	 105455
118768 	 119325
118768 	  91637
118768 	 119311
 69633 	 127102
 69633 	 128844
 69633 	 105455
 69633 	 130983
 69633 	 131151
 69633 	 117081
 69633 	  53106
 69633 	 101892
 69633 	  43129
128974 	 126040
128974 	 126200
128974 	 122840
128974 	 126216
 79310 	  59539
 79310 	 102380
 79310 	   2986
 79310 	  99902
 79310 	 129859
 79310 	  53672
 79310 	  67362
 79310 	  93950
 79310 	  67846
 79310 	 128762
 79310 	   5133
101365 	   4793
 10274 	  10217
 10274 	 117081
 79768 	 126040
 79768 	 126721
 79768 	  96113
 79768 	 101510
 99159 	 110268
 99159 	 101160
 99159 	  53106
 99159 	 125161
 65192 	   5133
122945 	 118052
122945 	 105200
122945 	 105455
122945 	  96113
122945 	 116522
122945 	 118768
119617 	  75030
119617 	 106302
119617 	 109370
 99455 	 126869
 99455 	  93950
 99455 	 124419
 99455 	  99455
101673 	 105455
101673 	 100909
 96900 	 127102
 96900 	 102380
 96900 	  97838
 96900 	 128844
 96900 	 105455
 96900 	 130983
 96900 	 131151
 96900 	 126721
 96900 	 127649
 96900 	  95442
 96900 	 117951
 96900 	  53106
 96900 	 129960
 96900 	 102383
 96900 	   2622
114259 	  91563
114259 	 126040
114259 	 109693
114259 	 122022
114259 	  91926
114259 	  53106
114259 	 129434
114259 	 120065
102481 	 116522
119112 	  95182
119112 	 105200
119112 	  91926
119112 	 114535
119112 	  65863
119112 	  94785
119112 	   8179
119112 	 109370
119112 	   5133
119112 	 120065
 37464 	  69026
 37464 	 107568
 93866 	  91563
 93866 	 122022
 93866 	 129134
 93866 	 126216
108273 	  92753
108273 	   5543
108273 	   8980
108273 	 101463
  2996 	  91563
  2996 	 105200
  2996 	 117951
  2996 	   8179
  2996 	 101365
120998 	  75030
120998 	  15511
110588 	  88141
110588 	  91563
110588 	  52768
110588 	  80370
110588 	 106302
110588 	 109693
110588 	 122022
110588 	  94332
110588 	  96113
110588 	 111407
110588 	 127451
110588 	  67362
110588 	 129434
110588 	   5133
110588 	  91880
110588 	 128974
110588 	   2996
101749 	  94927
101749 	  96511
101749 	 130665
101749 	 106205
101749 	 110571
101749 	  88333
101749 	 126626
101749 	 122840
101749 	 126216
101749 	 129434
108174 	 105455
108174 	 117081
108174 	  92250
108174 	 111407
108174 	  93950
108174 	  58481
108174 	 104295
108174 	 103133
108174 	 102481
108174 	 101749
  2251 	  82555
  2251 	  52768
  2251 	  28241
  2251 	 111407
  2251 	  94785
  2251 	  85142
  2251 	   2996
 75566 	  39337
 75566 	  62372
 75566 	  18307
 75566 	 110268
 75566 	 117081
 75566 	 111407
 75566 	 108185
 75566 	  43129
 75566 	   2996
 52224 	   8980
 52224 	 108185
 52224 	  91880
 52224 	 120065
 52224 	 128974
 52224 	  92527
103677 	  50275
103677 	  92014
103677 	  76155
103677 	 106205
103677 	  92250
103677 	 113290
103677 	 117951
103677 	 101892
122600 	 102380
122600 	 117081
122600 	  96113
122600 	  93950
122600 	  58481
122600 	 100782
122600 	  53106
122600 	  94785
122600 	  43129
122600 	   2622
122600 	   5133
 62649 	 126040
 62649 	 101160
 62649 	   5646
 62649 	 122840
 62649 	 126216
 90137 	 105455
 90137 	 118363
 90137 	 100782
 90137 	 102383
 90137 	  98252
 90137 	 118768
 90137 	  99455
 90137 	 101673
 94602 	 111666
 82318 	  10217
 58632 	 117891
 58632 	 129434
 58632 	  96900
 83275 	 109693
 83275 	  91926
 83275 	 120065
 62268 	 126869
 62268 	   8980
 62268 	   2251
115220 	 126869
115220 	 101160
115220 	   5646
115220 	 126216
115220 	 119617
115220 	 119112
115220 	  94602
 58416 	  59539
 58416 	  97838
 58416 	  52768
 58416 	   2986
 58416 	  82246
 58416 	  94332
 58416 	 102383
 58416 	   5103
 58416 	   5133
 58416 	 118768
 58416 	 102481
 58416 	  52224
117884 	  92753
117884 	  80370
117884 	   8980
117884 	 105455
117884 	  93171
117884 	 110268
117884 	 127649
117884 	  95442
117884 	   4363
117884 	 119325
117884 	 118363
117884 	  53106
117884 	 126216
117884 	 119311
117884 	 108127
117884 	   2524
117884 	  75566
117884 	   1531
105413 	 105455
105413 	 107489
 81262 	  93163
 81262 	  92014
 81262 	   5543
 81262 	 126040
 81262 	  88333
 81262 	  70752
 81262 	   8980
 81262 	 105455
 81262 	  93171
 81262 	 101160
 81262 	 127649
 81262 	   5646
 81262 	 122840
 81262 	 127855
 81262 	 122945
 81262 	  92527
 81262 	  75566
 48486 	  92753
 48486 	  39079
 48486 	   5543
 48486 	 122022
 48486 	  70752
 48486 	   8980
 48486 	 127649
 48486 	 118363
 48486 	  73957
 48486 	  92527
 48486 	  75566
 48486 	  52786
 37931 	 127102
 37931 	  91563
 37931 	  80370
 37931 	 128844
 37931 	   8980
 37931 	 130983
 37931 	  91926
 37931 	  58481
 37931 	   8179
 37931 	 120065
 37931 	 101365
 37931 	  92527
 37931 	   1531
 37931 	  94602
 37931 	 105413
101648 	  94908
101648 	  91563
101648 	 122022
101648 	 117081
101648 	 122840
101648 	 122945
101648 	  96900
101648 	 114259
101648 	 115606
101648 	 103677
111297 	 125161
127221 	 126869
127221 	   5646
 74286 	  96511
 74286 	 110641
 74286 	  91563
 74286 	   5543
 74286 	  80370
 74286 	 109693
 74286 	 122022
 74286 	  88333
 74286 	 110268
 74286 	  91926
 74286 	  51289
 74286 	 122840
 74286 	  70646
 74286 	 126216
 74286 	 130986
 74286 	  52894
 74286 	 128762
 74286 	  43129
 74286 	 108127
 74286 	 101365
 74286 	   2524
 74286 	 122600
 74286 	   1531
 74286 	  52786
 27623 	 114621
 34379 	 114621
 34379 	   5103
 95781 	  96511
 95781 	 119680
 95781 	 125161
 95781 	  98252
124177 	   5543
124177 	 109693
124177 	  91926
124177 	  91637
124177 	 125161
 65782 	  94908
 65782 	  59539
 65782 	 130387
 65782 	 102380
 65782 	 126869
 65782 	  97838
 65782 	  52768
 65782 	 106205
 65782 	 102278
 65782 	  95442
 65782 	 102078
 65782 	 100909
 65782 	  99477
 65782 	 105733
 65782 	 128762
 65782 	 101463
 65782 	 102481
 65782 	 115606
 65782 	  92527
 65782 	 103677
 65782 	 105413
 65782 	  48486
116898 	   5543
116898 	 106302
116898 	  88333
116898 	 105455
116898 	  92865
116898 	 130986
116898 	   2622
116898 	 129208
116898 	  95781
 51767 	  91563
 51767 	  95182
 51767 	 108185
 51767 	  65887
 51767 	   1531
 51767 	  27623
 74885 	  50275
 74885 	 126869
 74885 	 119111
 74885 	 102383
105156 	 125161
105156 	  98252
105156 	 102481
119717 	 117951
 95409 	  98252
124225 	 100909
 98469 	 100617
 98469 	  52768
 98469 	 105200
 98469 	 102278
 98469 	  96113
 98469 	 102503
 98469 	  99477
 98469 	 119325
 98469 	 100782
 98469 	 129960
 98469 	 102383
 98469 	 119311
 98469 	 128762
 98469 	   5103
 98469 	   8179
 98469 	   5133
 98469 	 115606
 98469 	  62268
 98469 	 105413
 98469 	 101648
 98469 	  27623
119685 	 102380
119685 	  97838
119685 	 114621
119685 	   4363
119685 	  93950
119685 	 118363
119685 	 102383
119685 	 128762
119685 	 102481
119685 	   2524
119685 	  52224
121308 	  76155
121308 	  92250
121308 	 113290
121308 	 117951
121308 	 105970
121308 	 122251
121308 	 107458
121308 	  83275
128471 	  52224
 77148 	 131018
 96223 	  58481
 70314 	  39079
 70314 	 122022
 70314 	  73957
 70314 	  92527
 70314 	  75566
 70314 	  52224
 70314 	  52786
  3715 	  96113
115258 	 102380
115258 	  82246
115258 	  66221
115258 	 111297
115258 	  27623
 87759 	 105200
 87759 	 100909
 87759 	  92527
126248 	 117891
126248 	   5646
102995 	  70752
102995 	   8980
102995 	   2622
120346 	 105455
120346 	 100909
118432 	 106302
118432 	 109693
118432 	   8980
118432 	 127649
118432 	 122840
118432 	 127451
118432 	  93950
118432 	 118363
118432 	 100782
118432 	  53106
118432 	 126216
118432 	 125161
118432 	   2524
118432 	  95781
  2267 	  92753
  2267 	  39079
  2267 	   5543
  2267 	 122022
  2267 	  70752
  2267 	   8980
  2267 	 105455
  2267 	  93171
  2267 	 114379
  2267 	 127649
  2267 	 119325
  2267 	 118363
  2267 	 119311
  2267 	 108127
  2267 	  73957
  2267 	  92527
  2267 	  75566
  2267 	  52224
  2267 	  52786
   514 	  93866
 82463 	   5646
 82463 	 119617
115465 	 126216
107890 	  98252
 95790 	  52768
 95790 	  53672
 95790 	   5133
 95790 	  27623
 95790 	   3715
 95790 	    514
101486 	 100909
 61797 	 100909
 61797 	  94785
 95513 	 102380
 95513 	  97838
 95513 	  82555
 95513 	  52768
 95513 	  28241
 95513 	 102278
 95513 	  65408
 95513 	  94332
 95513 	  53672
 95513 	  93950
 95513 	  53106
 95513 	  94785
 95513 	  43129
 95513 	 124080
 95513 	   5133
 95513 	 102481
 95513 	   2524
 95513 	   2996
 95513 	  37931
 95513 	 101648
 95513 	  27623
 95513 	  28201
 95513 	   3715
 95513 	    514
 94015 	  39337
 94015 	  97838
 94015 	  99902
 94015 	 126721
 94015 	 117081
 94015 	  94264
 94015 	 119325
 94015 	  93950
 94015 	 118363
 94015 	  53106
 94015 	 102383
 94015 	 119311
 94015 	 102481
 94015 	 105413
 94015 	  27623
 94015 	   2267
117213 	 128397
117213 	 101160
117213 	 122840
117213 	 129134
117213 	  67846
117213 	 100782
117213 	  53106
117213 	 126216
117213 	   2524
 18023 	   2524
129747 	 130387
129747 	 110641
129747 	 130665
129747 	 127242
129747 	 106205
129747 	 110571
129747 	  70752
129747 	 127649
129747 	   2622
129747 	 122600
129747 	 128471
117950 	 102380
117950 	  97838
117950 	 106205
117950 	  99902
117950 	 129131
117950 	  82246
117950 	 126721
117950 	  96113
117950 	 101510
117950 	   4363
117950 	 118363
117950 	 129960
117950 	 102383
117950 	 105733
117950 	 128762
117950 	 102481
117950 	   2524
117950 	 115606
117950 	  75566
117950 	 101648
 76438 	  91563
 76438 	 109693
 76438 	   8980
 76438 	  91926
 76438 	 114259
 76438 	   1531
 76438 	 119685
 76438 	 109086
 79171 	  52768
 79171 	 105200
 79171 	  82246
 79171 	  96113
 79171 	 101673
 79171 	   3715
 79171 	    514
124881 	  91563
124881 	  91926
124881 	 126216
124881 	 120065
124881 	 114259
124881 	 121308
105523 	 102380
105523 	 105455
105523 	  82246
105523 	  65408
105523 	 102383
105523 	  48486
105523 	 101648
105523 	  65978
129421 	 105200
129421 	 100909
129421 	 105970
113610 	  39337
113610 	 100909
113610 	 105970
113610 	 108174
 67993 	 127102
 67993 	 119680
 67993 	  39079
 67993 	 128844
 67993 	 109693
 67993 	 122022
 67993 	   8980
 67993 	 130983
 67993 	 110268
 67993 	  96113
 67993 	  51289
 67993 	 108185
 67993 	  58481
 67993 	  70646
 67993 	 103296
 67993 	 118768
 67993 	 122945
 67993 	 114259
 67993 	   1531
 67993 	 111297
 67993 	 100142
 67993 	 119685
 67993 	  94015
 67993 	 117213
 61753 	 122022
 61753 	 108185
 61753 	 114259
 61753 	  94015
 61753 	 117213
 93696 	  52768
 93696 	   2986
 93696 	  62372
 93696 	  18307
 93696 	  82246
 93696 	  29716
 93696 	  94332
 93696 	  53672
 93696 	  67362
 93696 	  66221
 93696 	 105413
 93696 	  37931
 93696 	  65782
 93696 	 100142
 93696 	   3715
 58883 	  94264
 58883 	 122840
 58883 	  93950
 58883 	 126216
 58883 	  97207
 58883 	  95781
110974 	 109693
110974 	 122022
110974 	  70752
110974 	   8980
110974 	 105455
110974 	 117081
110974 	  58481
110974 	  94785
110974 	   8179
110974 	 120065
110974 	 101365
110974 	  52786
110974 	  48486
110974 	 116898
110974 	   2267
110974 	  94015
110974 	 117213
110974 	 109086
110974 	 129421
123022 	   5543
123022 	 106302
123022 	  88333
123022 	 105455
123022 	 131151
123022 	   2622
123022 	 108127
123022 	 129208
123022 	  92527
123022 	  98991
123022 	  58883
100744 	 110641
100744 	 130665
100744 	 106205
100744 	 110571
100744 	   8980
100744 	 126626
100744 	 120065
100744 	 116898
100744 	 105156
100744 	 113610
100744 	 123022
118234 	 101160
118234 	 122840
118234 	 125161
122171 	   8980
122171 	 102078
122171 	 113290
122171 	 122251
122171 	   5133
122171 	  91880
122171 	 116898
122171 	 121308
122171 	  94015
122171 	 117213
122171 	 109086
115883 	  80370
115883 	   8980
115883 	  91926
115883 	  65863
115883 	  94785
115883 	  48486
115883 	 119685
115883 	  94005
 67672 	 125161
 52250 	  52768
 52250 	  53672
 52250 	 105413
 52250 	  48486
 52250 	 101648
 52250 	   3715
 52250 	    514
121157 	  58481
 31394 	  92753
 31394 	  39079
 31394 	  70752
 31394 	 105455
 31394 	 113027
 31394 	 114379
 31394 	 127649
 31394 	 118363
 31394 	 108127
 31394 	  73957
 31394 	  92527
 31394 	  75566
 31394 	  52786
 31394 	  94015
 31394 	  58883
 81503 	   5543
 81503 	  92865
 81503 	  93950
 81503 	 121308
 81503 	 128471
 81503 	 109086
116540 	 127102
116540 	 128844
116540 	 130983
116540 	 117081
116540 	 126216
116540 	   5133
116540 	 126974
123045 	 128397
123045 	   8980
123045 	 101160
123045 	 122840
123045 	  93950
123045 	 118363
123045 	 100782
123045 	  53106
123045 	 126216
123045 	  73957
123045 	   2524
123045 	  95781
123045 	 115258
  2268 	 105200
  2268 	 109693
  2268 	  28241
  2268 	  91926
  2268 	 111407
  2268 	 108273
  2268 	  92527
  2268 	 108174
  2268 	   1531
  2268 	 107489
  2268 	 121308
  2268 	   2267
  2268 	 109399
  2268 	 117213
  2268 	  94005
  2268 	 109086
  2268 	 122171
  7303 	 101365
126651 	  94927
126651 	  96511
126651 	 130387
126651 	 110641
126651 	 130665
126651 	 110571
126651 	 101160
126651 	 122840
126651 	  99477
126651 	 126216
126651 	 129434
126651 	 125161
126651 	 122600
126651 	 128471
126651 	 126248
126651 	 118432
126651 	 103091
126651 	   7303
 92509 	 126040
 92509 	  88333
 92509 	 126200
 82242 	  91563
 82242 	 109693
 82242 	 101160
 82242 	  91926
 82242 	 122840
 82242 	   8179
 82242 	 120065
 82242 	  52786
 82242 	 105413
 82242 	 116898
 82242 	 117213
 82242 	 109086
113681 	  91926
 75661 	   8980
 75661 	  95442
 75661 	 122840
 75661 	 118363
 75661 	 126216
 75661 	  73957
 75661 	   2524
 75661 	   7303
 66563 	 127102
 66563 	  80370
 66563 	 128844
 66563 	 122022
 66563 	 130983
 66563 	 101160
 66563 	  91926
 66563 	 122840
 66563 	 127855
 66563 	   4363
 66563 	 118363
 66563 	  67846
 66563 	  53106
 66563 	 126216
 66563 	  73957
 66563 	 122945
 66563 	   2524
 66563 	  28201
 66563 	 103973
 66563 	   7303
 62878 	  95573
 62878 	 105455
 62878 	  95603
 62878 	   5103
 62878 	  94602
 62878 	 127221
 62878 	 119717
 62878 	  96223
 62878 	 123976
100172 	  39079
100172 	  80370
100172 	 122022
100172 	   8980
100172 	 130780
100172 	 108185
100172 	 120065
100172 	  92527
100172 	  52786
100172 	 105413
100172 	 121308
100172 	  94015
100172 	 109086
100172 	 123022
108160 	  52768
108160 	 129131
108160 	  94332
108160 	  53672
108160 	  94785
108160 	   5103
108160 	   2622
108160 	  85142
108160 	  66221
108160 	 105413
108160 	   3715
108160 	    514
108160 	 100744
108160 	  81503
 77586 	 126869
 77586 	  91880
 77586 	 120065
 77586 	 111297
 77586 	  94015
128300 	 108127
101850 	   8980
101850 	  91926
 50309 	 126721
 50309 	 117951
 50309 	  53106
 50309 	 130986
 50309 	 118768
 50309 	  28201
 80885 	  81305
 80885 	 205919
 80885 	  80370
 80885 	  82246
 80885 	  69026
 80885 	 122840
 80885 	  91880
 80885 	  10274
 80885 	  79768
 80885 	  81262
 80885 	  70314
 80885 	  31394
 80885 	  80885
 66886 	   4793
 66886 	 125161
 66886 	  99159
 66886 	 119685
 66886 	 124881
 74664 	 105200
106244 	 100909
100737 	  94927
100737 	  92014
100737 	 126869
100737 	 126040
100737 	  88333
100737 	   8980
100737 	  94264
100737 	 108185
100737 	 101510
100737 	 118363
100737 	 129434
100737 	   2622
100737 	  91880
100737 	 111666
100737 	  92527
100737 	   2251
100737 	 122600
100737 	  95409
100737 	 128471
100737 	  94015
100737 	 123022
108765 	  82246
108765 	  53672
108765 	  67846
108765 	 103296
108765 	  48486
108765 	  27623
108765 	   3715
119270 	 127242
119270 	 113290
119270 	 119111
119270 	 115173
119270 	 122251
119270 	 102481
119270 	  83275
119270 	 106697
119270 	 102995
119270 	 117950
119270 	 118234
119270 	 103973
126646 	 113027
126646 	 108127
108254 	 126646
103038 	 117081
103038 	 117951
103038 	 118768
126048 	  59539
126048 	  52768
126048 	  94785
126048 	 105413
126048 	  27623
126048 	   3715
126048 	    514
126048 	  65978
 99548 	  58481
 99548 	  70788
 86131 	 128397
 86131 	   8980
 86131 	 131018
 86131 	 101160
 86131 	 122840
 86131 	 129134
 86131 	  93950
 86131 	 118363
 86131 	 100782
 86131 	  53106
 86131 	 126216
 86131 	   2524
 86131 	 103973
 86131 	 106244
  7854 	 114621
  7854 	 107458
  7854 	 100142
  7854 	 100744
  7854 	 108765
126574 	 102380
126574 	 126721
126574 	 129960
126574 	   5133
126574 	 102481
126574 	  92527
126574 	  27623
126574 	  98991
126574 	 123022
126574 	 113681
126574 	 108160
126574 	  70788
 66058 	  76155
 66058 	 102078
 66058 	 117951
 66058 	 105970
 66058 	 119111
 66058 	 101544
 66058 	 122251
 66058 	 125990
 66058 	 102481
 66058 	  83275
 66058 	  92509
 66058 	 108765
 94837 	  91926
 94837 	 113290
 94837 	 100909
 94837 	 118768
 94837 	 101365
 94837 	 110588
126274 	 105200
126274 	 105455
126274 	 116522
126274 	 101673
126274 	  94602
124069 	   5543
124069 	 127451
124069 	 109370
124069 	 108127
 41611 	  94908
 41611 	  99477
 41611 	 105733
 41611 	 103677
 41611 	  27623
 60615 	 109693
103084 	  15511
103084 	 109693
103084 	 101160
103084 	  91926
103084 	 131017
103084 	 109370
103084 	 120065
103084 	 128974
103084 	  96900
103084 	   2251
103084 	   1531
103084 	 116898
103084 	 109086
103084 	 129421
103084 	   7303
103084 	 126651
130419 	  52768
130419 	  94332
130419 	  53672
130419 	  43129
130419 	   5133
130419 	  85142
130419 	  27623
130419 	   3715
130419 	    514
130419 	  62878
 68575 	  96511
 68575 	 117891
 68575 	 130665
 68575 	 127649
 68575 	 108185
 68575 	 129434
 68575 	   2622
 68575 	 122600
 68575 	 116898
 68575 	 128471
 68575 	 126646
 68575 	 127707
 62617 	 101510
 62617 	   5133
 62617 	  48486
 62617 	 126651
128707 	  96113
128707 	 120998
128707 	 108174
128707 	  92509
128707 	 108765
126992 	 119680
126992 	 125161
126992 	 111666
126992 	  98252
126992 	 100172
 96495 	  91926
 96495 	  62878
105872 	  58481
105872 	 105815
105872 	 114673
105872 	  92527
105872 	  27623
105872 	 126974
101248 	  96511
101248 	 126869
101248 	 106205
101248 	 105455
101248 	   5646
101248 	  93950
101248 	 102383
101248 	 125161
101248 	  94602
101248 	  98991
101248 	 126574
124765 	  94927
 95929 	  91926
 95929 	  53672
 95929 	   2996
 95929 	  27623
 97187 	  82246
 66016 	 108185
 66016 	 117951
 66016 	 119685
102704 	 110641
102704 	 127242
102704 	  88333
102704 	 127649
102704 	 108185
102704 	 128492
102704 	 122600
102704 	 115883
131601 	  94927
131601 	 130387
131601 	 117891
131601 	 110641
131601 	 119680
131601 	 130665
131601 	 127242
131601 	 106302
131601 	 110571
131601 	  88333
131601 	  70752
131601 	   8980
131601 	 127649
131601 	 129644
131601 	 129434
131601 	 128492
131601 	 125161
131601 	 125839
131601 	  91880
131601 	 120065
131601 	  96012
131601 	  98252
131601 	 119617
131601 	  92527
131601 	   2251
131601 	 122600
131601 	 124477
131601 	  95781
131601 	 105156
131601 	  95409
131601 	 118432
131601 	  94015
131601 	 115883
131601 	 103973
131601 	 121157
131601 	 113681
131601 	 100172
131601 	 126048
131601 	 126574
131601 	 127382
111569 	  53672
111569 	  94785
111569 	   2996
111569 	 119685
111569 	 117213
 68241 	 100909
 68241 	 105413
 68241 	 111569
124365 	  70788
 97422 	 105455
 97422 	 107489
 97422 	 108765
 97422 	 111569
113690 	  39337
113690 	 114621
113690 	  27623
113690 	   2267
113690 	 100744
113690 	   2268
113690 	  92509
113690 	 117924
113690 	 111569
 94367 	 119680
 94367 	 106205
 94367 	 125161
 94367 	 111666
 94367 	  99159
 94367 	 102481
 94367 	 126248
 94367 	 100172
 94367 	 126048
 94367 	 126574
108883 	  94908
108883 	  59539
108883 	   2986
108883 	  31490
108883 	  53672
108883 	 117951
108883 	 119111
108883 	 105733
108883 	   5103
108883 	   8179
108883 	 114673
108883 	 103677
108883 	  48486
108883 	   3715
108883 	 109399
108883 	 117950
108883 	 122171
108883 	 111227
108883 	 116540
108883 	  62878
108883 	 128300
108883 	 111569
128822 	  39337
128822 	  91563
128822 	  52768
128822 	  91926
128822 	  94332
128822 	  65863
128822 	  53672
128822 	   5103
128822 	   2251
128822 	 105413
128822 	  37931
128822 	  27623
128822 	   2267
128822 	    514
128822 	  81503
128822 	 123045
128822 	  66563
128975 	  52768
128975 	 105455
128975 	 117081
128975 	  58481
128975 	  43129
128975 	   8179
128975 	  83275
128975 	 105413
128975 	   2267
128975 	   2268
128975 	   7854
102759 	  92753
102759 	  39079
102759 	 106205
102759 	  88333
102759 	  92865
102759 	 127451
102759 	 129644
102759 	  93950
102759 	 130986
102759 	 125161
102759 	 109370
102759 	   2622
102759 	 101463
102759 	 108127
102759 	  96012
102759 	 111666
102759 	  98252
102759 	 119617
102759 	  92527
102759 	   1531
102759 	 121308
102759 	  98991
102759 	  58883
102759 	 113681
102759 	 126048
102759 	 124069
102759 	 126992
102759 	  97187
102759 	 102704
102759 	  94367
126225 	  52768
126225 	 105455
126225 	 127649
126225 	  94785
126225 	   5133
126225 	  27623
126225 	   2267
126225 	    514
126225 	  81503
126225 	   2268
126225 	   7854
126225 	 130419
113068 	 105455
113068 	   5103
113068 	 100142
113068 	 119717
113068 	   2267
113068 	   2268
113068 	 111569
 95748 	 119680
 95748 	  68681
 95748 	 128974
 95748 	 101648
 95748 	 123022
 95748 	 123702
 90406 	 126869
 90406 	  91880
 90406 	 120065
 90406 	 111297
 90406 	  94015
 90406 	 128822
125108 	 105200
125108 	  28241
125108 	 117081
125108 	 111407
125108 	  65863
125108 	  58481
125108 	  94785
125108 	   8179
125108 	   5133
125108 	  66221
125108 	  48486
125108 	  27623
125108 	   2267
125108 	  94005
125108 	 113681
125108 	  62878
125108 	  70788
125108 	   7854
117490 	  92014
117490 	  80370
117490 	 105200
117490 	 122022
117490 	   8980
117490 	 105455
117490 	  28241
117490 	  91926
117490 	  58481
117490 	  94785
117490 	   8179
117490 	 120065
117490 	 101365
117490 	 114259
117490 	   1531
117490 	  52786
117490 	  48486
117490 	  27623
117490 	 116898
117490 	 119685
117490 	 121308
117490 	  69513
117490 	   2267
117490 	  94015
117490 	 117213
117490 	  94005
117490 	 109086
117490 	 126974
117490 	 129421
117490 	 121157
117490 	   2268
117490 	  66563
117490 	   7854
117490 	  66058
117344 	 105200
117344 	 109693
117344 	  91926
117344 	  94785
117344 	 105413
117344 	 119685
117344 	   2267
117344 	  94005
117344 	   2268
117344 	   7854
 97464 	   7303
 69636 	 125161
 69636 	 126574
113639 	  73957
 52076 	 114259
 52076 	   7303
 34899 	  29716
 34899 	  76053
 73555 	  52768
 73555 	    514
 73555 	  81503
 73555 	 124765
 73555 	 111569
 94032 	 126040
 94032 	 126721
 94032 	  96113
 94032 	 101510
 94032 	  92527
 98993 	  91563
 98993 	  80370
 98993 	 109693
 98993 	   8980
 98993 	 110268
 98993 	 101160
 98993 	 108185
 98993 	 126216
 98993 	 120065
 98993 	 114259
 98993 	   1531
 98993 	  52786
 98993 	 109086
 98993 	  66058
 98993 	 130419
 98993 	 117490
129520 	  82246
129520 	  31490
129520 	  96113
129520 	  53672
129520 	   5133
129520 	  48486
129520 	  27623
 50841 	  91563
 50841 	   8980
 50841 	 129131
 50841 	 127649
 50841 	  91926
 50841 	 127855
 50841 	 100782
 50841 	  53106
 50841 	  85972
 50841 	 109370
 50841 	   5133
 50841 	 120065
 50841 	 122945
 50841 	  27623
 50841 	 119685
 50841 	  94015
 50841 	 126974
 50841 	 103973
 50841 	 113681
 50841 	 108160
 50841 	  91740
 50841 	  66058
 50841 	 130419
 50841 	  68575
 50841 	 128975
 50841 	 113068
 50841 	 117344
 50841 	  97464
 91849 	  94927
 91849 	 117891
 91849 	 129434
 91849 	 128492
 91849 	 115883
 91849 	 127707
117925 	  91563
117925 	  80370
117925 	 109693
117925 	 122022
117925 	  70752
117925 	 129134
117925 	  53106
117925 	 124419
117925 	  97207
117925 	 120065
117925 	  73957
117925 	 101365
117925 	 122945
117925 	   2524
117925 	   2251
117925 	 111297
117925 	  95781
117925 	 124881
117925 	   7303
117925 	 106244
117925 	 119270
117925 	  66058
117925 	  68575
117925 	  94367
117925 	 128822
117925 	  95748
117925 	  50841
117925 	  91849
107802 	 129208
103602 	  94927
103602 	 130665
103602 	  97838
103602 	 106302
103602 	  88333
103602 	  70752
103602 	 110268
103602 	 129960
103602 	 129434
103602 	 101365
103602 	 122945
103602 	   2251
103602 	 122600
103602 	  52786
103602 	 126248
103602 	  94015
103602 	 117213
103602 	 122891
103602 	 127707
103602 	 123702
103602 	 113068
 93364 	  39079
 93364 	 128397
 93364 	   5543
 93364 	 131018
 93364 	  92865
 93364 	 129134
 93364 	  97207
 93364 	 108127
 93364 	  34379
 93364 	  95781
 93364 	  95350
 93364 	 109086
 93364 	  77586
 93364 	  90122
125120 	 126646
101626 	  39079
101626 	 105455
101626 	  96113
101626 	 108185
101626 	 120065
101626 	  92527
101626 	   2267
101626 	 109086
101626 	  58883
101626 	 119884
101626 	   2268
101626 	 108765
101626 	  99548
101626 	   7854
101626 	 111569
101626 	 126225
101626 	  76053
101626 	 107802
129161 	 122840
129161 	  70646
129161 	 126216
129161 	 123045
129161 	 117490
129161 	  91849
 31821 	  94927
 31821 	  96511
 31821 	 108185
 31821 	  99477
 31821 	 120065
 31821 	 122600
 31821 	 128471
 31821 	 126248
 31821 	 126646
 31821 	 127707
 31821 	 128822
 98813 	  52768
 98813 	  82246
 98813 	  53672
 98813 	 105413
 98813 	 100142
 98813 	   3715
 98813 	  81503
 98813 	 129161
 61674 	 105200
 61674 	   5103
 61674 	  48486
 61674 	  37931
 61674 	   3715
 61674 	 123022
 61674 	  81503
 61674 	   7303
 61674 	  62878
 61674 	 111569
 61674 	 117344
 61674 	 107802
121983 	 116522
121983 	 107489
121983 	 116898
121983 	 108883
125231 	  59539
125231 	  52768
125231 	   3715
125231 	    514
125231 	  81503
 92153 	 119270
 92153 	 127707
 95496 	 101160
 95496 	 126216
 95496 	 125161
 95496 	 126048
 95496 	 117490
 92477 	  94785
 92477 	   8179
 97373 	  98252
 97373 	 100172
124281 	  91563
124281 	 105200
124281 	   8980
124281 	  95790
124281 	 124765
124281 	 111569
124281 	 119808
 96106 	  91563
 96106 	 108273
 96106 	 109399
 96106 	 111227
 96106 	   2268
 96106 	 119808
111453 	  91926
111453 	   5103
111453 	   1531
111453 	  27623
111453 	 116898
111453 	 113681
111453 	 124365
111453 	 123702
111453 	 126225
 82662 	   8980
 82662 	 105455
 82662 	 102278
 82662 	  53106
 82662 	 126216
 82662 	   2524
 82662 	 113068
 64212 	  58481
 64212 	  70788
 89982 	 125161
 89982 	  91849
 42495 	 102380
 42495 	 126869
 42495 	  96113
 42495 	 118768
 42495 	  94602
 42495 	 107489
 42495 	 100142
 42495 	 111227
 42495 	 100172
 42495 	 126225
116362 	  59539
116362 	  50275
116362 	  52768
116362 	  94332
116362 	  65863
116362 	  94785
116362 	   5103
116362 	 116522
116362 	   5133
116362 	  48486
116362 	  37931
116362 	  27623
116362 	   3715
116362 	   2267
116362 	    514
116362 	  81503
116362 	  82242
116362 	  66563
105591 	  94927
105591 	 117891
105591 	 126869
105591 	 106302
105591 	  94264
105591 	 108185
105591 	 101510
105591 	 129644
105591 	 129434
105591 	 128492
105591 	 111666
105591 	   2251
105591 	 122600
105591 	 128471
105591 	 127707
105591 	  96106
128079 	   5646
128079 	 108127
128079 	 115606
122396 	  52768
122396 	 102383
122396 	 102481
122396 	  37931
122396 	   3715
122396 	  94005
122396 	  81503
122396 	 111569
 88019 	  94927
 88019 	   8980
 88019 	 108185
 88019 	 111297
 88019 	 105156
 88019 	 127707
118243 	   2251
130833 	 127102
130833 	  80370
130833 	 128844
130833 	 122022
130833 	   8980
130833 	 130983
130833 	 110268
130833 	  91926
130833 	  92865
130833 	  51289
130833 	  94264
130833 	  70646
130833 	 126216
130833 	 124419
130833 	  97207
130833 	 120065
130833 	  52786
130833 	   7303
130833 	 119270
130833 	  66058
130833 	  68575
130833 	 128822
130833 	  50841
130833 	  91849
130833 	 121983
130833 	 111453
114929 	  75030
114929 	  88333
123347 	  52768
123347 	   2986
123347 	  62372
123347 	  18307
123347 	  91848
123347 	  82246
123347 	  29716
123347 	  94332
123347 	  53672
123347 	  67362
123347 	  66221
123347 	 105413
123347 	  37931
123347 	 100142
123347 	   3715
123347 	  98991
123347 	 100744
123347 	  81503
123347 	 108160
123347 	 126225
123347 	 129161
 58385 	 102380
 58385 	  39337
 58385 	  97838
 58385 	 106205
 58385 	  99902
 58385 	 129131
 58385 	 126200
 58385 	 126721
 58385 	 102278
 58385 	  96113
 58385 	  53672
 58385 	 101510
 58385 	 119325
 58385 	 118363
 58385 	 100782
 58385 	  94785
 58385 	 102383
 58385 	 105733
 58385 	 119311
 58385 	 128762
 58385 	  43129
 58385 	   5133
 58385 	 102481
 58385 	  92527
 58385 	  62268
 58385 	  37931
 58385 	 101648
 58385 	  27623
 58385 	  51767
 58385 	 122891
 58385 	 123022
 58385 	 108160
 58385 	  50309
 58385 	 126274
 58385 	 126225
 58385 	  97464
105144 	  94908
105144 	  99477
105144 	 105733
105144 	 103677
105144 	  27623
105144 	 111569
130531 	  69513
 69502 	  94908
 69502 	 102380
 69502 	  50275
 69502 	  97838
 69502 	 100909
 69502 	 102383
 69502 	 122251
 69502 	 103677
 69502 	  27623
 69502 	 120346
 69502 	 123022
 69502 	 108160
 69502 	 117925
 92655 	  88141
 92655 	  39337
 92655 	  91926
 92655 	 102383
 92655 	   2251
 92655 	   1531
 92655 	 111297
 92655 	 121308
 92655 	 101248
 92655 	  76053
 92655 	 117344
  3476 	   5646
  3476 	 115606
  3476 	 101248
113084 	 126646
 98306 	 109693
 98306 	  93950
 98306 	  94602
 87194 	  96511
 87194 	 126869
 87194 	 106205
 87194 	   8980
 87194 	 108185
 87194 	  99477
 87194 	 101510
 87194 	 118363
 87194 	 102383
 87194 	   2622
 87194 	  91880
 87194 	 120065
 87194 	 128974
 87194 	  96900
 87194 	   2251
 87194 	 111297
 87194 	  95409
 87194 	  95513
 87194 	  94015
 87194 	 103091
 87194 	 101248
 87194 	 128822
 87194 	 129161
 87194 	 125231
 87194 	  92655
