100617 	 106567
 59539 	  94927
  4793 	 127102
  4793 	 118052
102380 	 113401
102380 	 118052
 39337 	 118052
117976 	  96511
117976 	  39337
 90154 	 118052
 50275 	 118052
 93163 	 117976
 92014 	 118052
 92014 	  50275
 39079 	  93163
 91563 	 113401
 91563 	  94927
 91563 	 118052
 91563 	  93163
 91563 	 119680
 91563 	  91563
100225 	 113401
100225 	 100225
130665 	  94927
130665 	 118052
130665 	  93163
130665 	  39079
130665 	  91563
130665 	 130665
126869 	  94908
 97838 	 118052
 97838 	 100225
 97838 	  95573
 82555 	   9595
 82555 	 117976
 95182 	  50275
 95182 	  95573
  5543 	  50275
  5543 	  39079
  5543 	 100225
126040 	  95182
 62372 	  52768
 76155 	 102380
 75030 	 113401
 75030 	 118052
 75030 	 100225
 75030 	  76155
106205 	  50275
106205 	  76155
 66388 	 117976
 66388 	 119680
 66388 	 100225
 66388 	  76155
127533 	 100225
110571 	  59539
110571 	  95573
110571 	  76155
110571 	 105200
114621 	  76155
114621 	 127533
114621 	 114621
 99902 	 113401
 99902 	  50275
 99902 	 100225
 99902 	   5543
 99902 	 114621
122022 	  95573
122022 	 127533
 88333 	  95182
 18307 	 118052
 18307 	  96511
 18307 	 119680
 18307 	 130665
 18307 	 106302
 18307 	 110571
 18307 	 109693
 18307 	 122022
 96738 	  91563
 96738 	  95573
 96738 	  80370
 70752 	 118052
 70752 	 130387
 70752 	 100225
 70752 	  95573
  8980 	 128397
  8980 	 100225
  8980 	  95573
  8980 	  76155
  8980 	 105200
130780 	 113401
125052 	 106567
125052 	  94927
125052 	  96511
125052 	 117891
125052 	  50275
125052 	  82555
125052 	  80370
125052 	 114621
125052 	 109693
129131 	  96511
129131 	  82555
129131 	  96738
105455 	  39337
  9967 	  95573
124999 	  50275
124999 	  93163
124999 	 100225
124999 	  76155
124999 	 114621
124999 	 130780
124999 	 107934
 93171 	  50275
 93171 	 105200
 93171 	  99902
 93171 	  96738
 93171 	 105455
 29716 	  96511
 29716 	 117891
 29716 	 117976
 29716 	 119680
 29716 	 100225
 29716 	 130665
 29716 	  95573
 29716 	  76155
 29716 	 109693
101280 	 118052
101280 	  50275
101280 	  39079
101280 	  95573
101280 	 127533
101280 	 114621
101280 	 107934
101280 	 101280
110268 	 113401
110268 	  96511
110268 	 107934
 85402 	 113401
 85402 	 118052
 85402 	  39337
 85402 	 117976
 85402 	  95573
 85402 	   5543
 85402 	 107934
 85402 	 103813
101160 	  93163
101160 	  39079
127649 	 113401
127649 	 118052
127649 	  52768
127649 	  80370
127649 	  76155
127649 	 127533
127649 	 110571
127649 	 114621
127649 	 122022
127649 	  88333
127649 	 130780
127649 	 107934
127649 	 101280
127649 	 110268
 10217 	  95182
 10217 	   2986
 10217 	  80370
 10217 	 106302
 10217 	 127533
 10217 	 114621
 10217 	 109693
 10217 	  91848
 10217 	 101280
 10217 	 110268
 66308 	  50275
 66308 	 100225
 66308 	  95573
 66308 	  82555
 66308 	  76155
 66308 	 114621
 66308 	 107934
 66308 	  28241
 66308 	  95603
 91926 	  70752
 95442 	  96511
 95442 	  39079
 95442 	 100225
 95442 	  95573
 95442 	  80370
 95442 	   8980
 95442 	  91926
  7012 	 113401
  7012 	 127533
  7012 	 126721
  7012 	 101280
  7012 	  95603
117081 	 100225
117081 	  82555
117081 	 107934
117081 	  28241
117081 	  95603
117081 	   7012
117081 	 117081
 92865 	 122022
  5646 	  91563
  5646 	  97838
  5646 	  52768
  5646 	 109693
  5646 	 114379
  5646 	 110268
  5646 	 101160
  5646 	  95603
  5646 	   5646
 82503 	  95573
 82503 	  76155
 82503 	  95603
 82503 	  90147
 82503 	  92250
 69026 	  93163
 69026 	 100225
 69026 	  95573
 69026 	  76155
 69026 	   7012
 69026 	  92865
 96113 	 127102
 96113 	 128844
 96113 	 130983
129859 	 106567
129859 	 113401
129859 	 117976
129859 	 100225
129859 	  97838
129859 	 106302
129859 	 114621
129859 	 109693
129859 	  96738
129859 	 130780
129859 	 103813
129859 	 101160
129859 	  95603
129859 	 117081
102503 	 114621
 94264 	  93163
 94264 	 100225
 94264 	  95573
 94264 	  76155
 94264 	 114621
 94264 	 130780
 94264 	 129131
111407 	 118052
111407 	 100225
111407 	  95573
111407 	 109693
111407 	 122022
111407 	  88333
111407 	 107934
111407 	 101160
111407 	   7012
113290 	  39337
113290 	  76155
113290 	 127533
113290 	 109693
113290 	 122022
113290 	 101280
100909 	  50275
100909 	  93163
100909 	 100225
100909 	  76155
100909 	 107934
100909 	 114379
100909 	   7012
100909 	  92865
 65863 	  50275
 53672 	 124999
 53672 	 101280
 53672 	 103813
 53672 	  90147
 53672 	   7012
 53672 	 111407
 99477 	  39079
 99477 	  95573
 99477 	 106302
 99477 	 127533
 99477 	 109693
 99477 	  96738
 99477 	 130780
 99477 	 107934
 99477 	 101280
 99477 	  95603
 99477 	   7012
117951 	  59539
117951 	 118052
117951 	  93163
117951 	  39079
117951 	  82555
117951 	   5543
117951 	  80370
117951 	 105200
117951 	 114621
117951 	 107934
117951 	 113027
117951 	 114379
117951 	 110268
117951 	  95603
117951 	   7012
117951 	 117081
117951 	  92865
117951 	 114535
117951 	 111407
117951 	 122840
 75641 	  93163
 75641 	  39079
 75641 	 126869
129134 	  95573
129134 	  82555
129134 	  52768
129134 	  76155
129134 	 105200
129134 	 114621
129134 	  28241
129134 	   7012
129134 	 114535
129134 	 129859
129134 	 102078
129134 	 111407
129134 	  65863
 72459 	  93163
 72459 	 105455
 44074 	  93163
 44074 	   5646
127855 	   2986
127855 	 114621
116115 	 113401
116115 	 117081
116115 	 117951
116115 	 105970
116115 	 131017
127451 	 113401
127451 	  93163
127451 	 100225
127451 	  95573
127451 	  96738
127451 	 113027
127451 	  28241
127451 	 114379
127451 	 103813
127451 	 117081
130218 	  93163
130218 	  70752
 31770 	 113401
 31770 	 119680
 31770 	  97838
 31770 	  80370
 31770 	 114621
 31770 	  96738
 31770 	 130780
 31770 	 110268
 31770 	 101160
 31770 	  95603
 31770 	 131017
119325 	 113401
119325 	 100225
119325 	 127533
119325 	 131018
119325 	 102078
 93950 	 114621
 93950 	 130780
 93950 	  95603
 93950 	  92865
 93950 	 129859
 93950 	 117951
 93950 	 105970
 93950 	 130218
 93950 	 119111
 58481 	 118052
 58481 	  50275
 58481 	 100225
 58481 	 114621
 58481 	 107934
 58481 	  95603
 58481 	  92250
 58481 	 105970
 58481 	 119111
 70646 	 117976
 70646 	  39079
 70646 	  82555
 70646 	  95182
 70646 	  80370
 70646 	 106302
 70646 	 127533
 70646 	 114621
 70646 	 130780
 70646 	  91848
 70646 	  28241
 70646 	 114379
 70646 	 110268
 70646 	 101160
 70646 	  90147
 70646 	  91926
 70646 	 117081
 70646 	   5646
 70646 	 111407
 70646 	  65863
 70646 	  58481
 70646 	  70646
101544 	  93163
101544 	 114379
 67846 	  93163
 53106 	 118052
 53106 	  50275
 53106 	  93163
 53106 	  39079
 53106 	  91563
 53106 	 100225
 53106 	  82555
 53106 	  52768
 53106 	 105200
 53106 	 114621
 53106 	 109693
 53106 	  70752
 53106 	  28241
 53106 	 110268
 53106 	 101160
 53106 	  91926
 53106 	   7012
 53106 	  92865
 53106 	 114535
 53106 	 102078
 53106 	 111407
 53106 	 108185
 53106 	 131017
 53106 	 130218
 53106 	 119111
 53106 	 101544
105815 	  93163
105815 	  82555
105815 	 111407
 81306 	 113401
 81306 	 118052
 81306 	  50275
 81306 	  91563
 81306 	 100225
 81306 	  82555
 81306 	  95182
 81306 	  52768
 81306 	 105200
 81306 	 114621
 81306 	 109693
 81306 	  96738
 81306 	 107934
 81306 	  28241
 81306 	 110268
 81306 	 103813
 81306 	 101160
 81306 	  90147
 81306 	   5646
 81306 	  94332
 81306 	 102078
 81306 	 113290
 81306 	 117951
 81306 	 131017
101892 	   5543
101892 	 105970
101892 	 101892
130986 	 118052
130986 	 100225
130986 	  95573
130986 	  82555
130986 	  76155
130986 	 105200
130986 	  96738
130986 	  28241
130986 	 101280
130986 	 114535
130986 	 113290
130986 	  65863
 85972 	 113401
 85972 	 118052
 85972 	 100225
 85972 	  95573
129434 	  95603
129434 	   7012
129434 	  92865
129434 	 119111
129434 	 101544
129434 	  85972
 94785 	  93163
 94785 	  39079
 94785 	  91563
 94785 	  82555
 94785 	  52768
 94785 	  96738
 94785 	  91848
 94785 	  28241
 94785 	 101160
 94785 	  91926
 94785 	   7012
 94785 	   5646
 94785 	 114535
 94785 	 111407
 94785 	 122840
 94785 	  65863
 94785 	 108185
 94785 	 117951
 94785 	 105970
 94785 	 131017
 94785 	 127451
 94785 	  85972
115173 	  99902
104295 	 113401
104295 	 102380
104295 	 119680
104295 	 106302
104295 	  96738
104295 	 111407
104295 	 113290
104295 	  65863
104295 	 129644
124419 	 118052
124419 	   8980
124419 	 107934
128492 	 109693
128492 	 110268
128492 	 101160
 91637 	 130986
  2332 	 113401
  2332 	 117976
  2332 	 106302
  2332 	 130780
  2332 	 103813
  2332 	 117081
  2332 	 113290
  2332 	 127451
 68681 	 101160
125161 	 118052
125161 	 100225
125161 	 122022
125161 	 107934
125161 	  90147
125161 	  91926
125161 	 105970
125161 	 118363
125161 	 102383
 52894 	 105815
105733 	 105970
  2911 	  91848
  2911 	  65408
  2911 	 103813
  2911 	  63310
 36327 	  96511
 36327 	 117976
 36327 	 119680
 36327 	 100225
 36327 	  76155
 36327 	 109693
 36327 	  88333
 36327 	 110268
 36327 	  90147
 36327 	 117081
 36327 	  92865
 36327 	 102078
 36327 	 122840
 36327 	 108185
 36327 	 117951
 36327 	 129644
 36327 	 129434
 36327 	 124419
 36327 	 128492
128762 	  96738
128762 	 113290
 43129 	  50275
 43129 	  91563
 43129 	  28241
 43129 	 131017
124080 	 107934
124080 	 114379
124080 	   7012
124080 	 101544
124080 	 105815
124080 	  85972
124080 	 115173
  8179 	 113401
  8179 	  95573
  8179 	  96738
  8179 	  95603
  8179 	   7012
  8179 	 113290
  8179 	 101544
  2622 	  50275
  2622 	 100225
  2622 	  95573
  2622 	 105200
  2622 	  28241
  2622 	  95603
  2622 	 114535
  2622 	  65863
  2622 	  58481
  2622 	  94785
 97207 	 100225
 97207 	  82555
 97207 	 105200
 97207 	 114621
 97207 	 122022
 97207 	  70752
 97207 	 107934
 97207 	 114379
 97207 	 117081
 97207 	  92250
 97207 	  94332
 97207 	 114535
 97207 	 111407
 97207 	  65863
 97207 	 131017
 97207 	 119111
 97207 	  58481
 97207 	  70646
 97207 	 101544
 97207 	 115173
 97207 	   8179
116522 	 114621
116522 	  92250
116522 	 105970
 51513 	  95573
 51513 	  90147
 51513 	 105815
 51513 	   5133
 91880 	  97838
101463 	 127102
101463 	 100225
101463 	  95573
101463 	 128844
101463 	  70752
101463 	 107934
101463 	 105455
101463 	 130983
101463 	 126721
101463 	 110268
101463 	 127649
101463 	  95603
101463 	   7012
101463 	 129134
101463 	 127855
101463 	   4363
101463 	 100782
101463 	  85972
108127 	 118052
108127 	 100225
108127 	 107934
108127 	  65863
108127 	  53672
108127 	  58481
108127 	 101544
108127 	 105815
108127 	 115173
108127 	 116522
 95336 	 106567
 95336 	  80370
 95336 	  76155
 95336 	 127533
 95336 	 114621
 95336 	 109693
 95336 	 101280
 95336 	  91926
 95336 	  92865
 95336 	  92250
 95336 	 114535
 95336 	 111407
 95336 	 105970
 95336 	  70646
 95336 	 101892
 95336 	 115173
 95336 	 130217
 95336 	 116522
 95336 	  91880
107568 	  96738
107568 	 113290
107568 	 117951
107568 	 105970
107568 	  94785
107568 	 116522
 96012 	 113401
 96012 	 118052
 96012 	 114621
 96012 	  96738
 96012 	 107934
 96012 	 131018
 96012 	 113290
 96012 	 115173
 96012 	 124419
111666 	  94927
111666 	  96511
111666 	 117891
111666 	 117976
111666 	  95182
111666 	  76155
111666 	 106302
111666 	 122022
111666 	  88333
111666 	  90147
111666 	 117081
111666 	 117951
111666 	 101892
111666 	 129434
111666 	 124419
111666 	 128492
111666 	 109370
111666 	 114673
111666 	 111666
125990 	 113401
125990 	  96738
125990 	 117081
125990 	 113290
125990 	 117951
125990 	  58481
125990 	 101544
125990 	 122251
 98252 	 113401
 98252 	 110641
 98252 	 114621
 98252 	  96738
 98252 	 105455
 98252 	 126626
 98252 	  95603
 98252 	  91926
 98252 	 105970
 98252 	  53106
 98252 	  52894
 98252 	 116522
 98252 	 108127
 73957 	 100617
 73957 	 102380
 73957 	  95182
 73957 	  76155
 73957 	 106302
 73957 	 127533
 73957 	 114621
 73957 	  99902
 73957 	  88333
 73957 	  70752
 73957 	   8980
 73957 	 131018
 73957 	 101160
 73957 	   7012
 73957 	 127451
 73957 	 130218
 73957 	 115173
 73957 	 128492
 73957 	 109370
 73957 	  97207
 73957 	 111666
 73957 	 125990
 73957 	  73957
118768 	 100225
118768 	  95573
118768 	  92250
118768 	 131017
118768 	 105815
118768 	 101892
118768 	 115173
 69633 	 106567
 69633 	 118052
 69633 	 100225
 69633 	  95573
 69633 	 110571
 69633 	 107934
 69633 	 101160
 69633 	 102078
 69633 	 117951
 69633 	 101544
 69633 	 125990
 69633 	 118768
128974 	  50275
128974 	  80370
128974 	 105200
128974 	 131018
128974 	 110268
128974 	  91926
128974 	  92250
128974 	 111407
128974 	  65863
128974 	 117951
128974 	 105970
128974 	 101892
128974 	 124419
128974 	   5103
128974 	   8179
128974 	  97207
128974 	 120065
 79310 	 125052
 79310 	 124999
 79310 	  95603
 79310 	   7012
 79310 	 105970
 79310 	 105815
 79310 	 126216
 79310 	  52894
 79310 	 116522
 79310 	 108127
 79310 	 114673
 79310 	  73957
101365 	 205919
101365 	  95182
101365 	   9967
101365 	  65408
101365 	  94332
101365 	 103296
 79768 	 113401
 79768 	 118052
 79768 	  82555
 79768 	 127533
 79768 	 114621
 79768 	  96738
 79768 	  91848
 79768 	  28241
 79768 	 101280
 79768 	  90147
 79768 	 113290
 79768 	 105970
 79768 	  58481
 79768 	 105815
 79768 	  94785
 79768 	 122251
 79768 	 130217
 79768 	   8179
 79768 	 116522
 79768 	 125990
 79768 	 118768
 99159 	 127533
 99159 	  68681
 99159 	 125990
 65192 	  91848
 65192 	  95603
 65192 	 105970
 65192 	 122251
 65192 	 116522
122945 	 113401
122945 	  96738
122945 	 103813
122945 	 115173
122945 	  99159
119617 	  92753
119617 	 118052
119617 	 117891
119617 	  50275
119617 	  91563
119617 	 100225
119617 	  52768
119617 	 105200
119617 	 127533
119617 	 109693
119617 	  88333
119617 	  96738
119617 	  28241
119617 	 101280
119617 	 103813
119617 	  95603
119617 	  91926
119617 	   5646
119617 	 114535
119617 	 122840
119617 	  53672
119617 	 131017
119617 	 130218
119617 	  70646
119617 	  85972
119617 	 115173
119617 	 122251
119617 	 130217
119617 	 125839
119617 	   5103
119617 	   5133
119617 	 125990
119617 	 118768
119617 	  85142
119617 	 128974
119617 	  79310
119617 	 101365
119617 	 119617
 99455 	  95182
 99455 	   5543
 99455 	 127533
 99455 	 101280
 99455 	 102078
 99455 	 130217
101673 	 118052
101673 	 127533
101673 	 101280
101673 	 102078
101673 	 119111
101673 	 130217
101673 	 118768
 96900 	 118052
 96900 	 102078
 96900 	 115173
114259 	 126626
114259 	 114379
114259 	  52894
114259 	  43129
102481 	 113401
102481 	 109693
102481 	 111407
102481 	 119111
119112 	  93163
  2524 	 105200
  2524 	  28241
  2524 	  91926
  2524 	  65863
  2524 	 105815
 37464 	  59539
 37464 	  95573
 37464 	  80370
 37464 	 127533
 37464 	 114621
 37464 	 109693
 37464 	 130780
 37464 	  65408
 37464 	 101160
 37464 	  90147
 37464 	  92250
 37464 	 114535
 37464 	 122840
 37464 	  58481
 37464 	  70646
 37464 	 101544
 37464 	 109370
 37464 	 116522
 37464 	 122945
 93866 	  79310
108273 	  50275
108273 	  95573
108273 	  92250
108273 	 131017
108273 	 105815
108273 	 101892
108273 	 114673
108273 	 107458
115606 	 118052
115606 	  96511
115606 	  50275
115606 	  93163
115606 	  39079
115606 	  91563
115606 	 100225
115606 	 114621
115606 	  88333
115606 	  70752
115606 	   8980
115606 	 107934
115606 	 131018
115606 	 113027
115606 	 114379
115606 	 117081
115606 	  92865
115606 	  94332
115606 	 102078
115606 	  53672
115606 	 105970
115606 	 130218
115606 	 119111
115606 	  70646
115606 	 101544
115606 	 101892
115606 	 126216
115606 	  85972
115606 	 115173
115606 	 124419
115606 	 125839
115606 	   8179
115606 	  97207
115606 	 108127
115606 	  73957
115606 	  79310
115606 	  99159
115606 	 122945
115606 	 119617
115606 	  93866
120998 	  95182
 15972 	 117976
 15972 	 100225
 15972 	 106302
 15972 	  88333
 15972 	  96738
 15972 	 107934
 15972 	  95603
 15972 	 117081
 15972 	  92250
 15972 	 108185
 15972 	 119111
 15972 	 101544
 15972 	 114673
 15972 	  73957
 15972 	 122945
110588 	 114379
110588 	 129960
110588 	 108127
 92527 	  99902
101749 	 118052
101749 	  39079
101749 	  91563
101749 	 114621
101749 	 130780
101749 	 131018
101749 	 113027
101749 	 114379
101749 	  92865
101749 	 114535
101749 	  51289
101749 	 131017
101749 	  52894
101749 	 125839
101749 	   5103
101749 	   8179
101749 	  97207
101749 	 116522
101749 	   5133
101749 	 114673
101749 	  96012
101749 	  85142
101749 	  99159
101749 	 108273
101749 	   2996
108174 	 113401
108174 	 118052
108174 	 117976
108174 	 117951
108174 	 118768
  2251 	 110268
 52224 	  97838
103677 	 113401
103677 	 118052
103677 	 117976
103677 	 127533
103677 	 107934
103677 	 101280
103677 	  95603
103677 	 130217
103677 	 125990
103677 	 128974
103677 	 107458
122600 	 113401
122600 	  62372
122600 	  18307
122600 	  96738
122600 	   7012
122600 	 119111
122600 	  15972
 62649 	  95182
 62649 	   2986
 62649 	  80370
 62649 	 106302
 62649 	 127533
 62649 	 114621
 62649 	 109693
 62649 	  91848
 62649 	 101280
 62649 	 110268
 62649 	  94332
 62649 	 108185
 62649 	 101544
 62649 	 101892
 62649 	 130217
 62649 	   8179
 62649 	  91880
 62649 	 125990
 62649 	  99159
 62649 	 122945
 62649 	  37464
 62649 	  93866
 90137 	 113401
 90137 	 117976
 90137 	 127533
 90137 	 101280
 90137 	  92250
 90137 	 113290
 90137 	 119111
 90137 	 130217
 94602 	   4793
 58632 	   4793
 58632 	  39337
 58632 	 101160
 58632 	 122840
 83275 	  92250
 83275 	  94785
 62268 	  97838
115220 	  94927
115220 	  96511
115220 	  50275
115220 	  91563
115220 	 100225
115220 	   5543
115220 	 105200
115220 	  88333
115220 	  70752
115220 	 130780
115220 	 113027
115220 	  28241
115220 	   7012
115220 	 117081
115220 	  94332
115220 	 102078
115220 	 108185
115220 	 129644
115220 	 101892
115220 	   8179
115220 	 114673
115220 	  96012
115220 	  73957
115220 	  79310
115220 	 101365
115220 	 122945
115220 	 108174
 58416 	  50275
 58416 	   5543
 58416 	 107934
 58416 	 102078
 58416 	 120998
 16404 	 119680
 16404 	 122022
 16404 	  96738
 16404 	  70752
 16404 	  28241
 16404 	 110268
 16404 	 101160
 16404 	  92865
 16404 	 102078
 16404 	 117951
 16404 	 119111
 16404 	 101892
 16404 	  52894
 16404 	 116522
 16404 	 118768
 16404 	 101365
 16404 	 107458
 16404 	 120998
 16404 	 108174
 16404 	 107489
117884 	  93163
117884 	  95573
117884 	  76155
117884 	 107934
117884 	 129131
117884 	 113027
117884 	   7012
117884 	  92865
117884 	  82503
117884 	 105970
117884 	 131017
117884 	 101544
117884 	 129960
117884 	  85972
117884 	 115173
117884 	  96012
117884 	  99159
117884 	 107458
117884 	 120998
105413 	 113401
105413 	 100225
105413 	  96738
105413 	  92250
105413 	 102078
105413 	 113290
105413 	  94785
105413 	  99159
105413 	 120998
 81262 	 130780
 81262 	 131017
 81262 	 119111
 81262 	  97207
 81262 	 120998
 48486 	  50275
 48486 	 100225
 48486 	  95573
 48486 	  76155
 48486 	 114621
 48486 	  95603
 48486 	  92250
 48486 	 105970
 48486 	 115173
 48486 	  79310
 48486 	 107458
 48486 	 120998
 48486 	 108174
 48486 	 107489
111297 	  94927
111297 	  39079
111297 	  80370
111297 	 105200
111297 	 127533
111297 	 114621
111297 	 109693
111297 	  96738
111297 	   8980
111297 	 107934
111297 	  28241
111297 	 101280
111297 	 110268
111297 	 101160
111297 	  91926
111297 	 117081
111297 	  92865
111297 	 102078
111297 	 111407
111297 	 113290
111297 	 105970
111297 	 127451
111297 	 130218
111297 	 119111
111297 	  70646
111297 	 101544
111297 	 105815
111297 	 101892
111297 	  85972
111297 	  94785
111297 	 128492
111297 	 122251
111297 	  52894
111297 	 130217
111297 	   8179
111297 	 109370
111297 	  97207
111297 	 108127
111297 	 129208
111297 	  73957
111297 	 118768
111297 	 128974
111297 	 101365
111297 	 108174
111297 	 122600
111297 	   1531
111297 	 117884
111297 	  48486
127221 	 102380
 74286 	  95603
 74286 	 131017
 74286 	 118768
 74286 	 120998
 27623 	 100225
 27623 	  95573
 27623 	  95603
 27623 	 111407
 27623 	 120998
 27623 	 108174
 27623 	 107489
 34379 	 113401
 34379 	 117976
 34379 	  93163
 34379 	 100225
 34379 	  76155
 34379 	  96738
 34379 	  28241
 34379 	 111407
 34379 	 117951
 34379 	 101544
 34379 	 108127
 34379 	 125990
 34379 	 118768
 34379 	  99159
 95781 	 106567
 95781 	  94927
 95781 	 117891
 95781 	  50275
 95781 	  93163
 95781 	 130665
 95781 	  82555
 95781 	  80370
 95781 	 110571
 95781 	  96738
 95781 	   8980
 95781 	  28241
 95781 	 110268
 95781 	 103813
 95781 	 101160
 95781 	   5646
 95781 	 114535
 95781 	 111407
 95781 	  65863
 95781 	 117951
 95781 	 105970
 95781 	 127451
 95781 	 119111
 95781 	  58481
 95781 	  70646
 95781 	 105815
 95781 	  94785
 95781 	 128492
 95781 	 130217
 95781 	   8179
 95781 	 109370
 95781 	 116522
 95781 	 108127
 95781 	 120065
 95781 	 128974
 95781 	  96900
 95781 	 114259
 95781 	 119112
 95781 	 110588
 95781 	 122600
 95781 	  52786
 95781 	 117884
 95781 	 105413
 95781 	  37931
124177 	  90147
124177 	 105815
124177 	 101892
124177 	  91880
124177 	   3208
124177 	  93866
124177 	  90137
 65782 	 110641
 65782 	 100225
 65782 	  95573
 65782 	 126626
 65782 	  95603
 65782 	 111407
 65782 	 101544
 65782 	 125839
 65782 	 119112
 65782 	 120998
 65782 	 110588
 65782 	 117884
 65782 	 124477
116898 	 126216
116898 	  85972
 51767 	 102481
 74885 	 118052
 74885 	 110641
 74885 	 100225
 74885 	  95573
 74885 	 115173
 74885 	 120998
 74885 	 105413
 74885 	 127221
105156 	 106567
105156 	  76155
105156 	  88333
105156 	 114379
105156 	 110268
105156 	 103813
105156 	 101160
105156 	  90147
105156 	  94332
105156 	 113290
105156 	 122840
105156 	 108185
105156 	 117951
105156 	 105970
105156 	 101544
105156 	 126216
105156 	 115173
105156 	 109370
105156 	 116522
105156 	  91880
105156 	 125990
105156 	  73957
105156 	 118768
105156 	 122945
105156 	  90137
105156 	 116898
119717 	 105200
119717 	  96738
119717 	 113290
119717 	  94785
119717 	 116522
119717 	 118768
119717 	 107458
119717 	 120998
119717 	 108174
119717 	 107489
 95409 	 106567
 95409 	 100225
 95409 	   5543
 95409 	 114621
 95409 	  96738
 95409 	 101160
 95409 	 117081
 95409 	  92865
 95409 	  94332
 95409 	 105970
 95409 	 101892
 95409 	 126216
 95409 	 129434
 95409 	 122251
 95409 	 116522
 95409 	  91880
 95409 	 118768
 95409 	 107458
 95409 	  94602
 95409 	 107489
 95409 	  65782
124225 	  93163
124225 	  96738
124225 	  95603
124225 	  92527
124225 	 105413
 99213 	  96738
 99213 	  95603
 99213 	 111407
 99213 	 110588
 99213 	  92527
 99213 	 108174
 99213 	 105413
 98469 	  76155
 98469 	 127533
 98469 	  96738
 98469 	 107934
 98469 	 131018
 98469 	 101280
 98469 	 101160
 98469 	 102078
 98469 	 113290
 98469 	 117951
 98469 	 105970
 98469 	 101544
 98469 	 105815
 98469 	 101892
 98469 	 122251
 98469 	 130217
 98469 	 116522
 98469 	 107458
 98469 	 120998
 98469 	 110588
 98469 	 117884
119685 	  95573
119685 	  76155
119685 	 107934
119685 	 111407
119685 	 105970
119685 	  58481
119685 	 101544
119685 	 105815
119685 	  94785
119685 	 116522
119685 	  79310
119685 	 120998
119685 	 107489
119685 	 117884
119685 	 105413
119685 	  37931
119685 	  27623
121308 	  96511
121308 	 108185
121308 	  99159
121308 	   2251
 77148 	 113401
 77148 	 118052
 77148 	 117976
 77148 	 100225
 77148 	  96738
 77148 	  91848
 77148 	 110268
 77148 	 102078
 77148 	 122840
 77148 	 108185
 77148 	 119111
 77148 	 115173
 77148 	 114673
 77148 	 125990
 77148 	  73957
 77148 	 122945
 77148 	 122600
 70314 	  50275
 70314 	  95573
 70314 	  76155
 70314 	 114673
 70314 	  79310
 70314 	 120998
 70314 	 108174
  3715 	 105200
  3715 	  95603
  3715 	  94785
  3715 	 130217
  3715 	 107489
  3715 	 105413
  3715 	 116898
  3715 	 119717
115258 	   5543
115258 	 114621
115258 	 101280
115258 	 105970
115258 	  72992
115258 	  16479
115258 	 116522
115258 	 125990
 87759 	 113401
 87759 	 118052
 87759 	 117976
 87759 	 117081
 87759 	 111407
 87759 	 113290
 87759 	 107458
 87759 	 120998
 87759 	 110588
 87759 	 107489
102995 	 106567
102995 	  97838
102995 	  95182
102995 	 114621
102995 	 131018
102995 	 110268
102995 	 103813
102995 	  90147
102995 	 105815
102995 	 114673
102995 	 111666
102995 	 125990
102995 	  99159
102995 	  96900
102995 	 114259
102995 	   2251
102995 	  90137
102995 	  94602
102995 	 117884
102995 	 119717
102995 	  96223
120346 	 113401
120346 	 117976
120346 	 114621
120346 	  91848
120346 	 101280
120346 	  90147
120346 	 129134
120346 	 107458
120346 	  90137
120346 	 107489
120346 	 124177
120346 	 128471
118432 	  95573
118432 	  76155
118432 	 130780
118432 	 114379
118432 	  95603
118432 	   7012
118432 	  85972
118432 	 115173
118432 	 124477
118432 	 127221
118432 	  95409
  2267 	  95573
  2267 	  76155
  2267 	  95603
  2267 	  92865
  2267 	  92250
  2267 	 131017
  2267 	 105815
  2267 	 101892
  2267 	 116522
  2267 	  79310
  2267 	 107458
  2267 	 108174
  2267 	 107489
  2267 	 121308
 82463 	 102380
 82463 	  99455
115465 	  92753
115465 	 118052
115465 	  50275
115465 	  93163
115465 	  91563
115465 	  82555
115465 	  80370
115465 	 105200
115465 	 114621
115465 	 122022
115465 	  88333
115465 	  70752
115465 	 114379
115465 	 110268
115465 	   7012
115465 	 114535
115465 	 102078
115465 	  65863
115465 	 108185
115465 	 105970
115465 	 130218
115465 	 119111
115465 	  58481
115465 	  70646
115465 	 101544
115465 	 105815
115465 	  85972
115465 	  94785
115465 	 125839
115465 	  97207
115465 	 116522
115465 	  96012
115465 	  73957
115465 	  85142
115465 	 128974
115465 	  79310
115465 	 101365
115465 	  99159
115465 	 122945
115465 	 119617
115465 	   1531
115465 	 117884
115465 	 105413
115465 	  48486
115465 	 127221
115465 	  34379
115465 	  95781
115465 	 116898
115465 	 105156
115465 	  95409
115465 	  98469
115465 	 119685
115465 	 115258
115465 	 126248
115465 	 118432
115465 	   2267
107890 	 113401
107890 	 118052
107890 	  82555
107890 	  52768
107890 	  76155
107890 	 110571
107890 	 122022
107890 	 107934
107890 	 113027
107890 	 110268
107890 	  91926
107890 	   7012
107890 	 117081
107890 	  92865
107890 	  92250
107890 	  94332
107890 	 114535
107890 	 102078
107890 	 113290
107890 	  65863
107890 	 117951
107890 	 105970
107890 	 119111
107890 	 105815
107890 	  85972
107890 	  94785
107890 	  91880
107890 	 108127
107890 	 120065
107890 	  73957
107890 	  85142
107890 	 107458
107890 	  93866
107890 	 108174
107890 	 105413
107890 	  37931
107890 	  34379
107890 	 116898
107890 	 105156
107890 	  99213
107890 	  98469
107890 	 115258
107890 	  69513
107890 	   2267
107890 	    514
 95790 	 113401
 95790 	 100225
 95790 	 127533
 95790 	  95603
 95790 	 122840
 95790 	 105970
 95790 	 129134
 95790 	 119111
 95790 	 129960
 95790 	 130217
 95790 	 108174
 95790 	 107489
 95790 	 124225
 95790 	  95790
 95350 	 100225
 95350 	  95573
 95350 	  95603
 95350 	  92250
 95350 	  58481
 95350 	 101892
 95350 	 115173
 95350 	 107458
 95350 	 108174
 95350 	 124177
 95350 	 119717
 95350 	  95790
101486 	  93163
101486 	  82555
101486 	 105200
101486 	 105455
101486 	  95603
101486 	 111407
101486 	 117951
101486 	 108127
101486 	 118768
101486 	 107489
101486 	 105413
101486 	 120346
101486 	 107890
101486 	  95790
 48728 	  91563
 48728 	  82555
 48728 	 114621
 48728 	  91926
 48728 	 117081
 48728 	 108185
 48728 	 105970
 48728 	 119111
 48728 	  70646
 48728 	   5103
 48728 	   8179
 48728 	  93866
 48728 	   2996
 48728 	  65782
 48728 	 119685
 48728 	   2267
109399 	  62372
109399 	  18307
109399 	  63310
109399 	  68681
109399 	  15972
109399 	  69513
 86335 	  62372
 86335 	  18307
 86335 	  63310
 86335 	  68681
 86335 	  15972
 61797 	 118052
 61797 	 100225
 61797 	  95573
 61797 	  95603
 61797 	 102078
 61797 	 119111
 61797 	 122251
 61797 	 118768
 61797 	 127221
 61797 	 124177
 61797 	 128471
 61797 	  95790
 95513 	  50275
 95513 	  95573
 95513 	  76155
 95513 	 102078
 95513 	 117951
 95513 	  79310
 95513 	 120998
 95513 	 107489
 95513 	 124177
 95513 	 124225
 95513 	 120346
 95513 	 107890
 94015 	   5543
 94015 	 114621
 94015 	   7012
 94015 	 129859
 94015 	 102078
 94015 	 105970
 94015 	 105815
 94015 	 115173
 94015 	 107458
 94015 	 127221
 94015 	 124177
 94015 	 120346
 94015 	 107890
 94015 	 109399
117213 	  93163
117213 	 100225
117213 	  95573
117213 	  76155
117213 	 114621
117213 	 107934
117213 	   7012
117213 	  92865
117213 	 105970
117213 	 131017
117213 	 105815
117213 	  85972
117213 	 115173
117213 	 124419
117213 	  97207
117213 	 116522
117213 	 120065
117213 	 114673
117213 	  79310
117213 	  99159
117213 	 107458
117213 	 117884
117213 	 124477
117213 	 127221
117213 	  95409
117213 	 107890
117213 	  95790
 94005 	  94927
 94005 	 118052
 94005 	  93163
 94005 	  39079
 94005 	  91563
 94005 	 130665
 94005 	  82555
 94005 	  52768
 94005 	 114621
 94005 	 109693
 94005 	  70752
 94005 	 130780
 94005 	 113027
 94005 	 101280
 94005 	 101160
 94005 	  91926
 94005 	   7012
 94005 	  94332
 94005 	 114535
 94005 	 102078
 94005 	 111407
 94005 	  65863
 94005 	 131017
 94005 	 130218
 94005 	 119111
 94005 	  58481
 94005 	  70646
 94005 	  85972
 94005 	 129434
 94005 	  94785
 94005 	  52894
 94005 	   8179
 94005 	 109370
 94005 	  97207
 94005 	  91880
 94005 	 108127
 94005 	 125990
 94005 	  73957
 94005 	 118768
 94005 	  85142
 94005 	 128974
 94005 	 101365
 94005 	  96900
 94005 	   2996
 94005 	 122600
 94005 	 105413
 94005 	  37931
 94005 	  34379
 94005 	 105156
 94005 	  99213
 94005 	 121308
 94005 	 115258
 94005 	  69513
 94005 	   2267
 94005 	    514
 94005 	  94015
 18023 	 122945
 65978 	 118052
 65978 	 117976
 65978 	 119680
 65978 	 100225
 65978 	  95573
 65978 	  95182
 65978 	  76155
 65978 	 114621
 65978 	  96738
 65978 	 110268
 65978 	  95603
 65978 	  90147
 65978 	   7012
 65978 	 117081
 65978 	  92865
 65978 	 129644
 65978 	 101544
 65978 	 124419
 65978 	 114673
 65978 	 118768
 65978 	  99159
 65978 	  66221
 65978 	 122945
 65978 	 107458
 65978 	 101673
 65978 	  93866
 65978 	 122600
 65978 	  90137
 65978 	 124477
 65978 	 124177
 65978 	 119685
129747 	 106567
129747 	 118052
129747 	 100225
129747 	  97838
129747 	  95182
129747 	 127533
129747 	 109693
129747 	 122022
129747 	  96738
129747 	 130780
129747 	 114379
129747 	 110268
129747 	 103813
129747 	 101160
129747 	  95603
129747 	  90147
129747 	 113290
129747 	 101892
129747 	 109370
129747 	 114673
129747 	 125990
129747 	 128974
129747 	 101365
129747 	  99159
129747 	  66221
129747 	 122945
129747 	  96900
129747 	  93866
129747 	 110588
129747 	  90137
129747 	  94602
129747 	 117884
129747 	 124177
129747 	 119717
129747 	  95790
117950 	 118052
117950 	  50275
117950 	 100225
117950 	  95573
117950 	  52768
117950 	 107934
117950 	  95603
117950 	   7012
117950 	 117081
117950 	  94332
117950 	 102078
117950 	 105970
117950 	 116115
117950 	  58481
117950 	 105815
117950 	 101892
117950 	 115173
117950 	 114673
117950 	  85142
117950 	  79310
117950 	 117884
117950 	  48486
117950 	  37931
117950 	 127221
117950 	   3715
117950 	    514
117950 	 123976
 76438 	  92250
 76438 	 103133
 76438 	 118768
 76438 	 102995
122891 	  95182
122891 	   1531
122891 	  61797
 79171 	 113401
 79171 	 102380
 79171 	 127533
 79171 	  96738
 79171 	 101280
 79171 	 111407
 79171 	  65863
 79171 	 129644
 79171 	 111666
 79171 	  79310
 79171 	 120998
 79171 	 105413
 79171 	  48486
 79171 	 107890
124881 	  93163
124881 	 113027
124881 	 114379
124881 	 102383
124881 	  52894
124881 	 101648
124881 	  28201
105523 	 113401
105523 	 100225
105523 	  95573
105523 	 114621
105523 	  96738
105523 	  95603
105523 	 129859
105523 	 119111
105523 	 101544
105523 	 116522
105523 	 114673
105523 	  79310
105523 	  93866
105523 	 120998
105523 	 108174
105523 	 127221
105523 	 119717
105523 	 124225
105523 	 107890
105523 	  95790
105523 	 109399
105523 	 123976
129421 	 113401
129421 	 118052
129421 	 119680
129421 	 100225
129421 	  96738
129421 	 113290
129421 	 107458
129421 	 120998
129421 	 107489
129421 	 119685
129421 	 107890
113610 	 118052
113610 	  96738
113610 	  95603
113610 	 117081
113610 	 113290
113610 	 105815
113610 	 119717
113610 	  95790
 67993 	 129134
 98991 	 113401
 98991 	 119680
 98991 	  82555
 98991 	  80370
 98991 	  70752
 98991 	  28241
 98991 	 110268
 98991 	 101160
 98991 	  95603
 98991 	  92865
 98991 	 102078
 98991 	 117951
 98991 	 105970
 98991 	 101892
 98991 	  94785
 98991 	  52894
 98991 	 116522
 98991 	 118768
 98991 	 101365
 98991 	 107458
 98991 	 120998
 98991 	 108174
 98991 	  94602
 98991 	 107489
 98991 	 124177
 98991 	 105156
 98991 	 119717
 98991 	 119685
 98991 	 121308
 98991 	  96223
 98991 	 107890
 98991 	 117950
 61753 	  93163
 93696 	  95573
 93696 	 127533
 93696 	  95603
 93696 	  91926
 93696 	 102078
 93696 	 105970
 93696 	  53106
 93696 	 105815
 93696 	 116522
 93696 	 125990
 93696 	 101365
 93696 	 120998
 93696 	 108174
 93696 	  52786
 93696 	 124177
 93696 	 119717
 93696 	 124225
 93696 	  95790
 93696 	 123976
 93696 	 129747
 93696 	 117950
 58883 	  50275
 58883 	  82555
 58883 	  28241
 58883 	  94332
 58883 	  51289
 58883 	   5103
 58883 	  85142
 58883 	  79310
 58883 	  37464
 58883 	  52786
 58883 	  48486
 58883 	  37931
 58883 	  27623
 58883 	  65782
119884 	 113401
119884 	 119680
119884 	 100225
119884 	  95573
119884 	  76155
119884 	 122022
119884 	  88333
119884 	  96738
119884 	  70752
119884 	 130780
119884 	 131018
119884 	 110268
119884 	 101160
119884 	  95603
119884 	 117081
119884 	 102078
119884 	 108185
119884 	 117951
119884 	 131017
119884 	 127451
119884 	 101544
119884 	 101892
119884 	 124419
119884 	 116522
119884 	 118768
119884 	  99159
119884 	 119617
119884 	 107458
119884 	   2251
119884 	 107489
119884 	 124177
119884 	  96223
119884 	  69513
119884 	 107890
119884 	  95790
119884 	 123976
119884 	 117950
119884 	 124881
119884 	  58883
123022 	 129131
123022 	 126216
100744 	  99902
100744 	 129208
100744 	 122891
118234 	  50275
118234 	  91563
118234 	  82555
118234 	  80370
118234 	 105200
118234 	 110268
118234 	  90147
118234 	  92250
118234 	 114535
118234 	  51289
118234 	 105970
118234 	 116115
118234 	  70646
118234 	 101892
118234 	   8179
118234 	 120065
118234 	 107458
118234 	 108174
118234 	  90137
118234 	 107489
118234 	  48486
118234 	  27623
118234 	 121308
118234 	 107890
118234 	  95350
118234 	  94005
122171 	 114379
122171 	 108127
115883 	  93163
115883 	   5543
115883 	 108127
 67672 	  50275
 67672 	  28241
 67672 	 114535
 67672 	 102078
 67672 	  65863
 67672 	 101892
 67672 	  94785
 67672 	  52894
 67672 	   8179
 67672 	  97207
 67672 	 108127
 67672 	 120065
 67672 	   2267
 67672 	  94005
 67672 	 109086
 67672 	 119884
 52250 	 110641
 52250 	 127533
 52250 	 111407
 52250 	 130217
 52250 	 116522
 52250 	 120998
 52250 	 107489
 52250 	 127221
 52250 	 129747
 52250 	 110974
121157 	   3208
121157 	  93866
 31394 	  50275
 31394 	 100225
 31394 	  95573
 31394 	  76155
 31394 	  95603
 31394 	  92865
 31394 	  92250
 31394 	 116522
 31394 	 120065
 31394 	  79310
 31394 	 107458
 31394 	 107489
 31394 	 121308
 31394 	  95790
 31394 	 123976
 31394 	 109086
 81503 	 113401
 81503 	  95182
 81503 	 127533
 81503 	 101280
 81503 	 103813
 81503 	 101160
 81503 	  90147
 81503 	 119111
 81503 	 105815
 81503 	 101892
 81503 	 129434
 81503 	  94785
 81503 	 130217
 81503 	 116522
 81503 	  91880
 81503 	 125990
 81503 	  79768
 81503 	  93866
 81503 	  90137
 81503 	 119717
 81503 	 124225
 81503 	 120346
 81503 	  86335
 81503 	  61797
 81503 	 129747
 81503 	 122171
116540 	 109693
123045 	  95573
123045 	  76155
123045 	 130780
123045 	   7012
123045 	 131017
123045 	 105815
123045 	  85972
123045 	 115173
123045 	  96012
123045 	  99159
123045 	 124477
123045 	 127221
123045 	 105156
123045 	  95409
123045 	  95790
  2268 	  95573
  2268 	 127533
  2268 	  91848
  2268 	 107934
  2268 	 101280
  2268 	  95603
  2268 	  10217
  2268 	 102078
  2268 	 105970
  2268 	 119111
  2268 	 101892
  2268 	 130217
  2268 	 125990
  2268 	  73957
  2268 	 118768
  2268 	   3208
  2268 	 119717
  2268 	 124225
  2268 	 120346
  2268 	 123976
  2268 	 129747
  2268 	 117950
  2268 	 116540
  7303 	 123045
126651 	 118052
126651 	  39079
126651 	  91563
126651 	 100225
126651 	  95573
126651 	 114621
126651 	 130780
126651 	 125052
126651 	 113027
126651 	  28241
126651 	  95603
126651 	 117081
126651 	  94332
126651 	 130218
126651 	  58481
126651 	  70646
126651 	 115173
126651 	 125839
126651 	   8179
126651 	  97207
126651 	   5133
126651 	 118768
126651 	  79310
126651 	 101365
126651 	 122945
126651 	  37464
126651 	  93866
126651 	   2996
126651 	  48486
126651 	  37931
126651 	 127221
126651 	  34379
126651 	 124177
126651 	  95409
126651 	 121308
126651 	  69513
126651 	 107890
126651 	  95790
126651 	 101809
126651 	  94015
126651 	 117213
126651 	 123976
126651 	 109086
126651 	 122171
 92509 	 100225
 92509 	  82555
 92509 	  70752
 92509 	 110268
 92509 	  95603
 92509 	 117081
 92509 	  92250
 92509 	  70646
 92509 	 101892
 92509 	 115173
 92509 	 124419
 92509 	   5103
 92509 	 116522
 92509 	 108127
 92509 	 120065
 92509 	  96012
 92509 	  99159
 92509 	 122945
 92509 	 107458
 92509 	  52786
 92509 	 117884
 92509 	 127221
 92509 	 124177
 92509 	 123976
 92509 	 124881
 92509 	 110898
 92509 	 121157
 92509 	  92509
 75661 	  50275
 75661 	  93163
 75661 	 100225
 75661 	  95573
 75661 	  76155
 75661 	 130780
 75661 	 114379
 75661 	  95603
 75661 	  90147
 75661 	   7012
 75661 	  85972
 75661 	 115173
 75661 	  97207
 75661 	  79310
 75661 	  90137
 75661 	 127221
 75661 	 124177
 75661 	 107890
 75661 	  95790
 75661 	 109399
 75661 	 123976
 75661 	 111227
 66563 	  95573
 66563 	 116115
 66563 	 105733
 66563 	  79310
 66563 	 109399
 66563 	 123976
 62878 	 113401
 62878 	 118052
 62878 	  91848
 62878 	 107934
 62878 	 103813
 62878 	 113290
 62878 	 117951
 62878 	 107458
 62878 	 102481
 62878 	 110588
 62878 	 117884
 62878 	 129747
 62878 	 117950
 62878 	 113610
 62878 	 110974
 62878 	 116540
100172 	   5646
100172 	 108127
100172 	 102481
100172 	  75566
100172 	  52224
100172 	 126974
108160 	 118052
108160 	 100225
108160 	  95573
108160 	 109693
108160 	  95603
108160 	  91926
108160 	 102078
108160 	 117951
108160 	 101544
108160 	 105815
108160 	 116522
108160 	 118768
108160 	  79310
108160 	 122945
108160 	 120998
108160 	 107489
108160 	 127221
108160 	 124177
108160 	  28201
108160 	 123976
108160 	  92509
 77586 	  97838
128300 	  96511
128300 	 102380
128300 	 117891
128300 	  93163
128300 	 100225
128300 	  95573
128300 	  82555
128300 	 106302
128300 	 114621
128300 	  96738
128300 	  70752
128300 	  28241
128300 	 114379
128300 	 103813
128300 	 101160
128300 	  95603
128300 	  65863
128300 	 131017
128300 	  58481
128300 	  70646
128300 	 105815
128300 	 129434
128300 	 128492
128300 	 120065
128300 	 128974
128300 	 114259
128300 	 120998
128300 	 108174
128300 	 122600
128300 	 105413
128300 	 127221
128300 	 105156
128300 	 119717
128300 	 119685
128300 	 121308
128300 	  96223
128300 	 107890
128300 	  95790
128300 	 117213
128300 	 109086
128300 	  92509
128300 	  77586
 50309 	 117976
 50309 	 113290
 50309 	 105815
 50309 	 130217
 50309 	 116522
 50309 	 114673
 50309 	 125990
 50309 	 117884
 50309 	 119717
 50309 	 120346
 50309 	 129747
 50309 	 117950
 66886 	 113401
 66886 	 117976
 66886 	 114621
 66886 	  96738
 66886 	 103813
 66886 	 101160
 66886 	   7012
 66886 	 117081
 66886 	 102078
 66886 	 108185
 66886 	  58481
 66886 	  16479
 66886 	 116522
 66886 	 114673
 66886 	 118768
 66886 	  94602
 66886 	 107489
 66886 	 117950
 66886 	 110974
 66886 	   7303
 74664 	  82555
 74664 	  96738
 74664 	  28241
 74664 	 101280
 74664 	 111407
 74664 	 117951
 74664 	 108127
 74664 	  98252
 74664 	 118768
 74664 	  99159
 74664 	 120998
 74664 	 110588
 74664 	 107890
 74664 	  66563
106244 	  93163
106244 	  82555
106244 	 105200
106244 	 105455
106244 	  95603
106244 	 111407
106244 	 117951
106244 	 108127
106244 	 118768
106244 	 107489
106244 	 105413
106244 	 120346
106244 	 107890
106244 	  95790
106244 	  92509
100737 	 126721
100737 	 129134
100737 	  85972
100737 	 101486
108765 	 113401
108765 	 110641
108765 	  50275
108765 	  82555
108765 	 105200
108765 	 127533
108765 	 114621
108765 	 101280
108765 	 101160
108765 	  95603
108765 	 114535
108765 	 122840
108765 	  65863
108765 	 105970
108765 	 119111
108765 	 105815
108765 	 126216
108765 	 116522
108765 	  79310
108765 	 110588
108765 	  37931
108765 	 120346
108765 	  95790
108765 	  94005
108765 	 117950
108765 	 122171
108765 	 111227
108765 	  92509
119270 	 130217
119270 	 103733
126646 	 106567
126646 	 113401
126646 	  95573
126646 	  76155
126646 	 109693
126646 	  70752
126646 	 110268
126646 	 103813
126646 	 122840
126646 	 108185
126646 	 131017
126646 	 101544
126646 	 101892
126646 	 122251
126646 	 125990
126646 	 122945
126646 	 107458
126646 	 127221
126646 	 124177
126646 	 119717
126646 	 119685
126646 	  96223
126646 	 117213
126646 	 110974
126646 	 116540
126646 	   7303
126646 	 119270
108254 	  96511
108254 	  93163
108254 	  91563
108254 	  80370
108254 	  76155
108254 	 106302
108254 	 122022
108254 	  88333
108254 	  96738
108254 	   8980
108254 	 114379
108254 	 101280
108254 	 110268
108254 	 101160
108254 	  91926
108254 	 102078
108254 	 111407
108254 	 117951
108254 	 105970
108254 	 127451
108254 	 129644
108254 	  58481
108254 	  70646
108254 	  85972
108254 	  94785
108254 	 122251
108254 	  52894
108254 	 130217
108254 	 109370
108254 	 116522
108254 	 108127
108254 	 114673
108254 	 129208
108254 	 118768
108254 	 101365
108254 	 119617
108254 	 107458
108254 	 114259
108254 	 120998
108254 	 108174
108254 	   2251
108254 	 107489
108254 	 124477
108254 	 105156
108254 	 119717
108254 	 124225
108254 	  96223
108254 	   2267
108254 	 107890
108254 	  95790
108254 	 101486
108254 	  94005
108254 	 117950
108254 	 109086
108254 	  58883
108254 	   2268
108254 	  92509
108254 	  66563
108254 	 100172
108254 	  77586
108254 	 103733
103038 	 113401
103038 	 118052
103038 	 100225
103038 	  76155
103038 	  96738
103038 	  92250
103038 	 102078
103038 	 111407
103038 	 113290
103038 	 101544
103038 	 101892
103038 	  94785
103038 	 122251
103038 	 116522
103038 	 125990
103038 	 102481
103038 	 120998
103038 	 103038
126048 	 113401
126048 	 128397
126048 	 127533
126048 	 114621
126048 	  96738
126048 	 107934
126048 	 101280
126048 	  94332
126048 	 129134
126048 	 130217
126048 	 125990
126048 	  37464
126048 	 120998
126048 	 110588
126048 	 107489
126048 	 127221
126048 	  65782
126048 	 124225
126048 	 129747
126048 	 117950
126048 	 116540
 99548 	   3208
 99548 	  93866
 86131 	  95573
 86131 	  76155
 86131 	 130780
 86131 	   7012
 86131 	 131017
 86131 	 105815
 86131 	  85972
 86131 	 115173
 86131 	  96012
 86131 	  99159
 86131 	 124477
 86131 	 127221
 86131 	  95409
 86131 	  95790
 86131 	 123976
 86131 	 121157
 86131 	 103038
  7854 	 113401
  7854 	 128397
  7854 	 100225
  7854 	  96738
  7854 	 103813
  7854 	 102078
  7854 	 117951
  7854 	 114673
  7854 	  99159
  7854 	 117950
  7854 	 110974
  7854 	 103038
126574 	  50275
126574 	  95573
126574 	  82555
126574 	 105200
126574 	 127533
126574 	  90147
126574 	   7012
126574 	  92250
126574 	 105970
126574 	 119111
126574 	 101544
126574 	 105815
126574 	 115173
126574 	 116522
126574 	 114673
126574 	 125990
126574 	  79310
126574 	   3208
126574 	  93866
126574 	  90137
126574 	 124177
126574 	 119717
126574 	 124225
126574 	 129747
126574 	 122171
 66058 	 106567
 66058 	 130217
 66058 	 101850
126274 	 113401
126274 	 119680
126274 	 100225
126274 	  76155
126274 	 106205
126274 	  96738
126274 	 117081
126274 	 102078
126274 	 113290
126274 	 119111
126274 	 115173
126274 	 125990
126274 	 107458
126274 	 102481
126274 	 120998
126274 	  95781
126274 	 116898
126274 	 119685
126274 	 103038
124069 	 118052
124069 	  96511
124069 	  50275
124069 	  91563
124069 	 100225
124069 	  52768
124069 	 109693
124069 	  70752
124069 	   8980
124069 	 130780
124069 	 107934
124069 	 110268
124069 	  94332
124069 	 102078
124069 	  53672
124069 	 108185
124069 	 119111
124069 	 101544
124069 	   5103
124069 	 116522
124069 	  91880
124069 	 114673
124069 	  73957
124069 	  79310
124069 	  99159
124069 	  37464
124069 	  93866
124069 	   2996
124069 	 117884
124069 	 105413
124069 	 124177
124069 	  65782
124069 	 119685
124069 	 118432
124069 	    514
124069 	 107890
124069 	 117213
124069 	 110898
124069 	 110974
124069 	 122171
124069 	  31394
124069 	   7303
124069 	  82242
124069 	 101850
124069 	 119270
124069 	 103038
124069 	  86131
 41611 	 110641
 41611 	  50275
 41611 	 100225
 41611 	  82555
 41611 	  76155
 41611 	 126626
 41611 	  95603
 41611 	 114535
 41611 	 111407
 41611 	  65863
 41611 	 105970
 41611 	  58481
 41611 	  94785
 41611 	 118768
 41611 	  85142
 41611 	  79310
 41611 	 105413
 41611 	 120346
 41611 	   2267
 41611 	 107890
 41611 	  95790
 41611 	  94005
 41611 	 117950
 41611 	  81503
 41611 	   2268
 41611 	  66563
 41611 	 103733
 41611 	   7854
130419 	  50275
130419 	 114621
130419 	  95603
130419 	 105970
130419 	  79310
130419 	 119717
130419 	  95790
130419 	 123976
130419 	  92509
130419 	 103733
 68575 	 106567
 68575 	 117976
 68575 	  97838
 68575 	 130780
 68575 	  91848
 68575 	 103813
 68575 	 101160
 68575 	 117081
 68575 	   5646
 68575 	 113290
 68575 	 105815
 68575 	 101892
 68575 	 109370
 68575 	 114673
 68575 	 125990
 68575 	 118768
 68575 	 128974
 68575 	  99159
 68575 	 101673
 68575 	 119112
 68575 	  93866
 68575 	  94602
 68575 	 124477
 68575 	 127221
 68575 	 124177
 68575 	  96223
 68575 	 101486
 68575 	 117213
 68575 	 129747
 68575 	 110974
 68575 	 116540
 62617 	 113401
 62617 	 118052
 62617 	 128397
 62617 	  82555
 62617 	 114621
 62617 	  96738
 62617 	 102078
 62617 	 111407
 62617 	 113290
 62617 	  65863
 62617 	 117951
 62617 	 105970
 62617 	 119111
 62617 	 101544
 62617 	 116522
 62617 	 114673
 62617 	 118768
 62617 	  85142
 62617 	 108174
 62617 	 107489
 62617 	 117884
 62617 	 105413
 62617 	  37931
 62617 	 127221
 62617 	 119717
 62617 	   2267
 62617 	 107890
 62617 	 117950
 62617 	 118234
 62617 	  81503
 62617 	  92509
 62617 	 117924
126992 	 113401
126992 	  94927
126992 	  93163
126992 	 130665
126992 	  82555
126992 	  52768
126992 	 110571
126992 	 109693
126992 	  70752
126992 	   8980
126992 	 113027
126992 	  28241
126992 	   7012
126992 	  92865
126992 	 114535
126992 	 111407
126992 	 113290
126992 	 117951
126992 	 105970
126992 	 131017
126992 	 130218
126992 	 119111
126992 	 105815
126992 	 101892
126992 	  85972
126992 	  97207
126992 	 116522
126992 	   5133
126992 	 108127
126992 	 120065
126992 	 114673
126992 	 125990
126992 	 129208
126992 	  73957
126992 	 118768
126992 	  85142
126992 	  79310
126992 	 101365
126992 	 105413
126992 	  37931
126992 	 105156
126992 	  99213
126992 	  98469
126992 	 115258
126992 	 120346
126992 	 118432
126992 	   2267
126992 	  95350
126992 	 101486
126992 	  95513
126992 	  94015
126992 	  94005
126992 	 117950
126992 	 103091
126992 	  58883
126992 	 121157
126992 	   2268
126992 	   7303
126992 	  92509
126992 	  66563
126992 	  77586
126992 	 108254
126992 	   7854
126992 	  66058
 96495 	 108127
 51984 	 130780
 51984 	 110268
 51984 	  95603
 51984 	  91926
 51984 	 101544
 51984 	 105815
 51984 	  94785
 51984 	  99159
 51984 	 120998
 51984 	 107489
 51984 	 105413
 51984 	 127221
 51984 	 119685
 51984 	 107890
 51984 	  95790
 51984 	  92509
 51984 	  77586
 51984 	 103733
105872 	 113401
105872 	  96738
105872 	 124999
105872 	 113290
105872 	 107458
105872 	 127221
105872 	 110974
105872 	 101850
105872 	 103038
101248 	 102380
101248 	  99902
101248 	  85972
101248 	 101486
101248 	 122891
124765 	 118052
124765 	 100225
124765 	 106302
124765 	 109693
124765 	 122022
124765 	  91848
124765 	  95603
124765 	 117081
124765 	 102078
124765 	 127451
124765 	 130218
124765 	 119111
124765 	 129644
124765 	 101544
124765 	 124419
124765 	 122251
124765 	  96012
124765 	 111666
124765 	 129208
124765 	 118768
124765 	 122945
124765 	 119112
124765 	   2251
124765 	   1531
124765 	  94602
124765 	 124477
124765 	  95781
124765 	 124177
124765 	 119717
124765 	 119685
124765 	  96223
124765 	 118432
124765 	  95790
124765 	  95350
124765 	 117950
124765 	 124881
124765 	 113610
124765 	 116540
124765 	 100172
124765 	 103733
124765 	 126048
124765 	 124069
124765 	 128707
124765 	 101248
 97187 	 100225
 97187 	  95573
 97187 	 127649
 97187 	   4363
 97187 	 105815
 97187 	 116522
 97187 	 107458
 97187 	 127221
 97187 	 124177
 97187 	  28201
 97187 	 107890
 97187 	  95790
 97187 	  92509
 97187 	 103038
 97187 	  96495
 90122 	 107890
 76123 	  76155
 76123 	 113027
 76123 	 117081
 76123 	 119111
 76123 	 101544
 76123 	 124177
 76123 	  95350
 76123 	 117950
 76123 	 119270
 76123 	 117924
102704 	  59539
102704 	  39079
102704 	 105200
102704 	 130780
102704 	 107934
102704 	  91926
102704 	 114535
102704 	 111407
102704 	  65863
102704 	 131017
102704 	 105815
102704 	  94785
102704 	   8179
102704 	  97207
102704 	 116522
102704 	 114673
102704 	  96012
102704 	 118768
102704 	  79310
102704 	 101365
102704 	 120998
102704 	 107489
102704 	  48486
102704 	  37931
102704 	 124177
102704 	  65782
102704 	  99213
102704 	 121308
102704 	   2267
102704 	 107890
102704 	  94005
102704 	 109086
102704 	  58883
102704 	 122171
102704 	   2268
102704 	  82242
102704 	  66563
102704 	  77586
102704 	 119270
102704 	   7854
102704 	  66058
102704 	 127382
102704 	  68575
102704 	  96495
 68241 	 114621
 68241 	 107934
 68241 	  28241
 68241 	  95603
 68241 	 117081
 68241 	 113290
 68241 	 101892
 68241 	  94785
 68241 	 125990
 68241 	 107458
 68241 	 101673
 68241 	 124177
 68241 	 120346
 68241 	 107890
 68241 	  95790
 68241 	 123976
 68241 	 117950
 68241 	 103038
 68241 	 119890
 68241 	 117924
 68241 	  96495
 68241 	 105872
 86570 	  96738
 86570 	  95603
 86570 	 111407
 86570 	 110588
 86570 	  92527
 86570 	 108174
 86570 	 105413
 86570 	 107890
 86570 	  95790
 86570 	 131601
 97422 	 113401
 97422 	 100225
 97422 	  96738
 97422 	  92250
 97422 	 113290
 97422 	  94785
 97422 	  99159
 97422 	 120998
 97422 	   2267
 97422 	  94005
 97422 	   2268
 97422 	 103038
 97422 	   7854
 97422 	 117924
 97422 	  95929
113690 	 113401
113690 	  93163
113690 	 100225
113690 	  95573
113690 	 105200
113690 	  96738
113690 	  70752
113690 	  28241
113690 	 113290
113690 	 108185
113690 	 101892
113690 	 127221
113690 	 116898
113690 	 119717
113690 	  96223
113690 	  95790
113690 	 123976
113690 	 103038
113690 	  96495
 94367 	  39079
 94367 	 100225
 94367 	  76155
 94367 	  88333
 94367 	 130780
 94367 	 107934
 94367 	 101280
 94367 	 101160
 94367 	  91926
 94367 	   7012
 94367 	 117081
 94367 	  92250
 94367 	 131017
 94367 	 127451
 94367 	 130218
 94367 	 105815
 94367 	 101892
 94367 	  85972
 94367 	 115173
 94367 	  97207
 94367 	 118768
 94367 	 128974
 94367 	 122945
 94367 	 107458
 94367 	 119112
 94367 	  93866
 94367 	 107489
 94367 	  99213
 94367 	  98469
 94367 	 115258
 94367 	  69513
 94367 	 120346
 94367 	 101809
 94367 	 109086
 94367 	   7303
 94367 	 101850
 94367 	 100737
 94367 	 103038
 94367 	 119890
 94367 	 127382
 94367 	 105872
 94367 	  97422
108883 	 118052
108883 	 110641
108883 	  91563
108883 	   5543
108883 	 126040
108883 	 126721
108883 	  95603
108883 	   7012
108883 	   4363
108883 	  70646
108883 	 100782
108883 	 129960
108883 	  85972
108883 	 128762
108883 	  43129
108883 	 108127
108883 	   2524
108883 	 117884
108883 	 127221
108883 	  28201
108883 	 118432
108883 	  95790
108883 	  94015
108883 	 110898
108883 	  58883
108883 	 101850
108883 	 103038
108883 	  94367
108883 	 108883
128822 	 108127
128822 	  90122
128975 	 106567
128975 	 118052
128975 	  95573
128975 	  76155
128975 	  95603
128975 	 101892
128975 	 107458
128975 	 108174
128975 	 127221
128975 	 124177
128975 	 119717
128975 	 107890
128975 	  95790
128975 	 117924
128975 	  96495
123702 	 102380
123702 	 127533
123702 	  96738
123702 	 101280
123702 	 103813
123702 	  95603
123702 	 101544
123702 	 102383
123702 	 130217
123702 	 108127
123702 	 110588
123702 	  92527
123702 	  95790
123702 	 131601
102759 	 129131
126225 	 118052
126225 	 100225
126225 	  95573
126225 	 105200
126225 	  96738
126225 	  28241
126225 	 103813
126225 	  95603
126225 	   5646
126225 	 111407
126225 	 101544
126225 	 120998
126225 	 110588
126225 	 107489
126225 	 119717
126225 	 120346
126225 	 107890
126225 	  95790
126225 	 123976
126225 	  65978
126225 	 117950
126225 	 123045
126225 	  82242
126225 	 103038
126225 	 119890
126225 	 117924
113068 	 118052
113068 	 100225
113068 	  96738
113068 	 111407
113068 	 108127
113068 	  98252
113068 	 118768
113068 	  79310
113068 	  99159
113068 	 120998
113068 	 108174
113068 	 107489
113068 	 105413
113068 	  48486
113068 	 120346
113068 	 107890
117793 	  39337
117793 	 114621
117793 	  92527
117793 	 117213
117793 	 126651
117793 	 126574
125108 	  39337
125108 	  76155
125108 	 127533
125108 	 109693
125108 	 122022
125108 	 101280
125108 	 105970
125108 	 130217
125108 	 114673
125108 	 107458
125108 	  93866
125108 	  83275
125108 	 107489
125108 	 119717
125108 	  96223
125108 	 120346
125108 	 107890
125108 	  95350
125108 	 129747
125108 	 119270
117344 	  93163
117344 	 108127
117344 	 128822
 69636 	  50275
 69636 	  91563
 69636 	 130665
 69636 	  82555
 69636 	  80370
 69636 	 127533
 69636 	 109693
 69636 	  99902
 69636 	   8980
 69636 	 130780
 69636 	 113027
 69636 	 101280
 69636 	 101160
 69636 	   7012
 69636 	 114535
 69636 	 111407
 69636 	  65863
 69636 	 108185
 69636 	 117951
 69636 	 105970
 69636 	 127451
 69636 	  70646
 69636 	 105815
 69636 	  85972
 69636 	 129434
 69636 	 105733
 69636 	 130217
 69636 	   8179
 69636 	 109370
 69636 	 116522
 69636 	 108127
 69636 	 125990
 69636 	 129208
 69636 	  73957
 69636 	  85142
 69636 	  79310
 69636 	 101365
 69636 	  96900
 69636 	 114259
 69636 	 110588
 69636 	 122600
 69636 	 105413
 69636 	  37931
 69636 	  34379
 69636 	 121308
 69636 	 118432
 69636 	   2267
 69636 	 101486
 69636 	  94015
 69636 	 117213
 69636 	 129747
 69636 	 103091
 69636 	 110974
 69636 	 122171
 69636 	  66563
 69636 	  77586
 69636 	 108254
 69636 	   7854
 69636 	  66058
 69636 	 128707
 69636 	  90122
 69636 	 131601
 69636 	 124365
 69636 	  94367
 69636 	 123702
 69636 	 113068
 73555 	 102380
 73555 	  93163
 73555 	 100225
 73555 	  95573
 73555 	  97838
 73555 	 105200
 73555 	  96738
 73555 	 126626
 73555 	 113027
 73555 	  95603
 73555 	  92250
 73555 	 111407
 73555 	  52894
 73555 	 108127
 73555 	 120998
 73555 	 105413
 73555 	  95790
 73555 	 123976
 73555 	  82242
 73555 	 103038
 94032 	 113401
 94032 	 118052
 94032 	  82555
 94032 	 127533
 94032 	 114621
 94032 	  96738
 94032 	  91848
 94032 	  28241
 94032 	 101280
 94032 	  90147
 94032 	 113290
 94032 	 105970
 94032 	  58481
 94032 	 105815
 94032 	  94785
 94032 	 122251
 94032 	 130217
 94032 	   8179
 94032 	 116522
 94032 	 125990
 94032 	 118768
 94032 	 120998
 94032 	 108174
 94032 	  90137
 94032 	 105413
 94032 	 127221
 94032 	 119717
 94032 	 128471
 94032 	 120346
 94032 	   2267
 94032 	 107890
 94032 	 129747
 94032 	 117950
 94032 	 110898
 94032 	 110974
 94032 	   2268
 94032 	  82242
 94032 	 119890
 94032 	 117924
 94032 	  96495
 94032 	 105872
 98993 	 105200
 98993 	 107934
 98993 	 105455
 98993 	 117081
 98993 	 111407
 98993 	  52894
 98993 	  43129
 98993 	   2524
 98993 	  94602
 98993 	  28201
 98993 	  95350
129520 	  93163
129520 	  92014
129520 	  95573
129520 	  97838
129520 	  82555
129520 	 114621
129520 	 113027
129520 	 114379
129520 	 131151
129520 	 126721
129520 	 127649
129520 	  95603
129520 	 111407
129520 	 113290
129520 	 105970
129520 	 119111
129520 	 101544
129520 	 100782
129520 	 129960
129520 	  91637
129520 	 102383
129520 	 105733
129520 	 116522
129520 	 108127
129520 	  79310
129520 	 120998
129520 	  62268
129520 	 107489
129520 	 117884
129520 	 127221
129520 	  34379
129520 	 124177
129520 	  98469
129520 	 107890
129520 	  95790
129520 	 101809
129520 	 117950
129520 	 110898
129520 	 103973
129520 	  92509
129520 	  82242
129520 	 101850
129520 	 100737
129520 	 103038
129520 	 117924
129520 	  96495
129520 	 105872
129520 	  66016
129520 	  97422
129520 	 108883
129520 	  97464
129520 	 113639
 50841 	 118052
 50841 	   5543
 50841 	 114621
 50841 	 107934
 50841 	 114535
 50841 	 102078
 50841 	  65863
 50841 	 105970
 50841 	 105815
 50841 	 116522
 50841 	 118768
 50841 	  93866
 50841 	 124177
 50841 	 120346
 50841 	  94005
 50841 	 119884
 50841 	  92509
 50841 	  66563
 50841 	 101850
 50841 	 119890
 50841 	 113639
 91849 	 113401
 91849 	 117976
 91849 	  39079
 91849 	 100225
 91849 	  97838
 91849 	 106302
 91849 	 122022
 91849 	 130780
 91849 	  91848
 91849 	 114379
 91849 	 101280
 91849 	 110268
 91849 	 101160
 91849 	 113290
 91849 	 131017
 91849 	  58481
 91849 	  70646
 91849 	 105815
 91849 	 101892
 91849 	  85972
 91849 	 115173
 91849 	  97207
 91849 	 111666
 91849 	 125990
 91849 	 128974
 91849 	 119617
 91849 	 101673
 91849 	 120998
 91849 	 107489
 91849 	 124477
 91849 	 127221
 91849 	 124177
 91849 	 119717
 91849 	 119685
 91849 	 107890
 91849 	  95350
 91849 	  95513
 91849 	 129421
 91849 	 110974
 91849 	   7303
 91849 	  91740
 91849 	 119890
 91849 	 128707
 91849 	  95929
 91849 	 113690
 91849 	 123702
 91849 	 113068
 91849 	  95748
117925 	 105815
117925 	 101892
117925 	 120998
117925 	 103038
107802 	 105200
107802 	  92865
107802 	 131017
107802 	  58481
107802 	   5103
107802 	  97207
107802 	   5133
107802 	 101365
107802 	   2996
107802 	 108174
107802 	 107489
107802 	  92509
107802 	  82242
107802 	  77586
107802 	 128822
103602 	 103133
 93364 	  91563
 93364 	  52768
 93364 	 122022
 93364 	  28241
 93364 	  91926
 93364 	 114535
 93364 	 111407
 93364 	  65863
 93364 	 108185
 93364 	  58481
 93364 	  70646
 93364 	 101892
 93364 	  94785
 93364 	 124419
 93364 	  85142
 93364 	  79310
 93364 	 101365
 93364 	 108273
 93364 	   2996
 93364 	 107489
 93364 	  48486
 93364 	    514
 93364 	 107890
 93364 	  94005
 93364 	 124881
 93364 	 129421
 93364 	 122171
 93364 	  92509
 93364 	  66563
 93364 	 103038
 93364 	 105872
 93364 	 108883
 93364 	  50841
119808 	 114621
119808 	  92250
119808 	 114673
119808 	 129208
119808 	 120998
119808 	 117213
119808 	 126651
119808 	 126574
119808 	 126225
125120 	  93163
125120 	  39079
125120 	  91563
125120 	  82555
125120 	  52768
125120 	  96738
125120 	  91848
125120 	  28241
125120 	 101160
125120 	  91926
125120 	   5646
125120 	 114535
125120 	 111407
125120 	 122840
125120 	  65863
125120 	 108185
125120 	 117951
125120 	 105970
125120 	 131017
125120 	 127451
125120 	  85972
125120 	   8179
125120 	 116522
125120 	 108127
125120 	 120065
125120 	 114673
125120 	 118768
125120 	 119617
125120 	 114259
125120 	 107489
125120 	 105413
125120 	  37931
125120 	 116898
125120 	 105156
125120 	 119717
125120 	  96223
125120 	   2267
125120 	 107890
125120 	 101486
125120 	 117213
125120 	  94005
125120 	 117950
125120 	 109086
125120 	 113610
125120 	 103091
125120 	 116540
125120 	   2268
125120 	  92509
125120 	  82242
125120 	  66563
125120 	  77586
125120 	   7854
125120 	  66058
125120 	 124069
125120 	 108883
125120 	 117490
129161 	  39337
129161 	  93163
129161 	   5543
129161 	  52894
129161 	 105413
129161 	 116898
129161 	  94015
129161 	 113681
129161 	  91740
129161 	 128822
129161 	 113068
129161 	  94032
129161 	 129520
129161 	  50841
 31821 	 130780
 31821 	  97207
 31821 	 101365
 98813 	 127533
 98813 	 101160
 98813 	  95603
 98813 	 102078
 98813 	 111407
 98813 	 105970
 98813 	 105815
 98813 	 130217
 98813 	 116522
 98813 	 118768
 98813 	   2996
 98813 	 110588
 98813 	 108174
 98813 	 119717
 98813 	 124225
 98813 	  96223
 98813 	  95790
 98813 	 129747
 98813 	 117950
 98813 	 110898
 98813 	 110974
 98813 	 103733
 98813 	 108254
 98813 	 103038
 98813 	 117924
 98813 	  96495
 98813 	 131601
 98813 	 128822
 61674 	 100225
 61674 	  95573
 61674 	  95603
 61674 	 102078
 61674 	 105970
 61674 	 119111
 61674 	 107489
 61674 	  95790
 61674 	 123976
 61674 	 110974
 61674 	  82242
 61674 	  96495
125231 	 102380
125231 	 100225
125231 	 105200
125231 	  95603
125231 	 105970
125231 	 105815
125231 	  94785
125231 	 102383
125231 	 120998
125231 	 110588
125231 	  92527
125231 	 127221
125231 	 107890
125231 	  95790
125231 	 123976
125231 	 131601
125231 	  50841
 92153 	 119680
 92153 	 122251
 92153 	 129208
 92153 	 124177
 92153 	 124069
 92153 	 113639
 95496 	 118052
 95496 	  95573
 95496 	  95182
 95496 	   5543
 95496 	 114621
 95496 	  88333
 95496 	  91848
 95496 	 107934
 95496 	 110268
 95496 	  95603
 95496 	  90147
 95496 	  92865
 95496 	  92250
 95496 	 102078
 95496 	 113290
 95496 	 131017
 95496 	  58481
 95496 	 105815
 95496 	 115173
 95496 	 122251
 95496 	  52894
 95496 	 116522
 95496 	   5133
 95496 	 111666
 95496 	  73957
 95496 	 101365
 95496 	  90137
 95496 	  95781
 95496 	 124177
 95496 	  65782
 95496 	 119717
 95496 	  69513
 95496 	  94015
 95496 	 117213
 95496 	 123976
 95496 	 129747
 95496 	 121157
 95496 	 116540
 95496 	  92509
 95496 	  77586
 95496 	 106244
 95496 	 119270
 95496 	 103038
 95496 	  99548
 95496 	 126574
 95496 	 119890
 95496 	 127382
 95496 	 117924
 95496 	  96495
 95496 	  95929
 95496 	 108883
 95496 	 128822
 95496 	 113639
 95496 	 101626
 66612 	  96738
 66612 	  95603
 66612 	 108174
 66612 	 105413
 66612 	 107890
 66612 	  95790
 66612 	  96495
 66612 	 108883
 66612 	  50841
 97373 	 118052
 97373 	 117891
 97373 	  91563
 97373 	 130665
 97373 	  52768
 97373 	  76155
 97373 	 127533
 97373 	 109693
 97373 	  99902
 97373 	  96738
 97373 	  70752
 97373 	 107934
 97373 	  28241
 97373 	 101280
 97373 	 101160
 97373 	  91926
 97373 	   7012
 97373 	  92865
 97373 	  94332
 97373 	 102078
 97373 	 113290
 97373 	  65863
 97373 	 108185
 97373 	 117951
 97373 	 105970
 97373 	 127451
 97373 	  58481
 97373 	  70646
 97373 	  85972
 97373 	 129434
 97373 	  94785
 97373 	 122251
 97373 	  52894
 97373 	 130217
 97373 	   8179
 97373 	  97207
 97373 	 125990
 97373 	  73957
 97373 	 118768
 97373 	  85142
 97373 	 128974
 97373 	 101365
 97373 	   2996
 97373 	 110588
 97373 	 108174
 97373 	 122600
 97373 	  48486
 97373 	  34379
 97373 	 105156
 97373 	  99213
 97373 	  69513
 97373 	   2267
 97373 	    514
 97373 	  95350
 97373 	 101809
 97373 	  95513
 97373 	  94005
 97373 	 129747
 97373 	 109086
 97373 	 129421
 97373 	  58883
 97373 	  81503
 97373 	   2268
 97373 	   7303
 97373 	  92509
 97373 	  82242
 97373 	  66563
 97373 	 101850
 97373 	 100737
 97373 	   7854
 97373 	 105872
 97373 	 101248
 97373 	  90122
 97373 	 124365
 97373 	  94367
 97373 	 128822
 97373 	 123702
 97373 	 102759
 97373 	 117925
 97373 	 107802
 97373 	  61674
 97373 	  92153
 97373 	  92477
124281 	  50841
 96106 	 100225
 96106 	  95573
 96106 	  52768
 96106 	   5543
 96106 	 111407
 96106 	 120998
 96106 	 108174
 96106 	    514
 96106 	 107890
 96106 	  95790
 96106 	 123976
 96106 	 109086
 96106 	  92509
 96106 	  96495
111453 	 102481
111453 	 129520
 82662 	  95573
 82662 	 114621
 82662 	 105970
 82662 	 101544
 82662 	  85972
 82662 	 115173
 82662 	  99159
 82662 	 124177
 82662 	 121308
 82662 	 123976
 82662 	 101850
 82662 	  99548
 82662 	 127382
 82662 	 128707
 82662 	 113639
 82662 	  98993
 82662 	 119808
 82662 	 101626
 64212 	   3208
 89982 	   3208
 42495 	 109693
 42495 	 107934
 42495 	  28241
 42495 	  95603
 42495 	 102078
 42495 	 111407
 42495 	 117951
 42495 	 117884
 42495 	 116898
 42495 	 107890
 42495 	  95790
 42495 	 123976
 42495 	 110974
 42495 	 117924
116362 	 113401
116362 	 114621
116362 	  96738
116362 	  91926
116362 	 101544
116362 	 115173
116362 	 107458
116362 	   2524
116362 	 116898
116362 	 121308
116362 	  95790
116362 	 123976
116362 	 103038
116362 	  95929
116362 	 131601
116362 	  50841
116362 	 101626
116362 	 124281
105591 	 126721
105591 	 101486
128928 	 129134
128928 	 127451
128928 	 126216
128928 	 129208
128928 	 100142
128928 	 100744
128928 	 127382
128928 	 128707
128928 	 128822
128079 	 100617
128079 	 113401
128079 	  96511
128079 	 117891
128079 	 117976
128079 	 100225
128079 	  95573
128079 	 106302
128079 	 127533
128079 	  99902
128079 	  96738
128079 	 130780
128079 	  91848
128079 	 107934
128079 	 114379
128079 	 101280
128079 	 103813
128079 	 101160
128079 	   7012
128079 	 127451
128079 	 101892
128079 	  85972
128079 	 109370
128079 	 111666
128079 	 129208
128079 	  73957
128079 	 128974
128079 	  99159
128079 	 119617
128079 	  96900
128079 	 119112
128079 	 110588
128079 	   2251
128079 	 117884
128079 	 124477
128079 	 127221
128079 	  27623
128079 	 105156
128079 	  95409
128079 	 124225
128079 	  99213
128079 	 119685
128079 	 126248
128079 	 120346
128079 	  95790
128079 	 101809
128079 	  95513
128079 	 123976
128079 	 129421
128079 	 103091
128079 	 110974
128079 	 116540
128079 	  77586
128079 	 103733
128079 	 100737
128079 	  99548
128079 	 127707
128079 	 124069
128079 	 119890
128079 	  96495
128079 	  95929
128079 	 124365
128079 	 113690
128079 	 123702
128079 	 102759
128079 	 113068
128079 	 113639
128079 	  98993
128079 	  97373
122396 	 122945
122396 	 120998
122396 	 107489
122396 	 107890
122396 	  95790
 88019 	 117976
 88019 	  39079
 88019 	 100225
 88019 	  97838
 88019 	 106302
 88019 	 109693
 88019 	 130780
 88019 	 107934
 88019 	 114379
 88019 	 110268
 88019 	 101160
 88019 	   5646
 88019 	  31490
 88019 	 113290
 88019 	 131017
 88019 	 105815
 88019 	 101892
 88019 	 115173
 88019 	  97207
 88019 	 129208
 88019 	 120998
 88019 	 124477
 88019 	 124177
 88019 	 119685
 88019 	 107890
 88019 	  95790
 88019 	  95513
 88019 	 124881
 88019 	 129421
 88019 	 110898
 88019 	   7303
 88019 	 119270
 88019 	 124069
 88019 	 119890
 88019 	 127382
 88019 	 128707
 88019 	 113690
 88019 	 123702
 88019 	  95748
 88019 	 101626
 88019 	 121983
118243 	  99902
112063 	 106567
112063 	 113401
112063 	  95182
112063 	   5543
112063 	  76155
112063 	 114621
112063 	  91848
112063 	 107934
112063 	 101160
112063 	  90147
112063 	 117081
112063 	  92865
112063 	  94332
112063 	 122840
112063 	 119111
112063 	 101892
112063 	 114673
112063 	 111666
112063 	 129208
112063 	  73957
112063 	 118768
112063 	 122945
112063 	 107458
112063 	 101673
112063 	  96900
112063 	  93866
112063 	 110588
112063 	  90137
112063 	 107489
112063 	  65782
112063 	  96223
112063 	  69513
112063 	 120346
112063 	 107890
112063 	 101486
112063 	 123976
112063 	 116540
112063 	   7303
112063 	 100172
112063 	 103733
112063 	 119270
112063 	 108254
112063 	  99548
112063 	 126574
112063 	 117924
112063 	 128707
112063 	  96495
112063 	  95929
112063 	 123702
112063 	 113639
112063 	  94032
112063 	  50841
112063 	 117925
112063 	 124281
112063 	 116362
100687 	 113401
100687 	 130387
100687 	 117976
100687 	 126869
100687 	  76155
100687 	 127533
100687 	 114621
100687 	 102278
100687 	 101280
100687 	 103813
100687 	  95603
100687 	  90147
100687 	 105970
100687 	  58481
100687 	 122251
100687 	 130217
100687 	 114673
100687 	 125990
100687 	 118768
100687 	 107458
100687 	  93866
100687 	  90137
100687 	  65782
100687 	 120346
100687 	 107890
100687 	 129747
100687 	 117924
100687 	 108883
100687 	 113639
100687 	 103602
100687 	  98813
100687 	 118243
100687 	 100687
114929 	  91563
114929 	 130665
114929 	  52768
114929 	   5543
114929 	 105200
114929 	 114621
114929 	 109693
114929 	   8980
114929 	 110268
114929 	  95603
114929 	 129859
114929 	 111407
114929 	 108185
114929 	 105970
114929 	 119111
114929 	 101544
114929 	 129434
114929 	 125839
114929 	 109370
114929 	 116522
114929 	  85142
114929 	  99159
114929 	 119617
114929 	   2996
114929 	 120998
114929 	 122600
114929 	  94602
114929 	 107489
114929 	 124477
114929 	  37931
114929 	 119685
114929 	 121308
114929 	  69513
114929 	    514
114929 	  95790
114929 	 101486
114929 	  95513
114929 	 117950
114929 	 109086
114929 	 103091
114929 	 110898
114929 	 110974
114929 	  81503
114929 	  92509
114929 	  62878
114929 	 100172
114929 	 101850
114929 	 126048
114929 	  99548
114929 	  66058
114929 	  90122
114929 	  66016
114929 	 124365
114929 	 113690
114929 	 123702
114929 	  98993
114929 	 129520
114929 	 122396
123347 	 127533
123347 	 101280
123347 	  91926
123347 	 102078
123347 	 118363
123347 	  53106
123347 	 105815
123347 	 130217
123347 	  43129
123347 	 116522
123347 	 125990
123347 	 101365
123347 	 120998
123347 	 108174
123347 	 127221
123347 	 124177
123347 	  96223
123347 	 120346
123347 	  95790
123347 	 123976
123347 	 117950
123347 	 110898
123347 	 110974
123347 	 119270
123347 	 108254
123347 	 103038
123347 	 117924
123347 	  96495
123347 	 131601
123347 	 128822
123347 	 124281
 58385 	 118052
 58385 	  50275
 58385 	 100225
 58385 	  95573
 58385 	 107934
 58385 	 131018
 58385 	  95603
 58385 	   7012
 58385 	 105970
 58385 	 129134
 58385 	 101544
 58385 	 115173
 58385 	  97207
 58385 	  79310
 58385 	 107489
 58385 	 127221
 58385 	  34379
 58385 	 107890
 58385 	 103038
 58385 	 105872
 58385 	  95748
 58385 	 113639
 58385 	 101626
 58385 	  31821
 58385 	 105591
 58385 	  88019
105144 	 110641
105144 	  50275
105144 	 100225
105144 	  82555
105144 	  76155
105144 	  95603
105144 	 114535
105144 	 111407
105144 	  65863
105144 	 105970
105144 	  58481
105144 	  94785
105144 	 118768
105144 	  85142
105144 	  79310
105144 	 105413
105144 	 120346
105144 	   2267
105144 	 107890
105144 	  95790
105144 	  94005
105144 	 117950
105144 	  81503
105144 	   2268
105144 	  66563
105144 	 103733
105144 	   7854
105144 	 131601
105144 	 108883
105144 	 117925
105144 	  92477
105144 	  64212
130531 	 125161
 69502 	 113401
 69502 	 110641
 69502 	 100225
 69502 	 105200
 69502 	  53672
 69502 	 105815
 69502 	  94785
 69502 	 116522
 69502 	 120998
 69502 	 105413
 69502 	  48486
 69502 	  95790
 69502 	 110974
 69502 	 111227
 69502 	  82242
 69502 	 103038
 69502 	  31821
 69502 	 122396
 66646 	  50841
  3476 	  50275
  3476 	  39079
  3476 	  82555
  3476 	  52768
  3476 	  80370
  3476 	 114621
  3476 	  96738
  3476 	 129131
  3476 	 131018
  3476 	  28241
  3476 	 110268
  3476 	 117081
  3476 	 114535
  3476 	 129859
  3476 	  65863
  3476 	 117951
  3476 	 105970
  3476 	 130218
  3476 	 126216
  3476 	  85972
  3476 	 124419
  3476 	 125839
  3476 	  97207
  3476 	 116522
  3476 	 108127
  3476 	 120065
  3476 	  96012
  3476 	  73957
  3476 	  85142
  3476 	 101365
  3476 	 122945
  3476 	 119617
  3476 	  52786
  3476 	 117884
  3476 	 105413
  3476 	 124477
  3476 	  37931
  3476 	 127221
  3476 	 124177
  3476 	 105156
  3476 	  95409
  3476 	  99213
  3476 	  98469
  3476 	 121308
  3476 	 115258
  3476 	 126248
  3476 	   2267
  3476 	    514
  3476 	 107890
  3476 	  95350
  3476 	  95513
  3476 	  94005
  3476 	 109086
  3476 	 129421
  3476 	 113610
  3476 	 103091
  3476 	 110898
  3476 	 122171
  3476 	 121157
  3476 	  81503
  3476 	   2268
  3476 	  66563
  3476 	  77586
  3476 	 101850
  3476 	 106244
  3476 	 103038
  3476 	 126048
  3476 	   7854
  3476 	  66058
  3476 	 117924
  3476 	 105872
  3476 	  90122
  3476 	  66016
  3476 	 131601
  3476 	  97422
  3476 	 113690
  3476 	  94367
  3476 	  95748
  3476 	  94032
  3476 	 129520
  3476 	 117925
  3476 	 119808
  3476 	  92153
  3476 	  97373
  3476 	 124281
  3476 	 116362
  3476 	 105591
  3476 	 118243
  3476 	  92655
113084 	  96511
113084 	 117976
113084 	  91563
113084 	  80370
113084 	  76155
113084 	 106302
113084 	 122022
113084 	  96738
113084 	  70752
113084 	   8980
113084 	 114379
113084 	 110268
113084 	 101160
113084 	 117081
113084 	 111407
113084 	 105970
113084 	 131017
113084 	 127451
113084 	  58481
113084 	  70646
113084 	 105815
113084 	  94785
113084 	 108127
113084 	 114673
113084 	 111666
113084 	 118768
113084 	 101365
113084 	 107458
113084 	 120998
113084 	  94602
113084 	 107489
113084 	 116898
113084 	 105156
113084 	 119717
113084 	  96223
113084 	   2267
113084 	 107890
113084 	  95790
113084 	  95350
113084 	  94005
113084 	 109086
113084 	 129421
113084 	 113610
113084 	  58883
113084 	 121157
113084 	   2268
113084 	  66563
113084 	  77586
113084 	   7854
113084 	 124069
113084 	 117924
113084 	  96495
113084 	 101248
113084 	  90122
113084 	 124365
113084 	 108883
113084 	 128822
113084 	  50841
113084 	 121983
113084 	  92477
113084 	 116362
113084 	 122396
113084 	  58385
113084 	 105144
113084 	  92655
113084 	 113084
 98306 	 127533
 98306 	 101280
 98306 	 119111
 98306 	 122251
 98306 	  16479
 98306 	 130217
 98306 	 120346
 98306 	  86335
 98306 	  61797
 98306 	 117950
 98306 	 103733
 98306 	 124365
 87194 	 122891
