 94927 	  94927
127102 	 100617
 59539 	   9595
117891 	   9595
117891 	  88141
 39337 	  39337
110641 	  39337
 90154 	   4793
 50275 	  88141
 50275 	  81305
119680 	   9595
128397 	   4793
 91563 	   9595
130665 	   9595
205919 	  59539
205919 	  50275
127242 	 100617
127242 	  94908
127242 	 130387
127242 	 102380
127242 	  39337
127242 	 110641
 78533 	  78533
126869 	  78533
 97838 	   4793
 95182 	   4793
 95182 	  80076
 52768 	 100617
 52768 	 130387
 52768 	  80076
 52768 	 126869
  2986 	  80076
 80370 	  78533
 80370 	   2986
126040 	 100617
126040 	  39337
 76155 	  50275
128844 	  59539
128844 	  78533
106205 	   4793
106205 	  80076
105200 	  39337
 15511 	  50275
110571 	   9595
109693 	  59539
109693 	  78533
 18307 	   9595
  8980 	   9595
125052 	   9595
129131 	   9595
131018 	  78533
105455 	  59539
105455 	  78533
126626 	  59539
126626 	  50275
126626 	  91563
126626 	  78533
126626 	  82555
126626 	  52768
126626 	   2986
126626 	   5543
126626 	 105200
  9967 	  81305
124999 	   9967
130983 	  94927
130983 	   4793
130983 	 117891
130983 	 117976
130983 	 110641
130983 	 119680
130983 	 126869
130983 	 126040
130983 	  62372
130983 	  18307
130983 	 126626
 93171 	   4793
 93171 	  81305
131151 	 100617
131151 	  39337
131151 	  97838
131151 	  75030
131151 	  99902
131151 	 129131
131151 	 105455
131151 	 126626
131151 	 131151
 51213 	  51213
 65408 	   9595
 65408 	  90154
 65408 	  80076
 65408 	 126869
 65408 	  82246
 65408 	 126721
101280 	  90154
103813 	 113401
103813 	  92753
103813 	  88141
103813 	 118052
103813 	 119680
103813 	 100225
103813 	  95573
103813 	  80370
103813 	  76155
103813 	 114621
103813 	 109693
103813 	  96738
103813 	 125052
103813 	 131018
103813 	  82246
103813 	  93171
103813 	  51213
103813 	 110268
127649 	   9595
127649 	  85402
 95603 	 127102
 95603 	 128844
 95603 	 130983
 95603 	  82246
 63310 	 113401
 63310 	  94908
 63310 	  39337
 63310 	 119680
 63310 	 105200
 63310 	  96738
 63310 	 107934
 63310 	  95603
 90147 	  59539
 90147 	  85402
 66308 	   4793
 66308 	   9967
 95442 	   9595
 95442 	  85402
  7012 	  85402
117081 	   9595
117081 	  10217
 92865 	   5543
  5646 	   9595
  5646 	  10217
 92250 	 106567
 92250 	   4793
 92250 	 117976
 92250 	  62372
 92250 	  18307
 92250 	   9967
 92250 	  51213
 92250 	  29716
 92250 	  63310
 82503 	 126869
 31490 	  39337
 31490 	  93163
 31490 	  39079
 31490 	 113027
 31490 	 114379
 69026 	   4793
114535 	  94927
114535 	   4793
114535 	 130665
114535 	  80076
114535 	  97838
114535 	  66388
114535 	 126626
114535 	  65408
114535 	  63310
114535 	  10217
114535 	  95442
114535 	   5646
 96113 	  78533
129859 	  85402
102078 	  50275
102078 	  51213
 51289 	  51213
 94264 	   4793
 94264 	   9967
111407 	   9595
111407 	  85402
111407 	  10217
113290 	  90154
113290 	  15511
122840 	  51213
122840 	  85402
122840 	  10217
100909 	   4793
100909 	   9967
 65863 	  80076
 53672 	  85402
108185 	  59539
108185 	  78533
108185 	  82555
108185 	  82246
108185 	  51213
 99477 	   9595
 99477 	  85402
 99477 	  10217
117951 	   9595
117951 	   4793
117951 	  10217
105970 	 118052
105970 	  62372
105970 	  76155
105970 	  96738
105970 	  29716
105970 	 117951
 75641 	   9595
129134 	   9595
129134 	  10217
 72459 	  59539
 72459 	  51213
101510 	 100617
101510 	 130387
101510 	   4793
101510 	 102380
101510 	  39337
101510 	 110641
101510 	 126869
101510 	 126040
101510 	 106205
101510 	  99902
101510 	 125052
101510 	 126200
101510 	 126626
101510 	   9967
101510 	 124999
101510 	 131151
101510 	 129859
101510 	 102503
101510 	  94264
101510 	  99477
101510 	 101510
127855 	   9595
127855 	 100617
127855 	  80076
127855 	  66388
127855 	   9967
127855 	  10217
127855 	  66308
127855 	  95442
127855 	  72459
127855 	 101510
116115 	  85402
  4363 	  92753
  4363 	  80370
  4363 	 109693
  4363 	 125052
  4363 	 131018
  4363 	  93171
  4363 	 129134
 85890 	 100617
 85890 	 130387
 85890 	   4793
 85890 	 102380
 85890 	 126869
 85890 	 126040
 85890 	 126626
 85890 	 131151
 85890 	  85402
 85890 	 102503
 85890 	  99477
 67362 	 113401
 67362 	  62372
 67362 	  18307
 67362 	  29716
 67362 	 101160
 67362 	  90147
 67362 	 122840
119111 	  51213
119111 	  67362
119325 	  82246
 58481 	   4793
 70646 	  85402
118363 	  82555
 67846 	  51213
 67846 	  96113
 53106 	   9595
129960 	  39337
129960 	 100225
129960 	  95573
129960 	  76155
129960 	  29716
129960 	  95603
129960 	  90147
129960 	  96113
129960 	 105970
129960 	 116115
 81306 	   9595
 81306 	  85402
 81306 	  75641
 81306 	  81306
101892 	 100617
101892 	   4793
101892 	 106205
101892 	  15511
101892 	  99902
101892 	   5646
130986 	  85890
 85972 	  82246
 85972 	  96113
129434 	   4793
129434 	   9967
115173 	  88141
115173 	  78533
115173 	  85402
115173 	  75641
104295 	   9595
104295 	  85402
104295 	  85890
104295 	  81306
124419 	  82246
128492 	  78533
 91637 	  51213
102383 	 100617
102383 	  94908
102383 	 130387
102383 	 102380
102383 	  39337
102383 	 110641
102383 	 126869
102383 	  97838
102383 	 126040
102383 	 106205
102383 	  99902
102383 	 126200
102383 	 126626
102383 	   9967
102383 	 129859
102383 	  99477
102383 	 104295
102383 	  91637
102383 	 102383
  2332 	  10217
122251 	  92753
122251 	  39337
122251 	  80370
122251 	 109693
122251 	  70752
122251 	   8980
122251 	 130780
122251 	 113027
122251 	  82246
122251 	 114379
122251 	  10217
122251 	  91926
122251 	 108185
122251 	 131017
 68681 	 116115
125161 	  68681
 52894 	 100617
 52894 	   4793
 52894 	  80076
 52894 	  66388
 52894 	  99902
 52894 	   9967
 52894 	  10217
 52894 	 102503
 52894 	 119325
 52894 	  91637
105733 	 100617
105733 	 130387
105733 	 126869
105733 	  99902
105733 	 126626
105733 	 102503
105733 	  94264
105733 	  99477
105733 	 101510
103296 	  82246
103296 	  82503
103296 	  96113
 72992 	  44074
 72992 	 116115
  2911 	  82246
  2911 	  82503
  2911 	  96113
 16479 	  50275
 16479 	  93163
 16479 	  39079
 16479 	 105200
 16479 	 114621
 16479 	  28241
 16479 	 114379
 16479 	 114535
 16479 	 111407
 16479 	  65863
 16479 	 116115
 16479 	 105733
 65887 	  59539
 65887 	  50275
 65887 	  51213
 65887 	  96113
 65887 	  44074
 65887 	 116115
 65887 	  67362
 65887 	 105733
 65887 	 103296
130217 	  51213
130217 	  67362
130217 	 105733
125839 	 106567
125839 	 117976
125839 	  51213
125839 	  85890
125839 	  68681
 43129 	   4793
 43129 	 126626
 43129 	   9967
 43129 	  10217
 43129 	  66308
 43129 	 101510
 43129 	   2911
 43129 	  36327
  5103 	 113401
  5103 	  62372
  5103 	  76155
  5103 	  18307
  5103 	  29716
  5103 	 102078
  5103 	 117951
  5103 	 119111
 77153 	  78533
 77153 	  82246
 77153 	  51213
 77153 	  10217
 77153 	  44074
 77153 	   2332
109370 	  51213
109370 	  44074
109370 	 116115
109370 	  67362
109370 	 126216
109370 	 103296
  2622 	   9595
  2622 	  85890
  2622 	  81306
 97207 	   9595
 97207 	  66388
 97207 	  85402
 97207 	  31490
 97207 	  75641
 97207 	  81306
116522 	   4793
116522 	  80076
  5133 	   9595
  5133 	 100617
  5133 	  94908
  5133 	 127102
  5133 	 130387
  5133 	 102380
  5133 	  39337
  5133 	 110641
  5133 	 126869
  5133 	  97838
  5133 	 126040
  5133 	 128844
  5133 	 106205
  5133 	  99902
  5133 	 126200
  5133 	   9967
  5133 	 130983
  5133 	 126721
  5133 	 127649
  5133 	  95442
  5133 	  82503
  5133 	  31490
  5133 	 129859
  5133 	  99477
  5133 	 127855
  5133 	   4363
  5133 	 119325
  5133 	 118363
  5133 	  67846
  5133 	 100782
  5133 	 129960
  5133 	  81306
  5133 	 104295
  5133 	  91637
  5133 	 102383
  5133 	 119311
  5133 	 124080
 76449 	 116115
 51513 	  85890
 51513 	  68681
 91880 	   9595
 91880 	  78533
 91880 	  85402
 91880 	  75641
 91880 	  44074
 91880 	   2332
 91880 	  68681
 91880 	  76449
108127 	 106567
108127 	   4793
120065 	 113401
120065 	  88141
120065 	 118052
120065 	 100225
120065 	  80370
120065 	  76155
120065 	 106302
120065 	 114621
120065 	 109693
120065 	  96738
120065 	 125052
120065 	  51213
120065 	  29716
120065 	 110268
120065 	 101160
120065 	  66308
120065 	  94332
120065 	 113290
120065 	 122840
120065 	 100909
120065 	 108185
120065 	 117951
120065 	 129134
120065 	 119111
120065 	 101544
120065 	  85972
120065 	 115173
120065 	 116522
120065 	 103133
 95336 	   9595
114673 	  92753
114673 	  59539
114673 	  50275
114673 	 100225
114673 	  95573
114673 	  78533
114673 	  82555
114673 	  52768
114673 	   2986
114673 	  80370
114673 	  76155
114673 	 105200
114673 	  70752
114673 	 131018
114673 	 105455
114673 	 113027
114673 	  28241
114673 	  82246
114673 	 131151
114673 	  95603
114673 	  91926
114673 	  82503
114673 	  94332
114673 	  96113
114673 	  51289
114673 	 111407
114673 	 122840
114673 	  53672
114673 	 105970
114673 	  44074
114673 	  70646
114673 	 101892
114673 	 126216
114673 	   2332
114673 	 105733
114673 	 103296
114673 	  43129
114673 	   5103
114673 	   8179
114673 	 116522
114673 	  76449
114673 	 108127
114673 	 120065
107568 	  85402
107568 	  85890
 96012 	 131017
 96012 	 120065
125990 	  82503
129208 	  88141
129208 	  59539
129208 	  78533
129208 	  53672
129208 	  44074
129208 	  67362
129208 	 126216
129208 	   2332
129208 	 105733
129208 	 103296
129208 	  76449
 73957 	  85402
 73957 	  10217
118768 	   4793
118768 	   9967
 85142 	  39337
 85142 	  39079
 85142 	 100225
 85142 	  95573
 85142 	  76155
 85142 	  96738
 85142 	  70752
 85142 	 130780
 85142 	  28241
 85142 	  29716
 85142 	  95603
 85142 	  90147
 85142 	  92865
 85142 	  92250
 85142 	  96113
 85142 	 117951
 85142 	 105970
 85142 	 131017
 85142 	 101892
 85142 	 124419
 85142 	  97207
 85142 	  76449
 85142 	 103133
 85142 	 114673
128974 	   4793
128974 	  66388
128974 	   9967
128974 	  72459
128974 	  53106
128974 	  81306
128974 	  65887
 79310 	  85402
 79310 	  85890
 79310 	  68681
 79310 	  95336
 79310 	 107568
101365 	 127102
101365 	 128397
101365 	 126869
101365 	 126040
101365 	 128844
101365 	 130983
101365 	  51213
101365 	  85402
101365 	 127649
101365 	 129859
101365 	 102503
101365 	  99477
101365 	 102383
101365 	  77153
101365 	  95336
101365 	 107568
101365 	  98252
  3208 	  96113
 10274 	  39337
 10274 	  93163
 10274 	  96113
 79768 	   9595
 79768 	  85402
 79768 	  10217
 79768 	  75641
 79768 	  85890
 79768 	  95336
 79768 	  69633
 66221 	  62372
 66221 	  18307
 66221 	  29716
 66221 	 110268
 66221 	 122840
 66221 	  53106
 66221 	  43129
 66221 	   3208
 65192 	  85402
 65192 	  85890
 65192 	  95336
122945 	  82246
119617 	   9595
119617 	  85402
119617 	  81306
119617 	  95336
119617 	  69633
107458 	  78533
107458 	  51213
107458 	  44074
107458 	  67362
107458 	   2332
107458 	 103296
107458 	  76449
 99455 	  82246
 99455 	  85402
 99455 	  82503
 99455 	  96113
 99455 	  43129
 99455 	  95336
101673 	  85402
114259 	  78533
114259 	  51213
114259 	  44074
114259 	   2332
114259 	  76449
102481 	  95336
119112 	  85890
  2524 	   4793
  2524 	   9967
  2524 	 107568
 37464 	  77153
 37464 	  65192
 93866 	 100617
 93866 	 102380
 93866 	 110641
 93866 	  80076
 93866 	  97838
 93866 	 106205
 93866 	  99902
 93866 	 126626
 93866 	   9967
 93866 	 102503
 93866 	 101510
 93866 	  91637
 93866 	 102383
 93866 	  36327
 93866 	   2622
 93866 	  51513
 93866 	 107568
 93866 	  98252
 93866 	  99455
 93866 	 102481
108273 	   4793
108273 	   9967
  2996 	  62372
  2996 	  18307
  2996 	  76449
  2996 	  65192
115606 	   9595
115606 	  66388
115606 	  10217
115606 	  72459
115606 	  81306
115606 	 107568
120998 	  90154
120998 	  80076
120998 	  82246
120998 	  82503
120998 	  31770
120998 	  77153
120998 	  65192
120998 	 115606
 15972 	  10217
110588 	   9967
110588 	  51213
110588 	  85890
110588 	 107568
110588 	 111666
 92527 	  88141
 92527 	  78533
 92527 	  85402
 92527 	  75641
 92527 	   2332
 92527 	  76449
 92527 	  95336
101749 	   4793
101749 	   9967
101749 	  65887
101749 	 107568
  2251 	  51213
  2251 	 116115
 75566 	  51213
 75566 	 105733
 52224 	  78533
 52224 	  51213
 52224 	  10217
 52224 	   2332
 52224 	  76449
 52224 	  95336
103677 	  82246
122600 	  85402
122600 	  85890
122600 	  95336
  1531 	 113401
  1531 	 118052
  1531 	 110641
  1531 	 100225
  1531 	  80370
  1531 	  76155
  1531 	 109693
  1531 	  96738
  1531 	  93171
  1531 	  29716
  1531 	 110268
  1531 	 101160
  1531 	 113290
  1531 	 122840
  1531 	 100909
  1531 	 108185
  1531 	 117951
  1531 	  93950
  1531 	 101544
  1531 	  53106
  1531 	 115173
  1531 	 104295
  1531 	 125839
  1531 	  43129
  1531 	 116522
  1531 	 101365
  1531 	  99159
  1531 	 122945
  1531 	 119112
  1531 	  15972
  1531 	 101749
  1531 	   1531
 62649 	  81306
 62649 	  69633
 90137 	   9595
 90137 	   9967
 90137 	  85402
 90137 	  75641
 90137 	  68681
 90137 	  43129
 90137 	  95336
 90137 	  62649
 94602 	   9595
 94602 	  81305
 94602 	  80076
 94602 	  78533
 94602 	  15511
 94602 	  66388
 94602 	  51213
 94602 	 126721
 94602 	  65408
 94602 	  85402
 94602 	  63310
 94602 	   5646
 94602 	  31490
 94602 	  69026
 94602 	 129859
 94602 	  75641
 94602 	  85890
 94602 	  81306
 94602 	   2332
 94602 	  68681
 94602 	 103296
 94602 	  77153
 94602 	   2622
 94602 	  76449
 94602 	  95336
 94602 	 107568
 94602 	  69633
 94602 	  79768
 94602 	  96900
 82318 	   9595
 82318 	 106567
 82318 	 127102
 82318 	  96511
 82318 	   4793
 82318 	 128397
 82318 	  78533
 82318 	 126869
 82318 	  82555
 82318 	  95182
 82318 	  52768
 82318 	   2986
 82318 	   5543
 82318 	  80370
 82318 	  62372
 82318 	  76155
 82318 	 128844
 82318 	 105200
 82318 	 114621
 82318 	 109693
 82318 	  18307
 82318 	  91848
 82318 	   9967
 82318 	  28241
 82318 	 130983
 82318 	  82246
 82318 	  51213
 82318 	 102278
 82318 	  65408
 82318 	  29716
 82318 	 110268
 82318 	 101160
 82318 	  90147
 82318 	  91926
 82318 	   7012
 82318 	 117081
 82318 	  92865
 82318 	  92250
 82318 	  94332
 82318 	 114535
 82318 	  96113
 82318 	 102078
 82318 	  51289
 82318 	 122840
 82318 	  65863
 82318 	  53672
 82318 	 105970
 82318 	 131017
 82318 	 116115
 82318 	  67362
 82318 	 119111
 82318 	  58481
 82318 	  70646
 82318 	 101544
 82318 	 118363
 82318 	  67846
 82318 	  53106
 82318 	 105815
 82318 	  81306
 82318 	 101892
 82318 	 126216
 82318 	  85972
 82318 	  94785
 82318 	   2332
 82318 	  52894
 82318 	 103296
 82318 	  72992
 82318 	  16479
 82318 	  43129
 82318 	   8179
 82318 	 109370
 82318 	  97207
 82318 	   5133
 82318 	  76449
 82318 	 114673
 82318 	 129208
 82318 	 118768
 82318 	  85142
 82318 	  79310
 82318 	 101365
 82318 	   3208
 82318 	  79768
 82318 	  99159
 82318 	 119617
 82318 	 107458
 82318 	 101673
 82318 	 114259
 82318 	   2524
 82318 	  37464
 82318 	 108273
 82318 	   2996
 82318 	  15972
 82318 	  90137
 64266 	  78533
 64266 	 116115
 64266 	   2332
 64266 	  68681
 64266 	 105733
 64266 	  76449
 64266 	  82318
 58632 	  78533
 58632 	  85402
 58632 	  44074
 58632 	   2332
 58632 	  77153
 58632 	  76449
 58632 	  95336
 58632 	  62649
 58632 	  64266
 62268 	   9595
 62268 	  78533
 62268 	  51213
 62268 	  85402
 62268 	  44074
 62268 	   2332
 62268 	  76449
 62268 	  95336
115220 	   4793
115220 	  81306
115220 	  65887
115220 	 107568
107489 	  78533
107489 	 116115
107489 	  85890
107489 	   2332
107489 	 105733
107489 	  76449
107489 	  15972
107489 	  82318
 58416 	 106567
 58416 	  68681
 58416 	 107568
 52786 	  39337
 52786 	  50275
 52786 	 100225
 52786 	  95573
 52786 	  29716
 52786 	  95603
 52786 	  90147
 52786 	  92865
 52786 	  96113
 52786 	 117951
 52786 	 105970
 52786 	 116115
 52786 	 101892
 52786 	 124419
 52786 	 116522
 52786 	  76449
 52786 	 103133
 52786 	 120998
 52786 	  90137
 52786 	  82318
 52786 	  64266
 52786 	 107489
 16404 	  82246
 16404 	  10217
117884 	   4793
117884 	   9967
117884 	  99477
117884 	 107568
124477 	  39337
124477 	  96113
124477 	  82318
 81262 	   4793
 81262 	  80076
 81262 	   9967
 81262 	  64266
 48486 	  80076
 48486 	 126869
 48486 	   2911
 37931 	  51213
 37931 	  96113
 37931 	  76449
 37931 	 108273
101648 	   9967
101648 	  85402
101648 	 116115
101648 	  76449
101648 	  95336
101648 	   3208
101648 	 120998
101648 	  82318
101648 	  64266
101648 	 107489
111297 	   9595
111297 	  85402
111297 	  10217
111297 	  95336
111297 	  69633
111297 	  62649
127221 	   9595
127221 	  78533
127221 	  51213
127221 	  85402
127221 	  31770
127221 	   2332
127221 	  76449
127221 	  62649
106697 	   9595
106697 	 100617
106697 	  94908
106697 	 127102
106697 	 130387
106697 	 102380
106697 	  39337
106697 	 110641
106697 	 126869
106697 	  97838
106697 	 126040
106697 	 128844
106697 	 106205
106697 	  99902
106697 	 126200
106697 	   9967
106697 	 130983
106697 	 126721
106697 	 127649
106697 	  95442
106697 	  82503
106697 	  31490
106697 	 129859
106697 	  99477
106697 	 127855
106697 	   4363
106697 	 119325
106697 	 118363
106697 	  67846
106697 	 100782
106697 	 129960
106697 	  81306
106697 	 104295
106697 	  91637
106697 	 102383
106697 	 119311
106697 	 124080
106697 	 103133
106697 	 107568
106697 	  98252
106697 	  99455
106697 	 102481
106697 	 115606
106697 	 101749
106697 	 103677
106697 	  82318
106697 	  64266
106697 	  58632
106697 	  83275
106697 	 115220
106697 	  58416
106697 	  16404
106697 	 101648
106697 	 111297
106697 	 106697
 74286 	   4793
 74286 	   9967
 74286 	 102503
 74286 	  94264
 74286 	  36327
 74286 	 107568
 74286 	  98252
 27623 	  64266
 34379 	  85402
 34379 	  62649
 95781 	   9595
 95781 	  85402
 95781 	  10217
 95781 	  81306
 95781 	  95336
 95781 	  69633
 95781 	  16404
124177 	  85402
124177 	  95336
124177 	  64266
 65782 	  68681
 65782 	  82318
116898 	   4793
116898 	 117976
116898 	  81305
116898 	  51213
116898 	  65408
116898 	  69026
116898 	  81306
116898 	  72992
116898 	  65887
116898 	 107568
116898 	  69633
116898 	  10274
116898 	  79768
116898 	 101673
116898 	  64266
116898 	  16404
116898 	  81262
116898 	 111297
 51767 	  51213
 51767 	  68681
 51767 	 107568
 51767 	  65192
 51767 	  62649
 51767 	  64266
 74885 	   9595
 74885 	  81306
 74885 	 107568
 74885 	  69633
 74885 	  16404
105156 	  85402
105156 	  95336
105156 	  64266
 98469 	  95336
119685 	 106567
119685 	   4793
119685 	   9967
119685 	 107568
119685 	  64266
121308 	  52768
121308 	  82246
121308 	  29716
121308 	  10217
121308 	  53672
121308 	 131017
121308 	  44074
121308 	 103296
121308 	  85142
121308 	  37464
128471 	 100225
128471 	  95573
128471 	  76155
128471 	 114621
128471 	   9967
128471 	  51213
128471 	  29716
128471 	   7012
128471 	 129134
128471 	 101544
128471 	 101892
128471 	 115173
128471 	 116522
128471 	 118768
128471 	   3208
128471 	 101673
128471 	  64266
128471 	  83275
128471 	 127221
128471 	 106697
128471 	 124177
128471 	 119717
 77148 	  82503
 77148 	  75641
 77148 	  31770
 77148 	  62649
 96223 	  96113
 70314 	   4793
 70314 	   9967
 70314 	 129859
 70314 	  99477
 70314 	 107568
 70314 	  98252
  3715 	  85402
115258 	  64266
 87759 	  82246
 87759 	  10217
126248 	   9595
126248 	  78533
126248 	  51213
126248 	  85402
126248 	  44074
126248 	  31770
126248 	   2332
126248 	  76449
126248 	  62649
126248 	  74286
126248 	  77148
102995 	  64266
120346 	  85402
120346 	  10217
118432 	 107568
118432 	  64266
  2267 	   4793
  2267 	   9967
  2267 	  64266
   514 	  91563
   514 	  78533
   514 	   2986
   514 	 105200
   514 	  28241
   514 	  82246
   514 	  29716
   514 	  95603
   514 	  91926
   514 	  82503
   514 	 114535
   514 	  96113
   514 	  51289
   514 	 111407
   514 	  65863
   514 	 105970
   514 	  44074
   514 	 116115
   514 	  67362
   514 	  58481
   514 	  70646
   514 	 126216
   514 	  94785
   514 	   2332
   514 	  52894
   514 	 103296
   514 	   5133
   514 	  76449
   514 	  85142
   514 	 120998
   514 	  92527
   514 	  48486
   514 	  74286
   514 	  27623
   514 	 100142
   514 	 121308
   514 	   3715
   514 	    514
 82463 	   9595
 82463 	  59539
 82463 	  78533
 82463 	  10217
 82463 	  67362
 82463 	   2332
 82463 	  76449
 82463 	  95336
 82463 	  74286
115465 	   9595
115465 	  85402
115465 	  81306
115465 	  95336
115465 	 107568
115465 	  16404
107890 	   9595
107890 	  66388
107890 	  10217
107890 	  81306
107890 	 107568
107890 	  16404
107890 	 111297
107890 	  82463
 95790 	  85890
 95790 	  95336
 95790 	  64266
 95350 	  82246
101809 	  39337
101809 	  93163
101809 	 114379
101809 	  96113
101809 	  82318
101809 	 100142
 48728 	   4793
 48728 	  80076
 48728 	  97838
 48728 	  75030
 48728 	   9967
 48728 	  31490
 48728 	 102503
 48728 	 101510
 48728 	  65887
 48728 	 107568
109399 	  82246
109399 	  82503
109399 	  96113
109399 	  64266
109399 	 100142
 86335 	  82246
 86335 	  82503
 86335 	  31490
 86335 	  96113
 86335 	  82318
 86335 	  64266
 86335 	 100142
 95513 	  85890
 95513 	  64266
 94015 	  68681
 94015 	  64266
117213 	   4793
117213 	   9967
117213 	 107568
117213 	  64266
117213 	  82463
 94005 	   9595
 94005 	  10217
 94005 	  81306
 94005 	 107568
 94005 	  69633
 94005 	  16404
 94005 	  82463
123976 	   9595
123976 	  78533
123976 	  10217
123976 	  44074
123976 	  85890
123976 	  67362
123976 	   2332
123976 	  68681
123976 	 107568
123976 	  64266
 18023 	  50275
 18023 	  93163
 18023 	  39079
 18023 	  51213
 18023 	 116115
 18023 	 105733
 18023 	  76449
 18023 	  79310
 18023 	 108273
 18023 	 108174
 18023 	  74286
 18023 	 109399
129747 	  85402
129747 	  95336
129747 	  64266
117950 	   4793
117950 	   9967
117950 	 107568
117950 	  82463
109086 	   9595
109086 	 100617
109086 	  94908
109086 	 127102
109086 	 130387
109086 	 102380
109086 	  39337
109086 	 110641
109086 	 126869
109086 	  97838
109086 	 126040
109086 	 128844
109086 	 106205
109086 	  99902
109086 	 126200
109086 	   9967
109086 	 130983
109086 	 126721
109086 	 127649
109086 	  95442
109086 	  82503
109086 	  31490
109086 	 129859
109086 	  99477
109086 	 127855
109086 	   4363
109086 	 119325
109086 	 118363
109086 	  67846
109086 	 100782
109086 	 129960
109086 	  81306
109086 	 104295
109086 	  91637
109086 	 102383
109086 	 119311
109086 	 124080
109086 	 103133
109086 	 107568
109086 	  98252
109086 	  99455
109086 	 102481
109086 	 115606
109086 	 101749
109086 	 103677
109086 	  82318
109086 	  64266
109086 	  58632
109086 	  83275
109086 	 115220
109086 	  58416
109086 	  16404
109086 	 101648
109086 	 111297
109086 	 106697
109086 	 102995
109086 	  82463
109086 	 115465
109086 	  18023
109086 	  65978
 76438 	  78533
 76438 	  51213
 76438 	  96113
 76438 	   2332
 76438 	   5103
 76438 	  76449
 76438 	   3208
 76438 	 108273
 76438 	  74286
 76438 	  76438
122891 	 100617
122891 	  90154
122891 	  82246
122891 	 131151
122891 	  82503
122891 	  31770
122891 	  36327
122891 	  77153
122891 	 115606
122891 	  64266
122891 	  77148
 79171 	   9595
 79171 	  85402
 79171 	  85890
 79171 	  81306
 79171 	  69633
 79171 	  16404
124881 	  78533
124881 	  44074
124881 	   2332
124881 	  76449
124881 	 108273
124881 	  64266
124881 	  74286
124881 	  76438
126974 	 100617
126974 	  94908
126974 	 130387
126974 	   4793
126974 	 102380
126974 	  39337
126974 	 110641
126974 	 126869
126974 	 126040
126974 	 106205
126974 	 125052
126974 	 126200
126974 	 126626
126974 	   9967
126974 	 124999
126974 	 129859
126974 	 102503
126974 	  94264
126974 	 100909
126974 	  99477
126974 	  93950
126974 	 104295
126974 	  91637
126974 	 102383
126974 	  36327
126974 	 124080
126974 	   2622
126974 	 103133
126974 	 107568
126974 	  98252
126974 	 102481
126974 	 101749
126974 	 103677
126974 	  82318
126974 	  64266
126974 	  58632
126974 	  83275
126974 	 115220
126974 	  58416
126974 	 101648
126974 	 106697
126974 	 128471
126974 	 102995
126974 	 115465
126974 	  18023
126974 	 122891
126974 	 126974
105523 	 107568
105523 	  64266
129421 	  82246
129421 	  10217
113610 	  82246
103091 	 113401
103091 	  94908
103091 	 100225
103091 	  76155
103091 	 114621
103091 	  96738
103091 	 100909
103091 	 117951
103091 	 101544
103091 	 101892
103091 	 115173
103091 	 116522
103091 	 125990
103091 	   3208
103091 	  99159
103091 	 101673
103091 	 102481
103091 	  93866
103091 	 103677
103091 	  94602
103091 	  82318
103091 	  64266
103091 	  83275
103091 	 117884
103091 	 127221
103091 	 106697
103091 	 124177
103091 	 119717
103091 	 102995
103091 	 117950
 67993 	  67362
 98991 	  82246
 98991 	  67993
110898 	 118052
110898 	 100225
110898 	  80370
110898 	  62372
110898 	  76155
110898 	  96738
110898 	 105455
110898 	 124999
110898 	  93171
110898 	  29716
110898 	 110268
110898 	 101160
110898 	  90147
110898 	   7012
110898 	 102078
110898 	 113290
110898 	 122840
110898 	 100909
110898 	 108185
110898 	 129134
110898 	   4363
110898 	  93950
110898 	  53106
110898 	  85972
110898 	 115173
110898 	  43129
110898 	 116522
110898 	 118768
110898 	 128974
110898 	 122945
110898 	  96900
110898 	   2524
110898 	   1531
110898 	  90137
110898 	  94602
110898 	  83275
110898 	 115220
110898 	  28201
110898 	 119717
110898 	 115258
110898 	 117950
 61753 	   2986
 61753 	  44074
 61753 	  67362
 61753 	 103296
 61753 	   5103
 61753 	  82318
 61753 	   3715
 93696 	  64266
 58883 	 100617
 58883 	   4793
 58883 	 102380
 58883 	  80076
 58883 	  97838
 58883 	 106205
 58883 	  66388
 58883 	  99902
 58883 	 126626
 58883 	   9967
 58883 	  95442
 58883 	  31490
 58883 	 102503
 58883 	 101510
 58883 	   4363
 58883 	 100782
 58883 	  81306
 58883 	 102383
 58883 	  36327
 58883 	  51513
 58883 	 107568
 58883 	  98252
 58883 	  99455
 58883 	 102481
 58883 	 101648
 58883 	 128471
 58883 	 115465
 58883 	 122891
119884 	  82246
119884 	  10217
110974 	  76449
110974 	   3208
110974 	  74286
110974 	  76438
110974 	 105523
123022 	   4793
123022 	 117976
123022 	  81305
123022 	   9967
123022 	  51213
123022 	  65408
123022 	  63310
123022 	  10217
123022 	  69026
123022 	  81306
123022 	  72992
123022 	  16479
123022 	  65887
123022 	 107568
123022 	  10274
123022 	  79768
123022 	 101673
123022 	  64266
123022 	  16404
123022 	  81262
123022 	 111297
123022 	  96223
123022 	  70314
123022 	  82463
123022 	  48728
123022 	  86335
123022 	  61797
100744 	  78533
100744 	  52768
100744 	  29716
100744 	  53672
100744 	  67362
100744 	   2332
100744 	   5103
100744 	  76449
100744 	  85142
100744 	  79310
100744 	 108273
100744 	  64266
100744 	  48486
100744 	  37931
100744 	  74286
100744 	    514
100744 	  76438
100744 	 105523
100744 	 119884
118234 	   9595
118234 	  66388
118234 	  72459
118234 	  81306
118234 	  65887
118234 	 107568
118234 	  64266
118234 	  16404
122171 	  29716
122171 	  67362
122171 	  76449
122171 	  74286
122171 	  76438
122171 	 105523
115883 	  85890
115883 	  76449
115883 	  82318
115883 	  74286
115883 	  76438
115883 	  61753
103973 	  39337
103973 	  39079
103973 	  91563
103973 	  95573
103973 	   5543
103973 	  80370
103973 	 105200
103973 	 122022
103973 	  28241
103973 	 114379
103973 	  95603
103973 	  92250
103973 	 114535
103973 	  96113
103973 	  51289
103973 	 105970
103973 	  58481
103973 	  70646
103973 	   2332
103973 	  43129
103973 	   8179
103973 	 116522
103973 	   5133
103973 	  76449
103973 	 120065
103973 	 114673
103973 	 120998
103973 	  58632
103973 	 107489
103973 	  52786
103973 	  74286
103973 	  27623
103973 	 100142
103973 	 121308
103973 	   2267
103973 	 107890
103973 	  95790
103973 	 117213
103973 	  94005
103973 	 123976
103973 	  76438
103973 	 100744
103973 	 122171
 67672 	   9595
 67672 	 100617
 67672 	  80076
 67672 	  66388
 67672 	  67846
 67672 	  81306
 67672 	  65887
 67672 	 107568
 67672 	  16404
 67672 	  67672
111227 	  59539
111227 	  78533
111227 	   2986
111227 	  62372
111227 	  18307
111227 	  51213
111227 	  96113
111227 	  53672
111227 	  44074
111227 	 116115
111227 	  67362
111227 	 126216
111227 	   2332
111227 	 105733
111227 	 103296
111227 	  76449
111227 	 108273
111227 	  15972
111227 	  82318
111227 	  74286
111227 	  27623
111227 	  76438
111227 	 105523
111227 	 111227
 52250 	  85890
 52250 	  68681
 52250 	 107568
 31394 	   4793
 31394 	  80076
 31394 	   9967
 31394 	 129859
 31394 	  99477
 31394 	   2911
 31394 	   2622
 31394 	 128471
 31394 	  82463
 31394 	  98991
 31394 	 118234
 81503 	  64266
116540 	 105733
116540 	  76449
116540 	 101365
116540 	  74286
116540 	  76438
116540 	 111227
123045 	   4793
123045 	 107568
123045 	  64266
123045 	  82463
123045 	  67672
  7303 	  50275
  7303 	  78533
  7303 	  82555
  7303 	  53672
  7303 	  67362
  7303 	   2332
  7303 	 105733
  7303 	   5103
  7303 	  76449
  7303 	  79310
  7303 	  48486
  7303 	  37931
  7303 	  74286
  7303 	   3715
  7303 	    514
  7303 	 109086
  7303 	  76438
  7303 	 105523
  7303 	 119884
  7303 	 111227
  7303 	  81503
126651 	   4793
126651 	   9967
126651 	  81306
126651 	  65887
126651 	 107568
126651 	  69633
126651 	  64266
126651 	  16404
126651 	  82463
 92509 	   4793
 92509 	  80076
 92509 	  66388
 92509 	   9967
 92509 	  72459
 92509 	  65887
 92509 	 111297
 92509 	  98991
 92509 	 118234
 82242 	  76449
 82242 	 108273
 82242 	  74286
 82242 	  76438
 82242 	 105523
 82242 	 119884
113681 	  51213
113681 	 116115
 75661 	 107568
 75661 	  64266
 75661 	  82463
 75661 	  67672
 66563 	   4793
 66563 	  80076
 66563 	 107568
 66563 	  98252
 66563 	  82463
 66563 	  67672
 62878 	  10217
100172 	  76449
100172 	  62649
100172 	  74286
100172 	  76438
100172 	 105523
108160 	  67672
 77586 	  78533
 77586 	  51213
 77586 	  10217
 77586 	  44074
 77586 	   2332
 77586 	  76449
 77586 	 108273
 77586 	  74286
 77586 	  76438
 77586 	 105523
 77586 	  67993
128300 	  85402
128300 	  95336
128300 	  64266
128300 	  67993
128300 	  61753
101850 	   2986
101850 	  51213
101850 	  29716
101850 	  67362
101850 	   5103
101850 	  76449
101850 	  74286
101850 	  76438
101850 	 105523
 50309 	  64266
 91740 	   5543
 91740 	  80370
 91740 	 109693
 91740 	 131018
 91740 	  82246
 91740 	 131151
 91740 	  51213
 91740 	 110268
 91740 	 131017
 91740 	 124419
 91740 	  52894
 91740 	 108127
 91740 	 120065
 91740 	 101365
 91740 	   2524
 91740 	  82318
 91740 	  58632
 91740 	  34379
 91740 	 100142
 91740 	  95350
 91740 	  18023
 91740 	 124881
 91740 	 100744
 91740 	  77586
 59944 	  96113
 59944 	 100142
 80885 	  94908
 80885 	 118052
 80885 	 117891
 80885 	 110641
 80885 	 126869
 80885 	 106302
 80885 	 130780
 80885 	 131018
 80885 	 126626
 80885 	  85402
 80885 	  63310
 80885 	   7012
 80885 	  31490
 80885 	 102078
 80885 	 100909
 80885 	  99477
 80885 	 117951
 80885 	 105970
 80885 	 116115
 80885 	 119111
 80885 	 101544
 80885 	 115173
 80885 	 104295
 80885 	  68681
 80885 	 105733
 80885 	  36327
 80885 	 124080
 80885 	  97207
 80885 	 107568
 80885 	 129208
 80885 	  98252
 80885 	 118768
 80885 	 101673
 80885 	 110588
 80885 	 101749
 80885 	 103677
 80885 	 122600
 80885 	  62649
 80885 	  94602
 80885 	 115220
 80885 	 124477
 80885 	 127221
 80885 	 106697
 80885 	 124177
 80885 	 105156
 80885 	 128471
 80885 	 102995
 80885 	 115465
 80885 	  95513
 80885 	 117950
 80885 	 101850
103733 	   9595
103733 	 100617
103733 	  94908
103733 	 127102
103733 	 130387
103733 	 102380
103733 	  39337
103733 	 110641
103733 	 126869
103733 	  97838
103733 	 126040
103733 	 128844
103733 	 106205
103733 	  99902
103733 	 126200
103733 	   9967
103733 	 130983
103733 	 126721
103733 	 127649
103733 	  95442
103733 	  82503
103733 	  31490
103733 	 129859
103733 	  99477
103733 	 127855
103733 	   4363
103733 	 119325
103733 	 118363
103733 	  67846
103733 	 100782
103733 	 129960
103733 	  81306
103733 	 104295
103733 	  91637
103733 	 102383
103733 	 119311
103733 	 124080
103733 	 103133
103733 	 107568
103733 	  98252
103733 	  99455
103733 	 102481
103733 	 115606
103733 	 101749
103733 	 103677
103733 	  82318
103733 	  64266
103733 	  58632
103733 	  83275
103733 	 115220
103733 	  58416
103733 	  16404
103733 	 101648
103733 	 111297
103733 	 106697
103733 	 102995
103733 	  82463
103733 	 115465
103733 	  18023
103733 	  65978
103733 	 122891
103733 	 126974
103733 	 123022
103733 	 118234
103733 	 115883
103733 	 103973
103733 	  52250
103733 	 126651
103733 	 113681
103733 	 108160
103733 	 128300
103733 	  50309
 74664 	  62649
100737 	   9595
100737 	  88141
100737 	  78533
100737 	   9967
100737 	  85402
100737 	  10217
100737 	  44074
100737 	  81306
100737 	   2332
100737 	  68681
100737 	  72992
100737 	  16479
100737 	  76449
100737 	 107568
100737 	  10274
100737 	  79768
100737 	  16404
100737 	  81262
100737 	  74286
100737 	  70314
100737 	  82463
100737 	  48728
100737 	  86335
100737 	  61797
100737 	  76438
100737 	 105523
100737 	  67672
100737 	  80885
100737 	  74664
108765 	  85402
108765 	  85890
108765 	  68681
108765 	  95336
108765 	  64266
108765 	  59944
119270 	  80370
119270 	 130780
119270 	  82246
119270 	  91926
119270 	  82503
119270 	  96113
119270 	  52894
119270 	  43129
119270 	 108127
119270 	 120065
119270 	 101365
119270 	 100142
119270 	 121308
119270 	 109086
119270 	 100744
119270 	  70788
126646 	  62649
126646 	  64266
126646 	  61753
108254 	   9595
108254 	  82246
108254 	  85402
108254 	  31770
108254 	  77153
108254 	  95336
108254 	  62649
108254 	  77148
108254 	  67993
108254 	  61753
108254 	  70788
103038 	  82246
126048 	   9595
126048 	  81305
126048 	  85402
126048 	  85890
126048 	  69633
126048 	  16404
126048 	  67672
126048 	  59944
 99548 	  64266
 86131 	   4793
 86131 	   9967
 86131 	  64266
 86131 	  82463
 86131 	  67672
  7854 	  64266
126574 	  85402
126574 	  85890
126574 	  68681
126574 	  95336
126574 	 107568
126574 	  62649
126574 	  64266
126574 	  61753
126574 	  59944
 66058 	  82246
 66058 	  82503
 66058 	 131017
 66058 	  70788
127707 	 105733
127707 	  82318
127707 	 119884
127707 	 111227
 94837 	   2986
 94837 	  96113
 94837 	  67362
 94837 	   5103
 94837 	  76449
 94837 	 108273
 94837 	  82318
 94837 	  74286
 94837 	  76438
 94837 	 119884
 94837 	 122171
 94837 	  74664
126274 	  88141
126274 	  82246
126274 	  70788
124069 	   9595
124069 	  69633
124069 	  64266
119890 	   9595
119890 	 100617
119890 	  94908
119890 	 127102
119890 	 130387
119890 	 102380
119890 	  39337
119890 	 110641
119890 	 126869
119890 	  97838
119890 	 126040
119890 	 128844
119890 	 106205
119890 	  99902
119890 	 126200
119890 	   9967
119890 	 130983
119890 	 126721
119890 	 127649
119890 	  95442
119890 	  82503
119890 	  31490
119890 	 129859
119890 	  99477
119890 	 127855
119890 	   4363
119890 	 119325
119890 	 118363
119890 	  67846
119890 	 100782
119890 	 129960
119890 	  81306
119890 	 104295
119890 	  91637
119890 	 102383
119890 	 119311
119890 	 124080
119890 	 103133
119890 	 107568
119890 	  98252
119890 	  99455
119890 	 102481
119890 	 115606
119890 	 101749
119890 	 103677
119890 	  82318
119890 	  64266
119890 	  58632
119890 	  83275
119890 	 115220
119890 	  58416
119890 	  16404
119890 	 101648
119890 	 111297
119890 	 106697
119890 	 102995
119890 	  82463
119890 	 115465
119890 	  18023
119890 	  65978
119890 	 122891
119890 	 126974
119890 	 123022
119890 	 118234
119890 	 115883
119890 	 103973
119890 	  52250
119890 	 126651
119890 	 113681
119890 	 108160
119890 	 128300
119890 	  50309
119890 	 108765
119890 	 126274
 41611 	   9595
 41611 	  85402
 41611 	  85890
 41611 	  68681
 41611 	  69633
 41611 	  67993
 41611 	  70788
127382 	  92753
127382 	 100225
127382 	  80370
127382 	  62372
127382 	 109693
127382 	 105455
127382 	  29716
127382 	 110268
127382 	 113290
127382 	 122840
127382 	 117951
127382 	  53106
127382 	 101892
127382 	 115173
127382 	  43129
127382 	 116522
127382 	 101365
127382 	 119112
127382 	  92527
127382 	   1531
127382 	  94602
127382 	  83275
127382 	 124177
127382 	 107890
127382 	  95350
 60615 	  78533
 60615 	  51213
 60615 	  29716
 60615 	  75641
 60615 	  31770
 60615 	   2332
 60615 	  77153
 60615 	  76449
 60615 	  95336
 60615 	  65192
 60615 	  62649
 60615 	  74286
 60615 	  77148
 60615 	  76438
 60615 	 105523
 60615 	  61753
 60615 	  74664
 60615 	  41611
103084 	   4793
103084 	  62372
103084 	  18307
103084 	  29716
103084 	  63310
103084 	 116115
103084 	  76449
103084 	   3208
103084 	  15972
103084 	  74286
103084 	  86335
103084 	  61797
103084 	  76438
103084 	  79171
103084 	 105523
103084 	  59944
103084 	  74664
103084 	  41611
130419 	  85402
130419 	  85890
130419 	  68681
130419 	  61753
130419 	  59944
 68575 	  10217
 68575 	  75641
 68575 	  61753
 68575 	  70788
 68575 	  60615
117924 	   9595
117924 	 100617
117924 	  94908
117924 	 127102
117924 	 130387
117924 	 102380
117924 	  39337
117924 	 110641
117924 	 126869
117924 	  97838
117924 	 126040
117924 	 128844
117924 	 106205
117924 	  99902
117924 	 126200
117924 	   9967
117924 	 130983
117924 	 126721
117924 	 127649
117924 	  95442
117924 	  82503
117924 	  31490
117924 	 129859
117924 	  99477
117924 	 127855
117924 	   4363
117924 	 119325
117924 	 118363
117924 	  67846
117924 	 100782
117924 	 129960
117924 	  81306
117924 	 104295
117924 	  91637
117924 	 102383
117924 	 119311
117924 	 124080
117924 	 103133
117924 	 107568
117924 	  98252
117924 	  99455
117924 	 102481
117924 	 115606
117924 	 101749
117924 	 103677
117924 	  82318
117924 	  64266
117924 	  58632
117924 	  83275
117924 	 115220
117924 	  58416
117924 	  16404
117924 	 101648
117924 	 111297
117924 	 106697
117924 	 102995
117924 	  82463
117924 	 115465
117924 	  18023
117924 	  65978
117924 	 122891
117924 	 126974
117924 	 123022
117924 	 118234
117924 	 115883
117924 	 103973
117924 	  52250
117924 	 126651
117924 	 113681
117924 	 108160
117924 	 128300
117924 	  50309
117924 	 108765
117924 	 126274
117924 	 103084
117924 	 130419
 62617 	   9595
 62617 	  88141
 62617 	  10217
 62617 	  81306
 62617 	  69633
 62617 	  64266
 62617 	  16404
 62617 	  67672
 62617 	  70788
128707 	  78533
128707 	   2986
128707 	  44074
128707 	 116115
128707 	   2332
128707 	  76449
128707 	  95336
128707 	  74286
128707 	  76438
128707 	 105523
128707 	  61753
128707 	  74664
128707 	  41611
128707 	  62617
126992 	   9595
126992 	   4793
126992 	  81306
126992 	 107568
126992 	  69633
126992 	  16404
126992 	  67672
126992 	  70788
 96495 	 105733
 96495 	  76449
 96495 	  74286
 96495 	  76438
 96495 	  59944
 96495 	  74664
 96495 	  41611
 96495 	  62617
 51984 	   9595
 51984 	  81306
 51984 	  16404
 51984 	  70788
105872 	  82246
101248 	   9595
101248 	  85402
101248 	  10217
101248 	  81306
101248 	  72992
101248 	  16479
101248 	  69633
101248 	  79768
101248 	  16404
101248 	  81262
101248 	  48728
101248 	  86335
101248 	  61797
101248 	 105523
101248 	  67672
101248 	  59944
124765 	   9595
124765 	  85402
124765 	  10217
124765 	  95336
124765 	  62649
124765 	  77148
124765 	  67993
 97187 	   4793
 97187 	  68681
 97187 	 109370
 97187 	 107568
 97187 	  64266
 97187 	 111297
 97187 	  82463
 97187 	  91740
 97187 	 126646
 97187 	 126574
 90122 	  81306
 90122 	 107568
 90122 	  82318
 90122 	  16404
 76123 	  96113
 76123 	  82318
 76123 	  70788
 66016 	  59539
 66016 	  50275
 66016 	  51213
 66016 	  44074
 66016 	  67362
 66016 	 103296
 66016 	  76449
 66016 	 108273
 66016 	  74286
 66016 	  27623
 66016 	 109399
 66016 	  76438
 66016 	 105523
 66016 	 119884
 66016 	  74664
 66016 	  41611
 66016 	  62617
102704 	   4793
102704 	  10217
102704 	  81306
102704 	  65887
102704 	 107568
102704 	  69633
102704 	  64266
102704 	  16404
102704 	  82463
102704 	  67672
131601 	   9595
131601 	  80076
131601 	  15511
131601 	  66388
131601 	  10217
131601 	  81306
131601 	  68681
131601 	  72992
131601 	  16479
131601 	  69633
131601 	  79768
131601 	  16404
131601 	  81262
131601 	  48728
131601 	  86335
131601 	  61797
131601 	 105523
131601 	  67672
131601 	  66016
111569 	  77148
101342 	  67362
101342 	 105733
101342 	   5103
101342 	  76449
101342 	  64266
101342 	  74286
101342 	  76438
101342 	 105523
101342 	  74664
101342 	  41611
101342 	  62617
124365 	  39337
124365 	 114379
124365 	  96113
124365 	  82318
124365 	 100142
124365 	 100744
124365 	 108765
124365 	 111569
113690 	  82246
 94367 	   9595
 94367 	  85402
 94367 	  10217
 94367 	  77153
 94367 	  95336
 94367 	  69633
 94367 	  62649
 94367 	  16404
 94367 	  77148
 94367 	  67993
 94367 	  61753
 94367 	  70788
 94367 	  60615
108883 	  69026
108883 	  68681
108883 	  64266
108883 	  67672
108883 	  59944
128822 	  76449
128822 	  82318
128822 	  74286
128822 	  76438
128822 	  74664
128822 	  41611
128822 	  62617
123702 	  10217
123702 	 107568
102759 	   9595
102759 	  85402
102759 	  10217
102759 	  85890
102759 	  81306
102759 	  72992
102759 	  16479
102759 	 107568
102759 	  69633
102759 	  79768
102759 	  64266
102759 	  16404
102759 	  81262
102759 	  48728
102759 	  86335
102759 	  61797
102759 	  67672
102759 	  59944
102759 	  86570
113068 	  85890
113068 	  70788
 95748 	  39337
 95748 	 100225
 95748 	  95573
 95748 	  76155
 95748 	 131017
 95748 	 101544
 95748 	 105815
 95748 	 116522
 95748 	 114673
 95748 	  79310
 95748 	 120998
 95748 	 108174
 95748 	  82318
 95748 	  77148
 95748 	  95790
 95748 	 109399
 95748 	 123976
 95748 	  52250
 95748 	  92509
 95748 	  82242
 95748 	 128707
 95748 	  96495
 90406 	  78533
 90406 	  51213
 90406 	  10217
 90406 	  44074
 90406 	   2332
 90406 	  76449
 90406 	 108273
 90406 	  74286
 90406 	  76438
 90406 	 105523
 90406 	  67993
 90406 	  70788
 90406 	  74664
 90406 	  41611
 90406 	  62617
117793 	   9595
117793 	  44074
117793 	 105523
125108 	  90154
125108 	  15511
125108 	  31770
125108 	  95336
125108 	  65192
125108 	  62649
125108 	  64266
125108 	  61753
125108 	  60615
117490 	  76449
117490 	  74286
117490 	  76438
117490 	  74664
117490 	  41611
117490 	  62617
117344 	  51213
117344 	  96113
117344 	  76449
117344 	  74286
117344 	  76438
117344 	 119884
117344 	  74664
117344 	  41611
117344 	  62617
 97464 	  39337
 97464 	  39079
 97464 	 100225
 97464 	  95573
 97464 	  76155
 97464 	 105200
 97464 	  70752
 97464 	 130780
 97464 	  29716
 97464 	  95603
 97464 	  90147
 97464 	  92250
 97464 	  96113
 97464 	 100909
 97464 	 117951
 97464 	 105970
 97464 	 131017
 97464 	 101892
 97464 	  97207
 97464 	 103133
 97464 	 114673
 97464 	  96012
 97464 	  99159
 97464 	 107458
 97464 	  90137
 97464 	  82318
 97464 	 127221
 97464 	 124177
 97464 	 100142
 97464 	 105156
 97464 	 107890
 97464 	  95790
 97464 	 123976
 97464 	  58883
 97464 	  66563
 97464 	  62878
 97464 	  77586
 97464 	  99548
 97464 	 119890
 97464 	 127382
 97464 	 128707
 97464 	  96495
 97464 	 124765
 97464 	 111569
 97464 	 108883
 97464 	 126225
 69636 	   9595
 69636 	  85402
 69636 	  10217
 69636 	  81306
 69636 	  95336
 69636 	  69633
 69636 	  62649
 69636 	  16404
 69636 	  67993
 69636 	  61753
 69636 	  70788
 69636 	  69636
113639 	  95573
113639 	 105200
113639 	  96738
113639 	  70752
113639 	 105455
113639 	 131151
113639 	  95603
113639 	 114535
113639 	  96113
113639 	 111407
113639 	  65863
113639 	 117951
113639 	 105970
113639 	 131017
113639 	 116115
113639 	 124419
113639 	 105733
113639 	 116522
113639 	  76449
113639 	  96012
113639 	 107458
113639 	 120998
113639 	  82318
113639 	 107489
113639 	  74286
113639 	 124177
113639 	 100142
113639 	 105156
113639 	 107890
113639 	  95790
113639 	  95350
113639 	  94005
113639 	 123976
113639 	  18023
113639 	  76438
113639 	 124881
113639 	 100744
113639 	 122171
113639 	 111227
113639 	  92509
113639 	  62878
113639 	  77586
113639 	  74664
113639 	 108765
113639 	 119890
113639 	  41611
113639 	  62617
113639 	  96495
113639 	 105872
113639 	 124765
113639 	 131601
113639 	 111569
113639 	 108883
113639 	 126225
113639 	 113639
 52076 	  39337
 52076 	  50275
 52076 	  95573
 52076 	  76155
 52076 	  96738
 52076 	  70752
 52076 	  28241
 52076 	  95603
 52076 	  90147
 52076 	 111407
 52076 	 117951
 52076 	 105970
 52076 	 131017
 52076 	 116115
 52076 	 105815
 52076 	 101892
 52076 	 124419
 52076 	 116522
 52076 	 114673
 52076 	 107458
 52076 	 120998
 52076 	  90137
 52076 	  82318
 52076 	  64266
 52076 	 107489
 52076 	 124177
 52076 	 107890
 52076 	 123976
 52076 	 124881
 52076 	 122171
 52076 	 111227
 52076 	  92509
 52076 	 128707
 52076 	  96495
 52076 	 105872
 52076 	 124765
 52076 	  76123
 52076 	 131601
 52076 	 111569
 52076 	 108883
 52076 	 113639
 34899 	  94927
 34899 	  96511
 34899 	 130387
 34899 	 110641
 34899 	  93163
 34899 	 130665
 34899 	  80076
 34899 	 126869
 34899 	 126040
 34899 	 110571
 34899 	 126626
 34899 	   9967
 34899 	 114379
 34899 	   5646
 34899 	 102503
 34899 	  99477
 34899 	 130218
 34899 	 129644
 34899 	 129434
 34899 	 125839
 34899 	 107568
 34899 	  98252
 34899 	  99159
 34899 	 119617
 34899 	  99455
 34899 	 122600
 34899 	  82318
 34899 	  64266
 34899 	  58632
 34899 	 124477
 34899 	  95409
 34899 	  99213
 34899 	  98469
 34899 	 128471
 34899 	 115258
 34899 	 126248
 34899 	  82463
 34899 	 101486
 34899 	 101809
 34899 	  95513
 34899 	 113610
 34899 	 103091
 34899 	 128300
 34899 	  59944
 34899 	 100737
 34899 	 108765
 34899 	 126646
 34899 	 126048
 34899 	 127707
 34899 	 124069
 34899 	 101248
 34899 	 102704
 34899 	  97422
 34899 	 113690
 34899 	 102759
 34899 	 117793
 73555 	  73555
 94032 	   9595
 94032 	  85402
 94032 	  10217
 94032 	  75641
 94032 	  85890
 94032 	  95336
 94032 	  69633
 94032 	  62649
 94032 	  64266
 94032 	  61753
 94032 	  69636
 94032 	  34899
 94032 	  73555
 98993 	  76449
 98993 	  65192
 98993 	  64266
 98993 	  74286
 98993 	  76438
 98993 	 119884
 98993 	  74664
 98993 	  41611
 98993 	  62617
129520 	  15511
129520 	  10217
129520 	  68681
129520 	 107568
129520 	  59944
 50841 	   4793
 50841 	  68681
 50841 	  64266
 50841 	  82463
 91849 	  95336
 91849 	  64266
 91849 	  70788
117925 	 100617
117925 	  80076
117925 	   9967
117925 	  36327
117925 	 107568
117925 	  98252
117925 	 122891
117925 	 126274
117925 	 102704
107802 	   4793
107802 	  80076
107802 	  75030
107802 	  66388
107802 	  99902
107802 	   9967
107802 	  10217
107802 	  99477
107802 	 101510
107802 	  67846
107802 	  81306
107802 	 125161
107802 	  65887
107802 	   2622
107802 	 107568
107802 	  75566
107802 	  52224
107802 	  64266
107802 	  16404
107802 	  65978
107802 	 115883
107802 	  52250
107802 	  70788
107802 	  94837
107802 	 126274
107802 	  76053
107802 	  52076
103602 	  52768
103602 	   2986
103602 	  51213
103602 	  85402
103602 	  94332
103602 	  44074
103602 	  85890
103602 	  67362
103602 	 103296
103602 	 116522
103602 	  82318
103602 	    514
103602 	  61797
103602 	  81503
 93364 	  80076
 93364 	  66388
 93364 	   9967
 93364 	  31490
 93364 	 125161
 93364 	  65887
 93364 	 107568
 93364 	  65978
 93364 	  50309
 93364 	  70788
 93364 	  94837
119808 	  10217
119808 	  44074
119808 	  77148
119808 	 105523
125120 	  95336
125120 	  62649
101626 	  44074
101626 	  67362
101626 	 105523
129161 	  85402
129161 	  85890
129161 	  68681
129161 	  79171
129161 	 105523
129161 	  59944
 31821 	  78533
 31821 	   2332
 31821 	  68681
 31821 	  76449
 31821 	  95336
 31821 	  79310
 31821 	  62649
 31821 	  64266
 31821 	  74286
 31821 	  76438
 31821 	 105523
 31821 	  67993
 31821 	  74664
 31821 	  41611
 31821 	  62617
 31821 	  76053
 98813 	  81306
 98813 	  64266
 61674 	  68681
121983 	  78533
121983 	   2986
121983 	  29716
121983 	  44074
121983 	  67362
121983 	   2332
121983 	 103296
121983 	  76449
121983 	 108273
121983 	  74286
121983 	  76438
121983 	  74664
121983 	  41611
121983 	  62617
121983 	  73555
121983 	 103602
125231 	  68681
125231 	  73555
 92153 	  39337
 92153 	  82246
 92153 	  82503
 92153 	  96113
 92153 	  43129
 92153 	 100142
 92153 	 100744
 95496 	  85402
 95496 	  31770
 95496 	  77153
 95496 	  95336
 95496 	  62649
 95496 	  64266
 95496 	  77148
 95496 	  67993
 95496 	  61753
 95496 	  60615
 95496 	  69636
 92477 	 106567
 92477 	  94908
 92477 	  88141
 92477 	 127102
 92477 	 118052
 92477 	  96511
 92477 	  39337
 92477 	 117976
 92477 	  50275
 92477 	 119680
 92477 	  92014
 92477 	 128397
 92477 	  91563
 92477 	 100225
 92477 	  95573
 92477 	  97838
 92477 	  82555
 92477 	  62372
 92477 	  75030
 92477 	 128844
 92477 	 105200
 92477 	  15511
 92477 	 114621
 92477 	 109693
 92477 	 122022
 92477 	  88333
 92477 	   8980
 92477 	 130780
 92477 	 129131
 92477 	 131018
 92477 	 105455
 92477 	 130983
 92477 	 102278
 92477 	 110268
 92477 	 103813
 92477 	  85402
 92477 	  95603
 92477 	  91926
 92477 	   7012
 92477 	  92865
 92477 	   5646
 92477 	  92250
 92477 	  82503
 92477 	 129859
 92477 	 102078
 92477 	  51289
 92477 	 111407
 92477 	 113290
 92477 	 100909
 92477 	  99477
 92477 	 117951
 92477 	 105970
 92477 	  75641
 92477 	 129134
 92477 	 131017
 92477 	 127855
 92477 	 127451
 92477 	 130218
 92477 	  85890
 92477 	 119325
 92477 	 129644
 92477 	  93950
 92477 	  85972
 92477 	 129434
 92477 	 115173
 92477 	 104295
 92477 	 124419
 92477 	  91637
 92477 	 102383
 92477 	  68681
 92477 	 105733
 92477 	 119311
 92477 	 128762
 92477 	   5103
 92477 	 124080
 92477 	 109370
 92477 	 116522
 92477 	  76449
 92477 	 103133
 92477 	 120065
 92477 	  95336
 92477 	 107568
 92477 	  96012
 92477 	 111666
 92477 	 129208
 92477 	  98252
 92477 	 118768
 92477 	 128974
 92477 	  79310
 92477 	 101365
 92477 	  99159
 92477 	  66221
 92477 	 119617
 92477 	 107458
 92477 	  96900
 92477 	 114259
 92477 	 102481
 92477 	 119112
 92477 	 108273
 92477 	   2996
 92477 	 115606
 92477 	 120998
 92477 	  15972
 92477 	 110588
 92477 	  92527
 92477 	 101749
 92477 	 108174
 92477 	   2251
 92477 	 103677
 92477 	 122600
 92477 	   1531
 92477 	  62649
 92477 	  82318
 92477 	  64266
 92477 	  62268
 92477 	 115220
 92477 	 107489
 92477 	  52786
 92477 	 117884
 92477 	 101648
 92477 	 111297
 92477 	 106697
 92477 	  74286
 92477 	  95781
 92477 	 100142
 92477 	 119685
 92477 	 121308
 92477 	 128471
 92477 	  77148
 92477 	 115258
 92477 	 102995
 92477 	 118432
 92477 	 115465
 92477 	 107890
 92477 	  95790
 92477 	 101486
 92477 	 101809
 92477 	 109399
 92477 	  94015
 92477 	 117213
 92477 	  94005
 92477 	 123976
 92477 	  18023
 92477 	 109086
 92477 	  76438
 92477 	 124881
 92477 	 126974
 92477 	 105523
 92477 	 113610
 92477 	 103091
 92477 	  67993
 92477 	  61753
 92477 	 119884
 92477 	 110974
 92477 	 100744
 92477 	 122171
 92477 	 126651
 92477 	  92509
 92477 	  62878
 92477 	 100172
 92477 	 108160
 92477 	  77586
 92477 	 101850
 92477 	  91740
 92477 	  59944
 92477 	  74664
 92477 	 106244
 92477 	 100737
 92477 	 103038
 92477 	  99548
 92477 	 126574
 92477 	 127707
 92477 	  41611
 92477 	 127382
 92477 	  60615
 92477 	 103084
 92477 	 130419
 92477 	 117924
 92477 	  62617
 92477 	 128707
 92477 	  96495
 92477 	 101248
 92477 	  90122
 92477 	 131601
 92477 	 124365
 92477 	 108883
 92477 	 123702
 92477 	 102759
 92477 	  76053
 92477 	 113639
 92477 	  34899
 92477 	  73555
 92477 	  94032
 92477 	  98993
 92477 	 129520
 92477 	  50841
 92477 	 117925
 92477 	 103602
 92477 	 119808
 92477 	 101626
 92477 	 129161
 92477 	  95496
 66612 	  73555
 97373 	   9595
 97373 	  85402
 97373 	  10217
 97373 	  81306
 97373 	  95336
 97373 	  69633
 97373 	  16404
 97373 	  77148
 97373 	  82463
 97373 	  67993
 97373 	  61753
 97373 	  69636
 97373 	  52076
124281 	  44074
124281 	  67362
124281 	 103296
124281 	  82318
124281 	 105523
 96106 	   9595
111453 	  63310
111453 	 107568
111453 	 126646
 82662 	   4793
 82662 	   9967
 82662 	  64266
 82662 	  67672
 82662 	 126651
 89982 	 100617
 89982 	  94908
 89982 	 130387
 89982 	 102380
 89982 	 110641
 89982 	 126869
 89982 	  97838
 89982 	 126040
 89982 	 106205
 89982 	  99902
 89982 	 126200
 89982 	 126626
 89982 	 129859
 89982 	 102503
 89982 	  99477
 89982 	 101510
 89982 	 102383
 89982 	  36327
 89982 	 124080
 89982 	 103133
 89982 	 107568
 89982 	  98252
 89982 	  99455
 89982 	 102481
 89982 	 103677
 89982 	  64266
 89982 	  58632
 89982 	  83275
 89982 	 115220
 89982 	  58416
 89982 	 101648
 89982 	 106697
 89982 	 128471
 89982 	 102995
 89982 	  82463
 89982 	 115465
 89982 	 122891
 89982 	 126974
 89982 	 123022
 89982 	 118234
 89982 	 115883
 89982 	  52250
 89982 	 126651
 89982 	 113681
 89982 	 108160
 89982 	 128300
 89982 	 126274
 89982 	 103084
 89982 	 130419
 89982 	 126992
 89982 	 102704
 89982 	  68241
 89982 	 117793
 89982 	  31821
 89982 	  98813
 89982 	 125231
 42495 	   9595
 42495 	  69633
 42495 	  16404
 42495 	  59944
 42495 	  69636
 42495 	  73555
105591 	   9595
105591 	  78533
105591 	  18307
105591 	  51213
105591 	  85402
105591 	  10217
105591 	  44074
105591 	  81306
105591 	   2332
105591 	  68681
105591 	  76449
105591 	 107568
105591 	  69633
105591 	  15972
105591 	  16404
105591 	  81262
105591 	  74286
105591 	  82463
105591 	  48728
105591 	  76438
105591 	 105523
105591 	  67672
105591 	  74664
105591 	  41611
105591 	  62617
105591 	  86570
105591 	  69636
105591 	  52076
105591 	  34899
105591 	  73555
105591 	  66612
128928 	   9595
128928 	 100617
128928 	  92753
128928 	  94927
128928 	  88141
128928 	  81305
128928 	  80076
128928 	  62372
128928 	  75030
128928 	  15511
128928 	  99902
128928 	  18307
128928 	  93171
128928 	  51213
128928 	  29716
128928 	  63310
128928 	   5646
128928 	  69026
128928 	 129644
128928 	  81306
128928 	 129434
128928 	   2332
128928 	  65887
128928 	   2622
128928 	 107568
128928 	  98252
128928 	  69633
128928 	  66221
128928 	 119617
128928 	  99455
128928 	  75566
128928 	  52224
128928 	  64266
128928 	  16404
128928 	  81262
128928 	  51767
128928 	  82463
128928 	  48728
128928 	  65978
128928 	  79171
128928 	  67672
128928 	  52250
128928 	 127707
128928 	 126274
128928 	  86570
128928 	  76053
128928 	  69636
128928 	  52076
128928 	  73555
128928 	 121983
128928 	  95496
128928 	  66612
128928 	  96106
128079 	  85402
128079 	  10217
128079 	  31770
128079 	  77153
128079 	  95336
128079 	  62649
128079 	  67993
128079 	  70788
128079 	  60615
128079 	  69636
128079 	  66612
122396 	  69026
122396 	  68681
122396 	  67672
122396 	 128079
 88019 	  82246
 88019 	  77148
 88019 	  67993
 88019 	  66612
118243 	  88141
118243 	  78533
118243 	  85402
118243 	  75641
118243 	   2332
118243 	  76449
118243 	  74286
118243 	  76438
118243 	 105523
118243 	  67993
118243 	  61753
118243 	  70788
118243 	  74664
118243 	  41611
118243 	  62617
118243 	  66612
118243 	  42495
112063 	  77153
112063 	  77148
130833 	 100617
130833 	 110641
130833 	  80076
130833 	  97838
130833 	 106205
130833 	 126626
130833 	   9967
130833 	 101510
130833 	 102383
130833 	  36327
130833 	  51513
130833 	 107568
130833 	 102481
130833 	  82318
130833 	 115465
130833 	 118234
130833 	  52250
130833 	  50309
130833 	 126274
130833 	  68241
114929 	   9595
114929 	  10217
114929 	  81306
114929 	  69633
114929 	  16404
114929 	  76053
114929 	  69636
114929 	  66612
123347 	  64266
 58385 	  82318
 58385 	 126646
105144 	   9595
105144 	  85402
105144 	  85890
105144 	  68681
105144 	  69633
105144 	  67993
105144 	  70788
105144 	  69636
105144 	  52076
105144 	  66612
130531 	  50275
130531 	  82555
130531 	  28241
130531 	 114535
130531 	  96113
130531 	 111407
130531 	  65863
130531 	 105970
130531 	 116115
130531 	 116522
130531 	  76449
130531 	  79310
130531 	 108273
130531 	 120998
130531 	 108174
130531 	  82318
130531 	  64266
130531 	 107489
130531 	  74286
130531 	 109399
130531 	  94005
130531 	  76438
130531 	 119884
130531 	 122171
130531 	 111227
130531 	  92509
130531 	  82242
130531 	  62878
130531 	  74664
130531 	 108765
130531 	  41611
130531 	  62617
130531 	  96495
130531 	 131601
130531 	 126225
130531 	 103602
130531 	 119808
130531 	  88019
 69502 	  68681
 69502 	 107568
 69502 	  67672
 92655 	  78533
 92655 	   2332
 92655 	  76449
 92655 	  74286
 92655 	  76438
 92655 	 105523
 92655 	  74664
 92655 	  41611
 92655 	  62617
 92655 	  66612
  8991 	 105970
  8991 	   5133
  8991 	 108273
  8991 	 120998
  8991 	 119884
  8991 	  82242
  8991 	 107802
  8991 	 103602
  8991 	 119808
 66646 	  59539
 66646 	  78533
 66646 	  82246
 66646 	  44074
 66646 	 116115
 66646 	   2332
 66646 	   5103
 66646 	  76449
 66646 	 108273
 66646 	  74286
 66646 	  76438
 66646 	 105523
 66646 	 119884
 66646 	  62878
 66646 	  74664
 66646 	  41611
 66646 	  62617
 66646 	  73555
 66646 	  66612
 66646 	  42495
  3476 	  81306
  3476 	  65887
  3476 	  16404
  3476 	  82463
  3476 	  70788
  3476 	  76053
  3476 	  52076
  3476 	  34899
113084 	  82246
113084 	  85402
113084 	  77153
113084 	  65192
113084 	  77148
113084 	  67993
113084 	  70788
113084 	  60615
113084 	  66612
 98306 	  39337
 98306 	  10217
 98306 	  96113
 98306 	  43129
 98306 	  92527
 98306 	  82318
 98306 	  64266
 98306 	 100142
 98306 	 100744
 98306 	 108765
 98306 	 125108
 98306 	 125120
 98306 	 128079
122256 	 100617
122256 	  94908
122256 	 130387
122256 	 102380
122256 	  39337
122256 	 110641
122256 	 126869
122256 	  97838
122256 	 126040
122256 	  99902
122256 	 126200
122256 	   9967
122256 	 129859
122256 	 100909
122256 	  99477
122256 	 104295
122256 	  91637
122256 	 102383
122256 	 124080
122256 	 103133
122256 	 107568
122256 	  98252
122256 	  99455
122256 	 102481
122256 	 101749
122256 	 103677
122256 	  82318
122256 	  64266
122256 	  58632
122256 	  83275
122256 	 115220
122256 	  58416
122256 	 101648
122256 	 106697
122256 	 102995
122256 	  82463
122256 	 115465
122256 	  18023
122256 	 122891
122256 	 126974
122256 	 123022
122256 	 118234
122256 	 115883
122256 	  52250
122256 	 126651
122256 	 113681
122256 	 108160
122256 	 128300
122256 	  50309
122256 	 108765
122256 	 126274
122256 	 103084
122256 	 130419
122256 	 126992
122256 	  68241
122256 	 117793
122256 	  98813
122256 	 125231
122256 	 128928
122256 	 128079
122256 	 112063
122256 	   8991
122256 	   3476
 87194 	  62372
 87194 	  51213
 87194 	  85402
 87194 	  10217
 87194 	  64266
 87194 	  82463
 87194 	 109399
 87194 	  79171
 87194 	 105523
 87194 	  67993
 87194 	  61753
 87194 	  70788
 87194 	  66612
 87194 	  42495
