100617 	   9595
113401 	   9595
 94927 	 106567
127102 	  94908
118052 	  88141
 96511 	  59539
  4793 	  59539
102380 	  88141
117891 	  94927
117891 	  59539
117891 	 117891
 39337 	 127102
117976 	  59539
 90154 	 100617
 90154 	 102380
 50275 	 106567
 50275 	  96511
 93163 	  88141
 93163 	   4793
 93163 	  39337
 92014 	 106567
 92014 	 117891
 39079 	  59539
 39079 	  50275
128397 	 106567
128397 	  94927
128397 	  96511
128397 	 130387
128397 	 117891
128397 	 119680
128397 	 128397
100225 	  39337
130665 	   4793
 95573 	  39337
205919 	  39337
127242 	   4793
 78533 	  92753
 78533 	  59539
 78533 	  39337
 78533 	  50275
 78533 	  91563
 78533 	  95573
 97838 	 102380
 97838 	 126869
 95182 	 100617
 95182 	 130387
 95182 	 102380
 95182 	 126869
 52768 	  94908
 52768 	   4793
 52768 	 102380
 52768 	  39337
 52768 	 110641
 52768 	  92014
 52768 	 128397
  2986 	 100617
  2986 	  94927
  2986 	 130387
  2986 	 117891
  2986 	 126869
  2986 	  97838
  5543 	 106567
  5543 	   4793
  5543 	 119680
 80370 	  59539
 80370 	  50275
 80370 	  52768
 80370 	   5543
126040 	   9595
126040 	  94908
126040 	 102380
126040 	 127242
126040 	  97838
 62372 	   9595
 75030 	  91563
106302 	 117976
128844 	  52768
128844 	   2986
128844 	   5543
105200 	   4793
127533 	   5543
110571 	 100617
110571 	   4793
110571 	 110641
110571 	 106205
114621 	  94927
114621 	 110571
109693 	  39337
109693 	  50275
109693 	   2986
109693 	   5543
109693 	  62372
109693 	 105200
 99902 	 117891
122022 	  91563
 88333 	   9595
 88333 	  94908
 88333 	 102380
 88333 	  39337
 88333 	  99902
 18307 	  80076
 18307 	  75030
 96738 	 106567
 96738 	  15511
 70752 	 106567
  8980 	  94927
  8980 	  88141
  8980 	  15511
130780 	  39337
 91848 	  59539
 91848 	   2986
131018 	   9595
131018 	  88141
131018 	  59539
131018 	  50275
131018 	   2986
126200 	 106567
126200 	  94927
126200 	   4793
126200 	 117976
126200 	  50275
105455 	  91563
105455 	  52768
105455 	   2986
105455 	 105200
126626 	 113401
126626 	  88141
126626 	 119680
126626 	  95573
126626 	  80370
126626 	  62372
126626 	 114621
126626 	 109693
126626 	 130780
113027 	  59539
113027 	  50275
113027 	   2986
124999 	   4793
124999 	 126869
 28241 	 117976
 28241 	  91848
130983 	 106567
130983 	 113401
130983 	  94908
130983 	 118052
130983 	  96511
130983 	  93163
130983 	 128397
130983 	  95573
130983 	 106302
130983 	 127533
130983 	 114621
130983 	  88333
130983 	  96738
130983 	 130780
130983 	  91848
130983 	 107934
130983 	   9967
 82246 	 106567
 93171 	 106567
 93171 	 117891
 93171 	 126869
114379 	  59539
114379 	 117976
114379 	  50275
114379 	   2986
131151 	   9595
131151 	 127102
131151 	   4793
131151 	 102380
131151 	 110641
131151 	 128397
131151 	 128844
131151 	 125052
131151 	   9967
131151 	 130983
126721 	  50275
126721 	  62372
126721 	  18307
126721 	  51213
102278 	  39337
 65408 	  94908
 65408 	 127102
 65408 	 130387
 65408 	 102380
 65408 	  39337
 65408 	 127242
 65408 	  97838
 65408 	 126040
 65408 	 128844
 65408 	 126200
 65408 	 105455
 65408 	   9967
 65408 	 130983
 65408 	 102278
 29716 	  82246
110268 	  82246
103813 	  62372
103813 	  18307
103813 	  29716
 85402 	 119680
 85402 	  15511
101160 	 117976
101160 	  62372
101160 	  29716
127649 	   4793
127649 	   9967
127649 	  82246
 95603 	   4793
 95603 	  39337
 95603 	 105455
 63310 	  62372
 63310 	  76155
 63310 	 127533
 63310 	  18307
 63310 	 130780
 63310 	  51213
 63310 	  29716
 63310 	 101280
 10217 	   9595
 10217 	   4793
 10217 	 110641
 10217 	 126869
 10217 	 105455
 10217 	 126626
 90147 	  50275
 66308 	 106567
 66308 	 100617
 66308 	 117891
 66308 	 119680
 66308 	 130665
 66308 	  80076
 66308 	 126869
 66308 	  75030
 66308 	 106302
 66308 	 126626
 91926 	  50275
 91926 	  62372
 91926 	  18307
 91926 	  29716
 95442 	  82246
  7012 	   9967
117081 	 106567
117081 	  88141
 92865 	  88141
 92865 	  91563
 92865 	  70752
 92865 	 101160
  5646 	  82246
 92250 	 113401
 92250 	  96511
 92250 	 119680
 92250 	 126869
 92250 	  96738
 92250 	  91848
 92250 	 101280
 92250 	 103813
 82503 	 100617
 82503 	 130387
 82503 	 102380
 82503 	 110641
 82503 	 126040
 82503 	 126626
 94332 	 114621
 94332 	  18307
 94332 	  96738
 94332 	  29716
 94332 	  95603
 69026 	  94908
 69026 	 102380
 69026 	 126869
 69026 	   9967
114535 	 106567
114535 	 113401
114535 	 118052
114535 	 130387
114535 	 102380
114535 	 117891
114535 	  39337
114535 	 117976
114535 	 110641
114535 	  50275
114535 	  91563
114535 	 205919
114535 	 126869
114535 	  95182
114535 	  52768
114535 	   2986
114535 	  80370
114535 	 126040
114535 	 127533
114535 	 110571
114535 	 107934
114535 	   9967
114535 	  82246
114535 	 126721
114535 	 101280
114535 	 110268
114535 	 103813
114535 	 127649
114535 	  82503
114535 	  31490
 96113 	  88141
 96113 	  59539
 96113 	  50275
 96113 	  82555
 96113 	  52768
 96113 	   2986
 96113 	  80370
 96113 	 105200
 96113 	  82246
 96113 	  51213
 96113 	 101160
 96113 	  94332
129859 	   9595
129859 	  82246
129859 	  10217
129859 	  96113
102078 	  59539
102078 	  39337
102078 	  52768
102078 	   2986
102078 	   5543
102078 	 105200
102078 	 109693
102078 	  29716
102078 	  91926
102078 	  94332
102078 	  96113
102503 	 106567
102503 	   4793
102503 	 117891
102503 	 126869
102503 	   9967
102503 	  96113
 51289 	  59539
 51289 	  50275
 51289 	  52768
 51289 	   2986
 94264 	 130387
 94264 	 129859
111407 	  82246
111407 	  82503
111407 	  96113
113290 	  94927
113290 	   4793
113290 	 119680
113290 	 106302
113290 	  85402
113290 	  96113
113290 	  94264
122840 	   9595
122840 	  88141
122840 	  59539
122840 	  91563
122840 	  78533
122840 	  52768
122840 	   2986
122840 	  62372
122840 	  75030
122840 	  15511
122840 	  18307
122840 	  28241
122840 	  82246
122840 	  29716
122840 	  63310
122840 	   5646
122840 	  82503
100909 	 102380
100909 	 126869
100909 	 100909
 65863 	 100617
 65863 	  94908
 65863 	 130387
 65863 	 102380
 65863 	 126869
 65863 	 126040
 65863 	 106205
 65863 	  99902
 65863 	 126626
 65863 	 131151
 65863 	 102503
 65863 	  94264
 65863 	 100909
 53672 	   4793
 53672 	 119680
 53672 	  80076
 53672 	  75030
108185 	  92753
108185 	  88141
108185 	  93163
108185 	  39079
108185 	  91563
108185 	  52768
108185 	   2986
108185 	 105200
108185 	  18307
108185 	 130780
108185 	 113027
108185 	  28241
108185 	 114379
108185 	 131151
108185 	  29716
108185 	  90147
108185 	  91926
108185 	  92865
108185 	  94332
108185 	 114535
108185 	 111407
108185 	  65863
108185 	  53672
 99477 	  75030
 99477 	   9967
 99477 	  82246
117951 	 100617
117951 	  75030
117951 	  99902
117951 	   9967
117951 	  82246
117951 	 102503
105970 	  18307
 75641 	 117976
 75641 	  91563
 75641 	   2986
 75641 	  82246
 75641 	  63310
129134 	 106567
129134 	  94927
129134 	  81305
129134 	 119680
129134 	  97838
129134 	  15511
129134 	   9967
129134 	  82246
129134 	  69026
 72459 	  52768
 72459 	   2986
 72459 	   5543
 72459 	  62372
 72459 	 105200
 72459 	  29716
 72459 	  53672
101510 	  94908
101510 	 128397
101510 	  96113
101510 	 100909
101510 	 129134
 44074 	  51213
 44074 	  29716
 44074 	  90147
127855 	  94908
127855 	 127102
127855 	 130387
127855 	   4793
127855 	 102380
127855 	 110641
127855 	  92014
127855 	 127242
127855 	 126869
127855 	  97838
127855 	 128844
127855 	 106205
127855 	  99902
127855 	 125052
127855 	 105455
127855 	 126626
127855 	 124999
127855 	 130983
127855 	  82246
127855 	 131151
127855 	 126721
127855 	 102278
127855 	 127649
127855 	  82503
127855 	  31490
127855 	 102503
127855 	  99477
116115 	  39337
116115 	  91563
116115 	  82246
116115 	 114379
116115 	 110268
116115 	  10217
116115 	 122840
127451 	  91563
127451 	  82246
127451 	  91926
127451 	  96113
130218 	  50275
130218 	  62372
130218 	  51213
130218 	  29716
130218 	  96113
130218 	 116115
  4363 	  88141
  4363 	 119680
  4363 	   9967
  4363 	 101160
  4363 	 122840
 85890 	  94908
 85890 	  39337
 85890 	 110641
 85890 	  92014
 85890 	 128397
 85890 	 106205
 85890 	  99902
 85890 	 125052
 85890 	 126200
 85890 	   9967
 85890 	 124999
 85890 	 129859
 85890 	  94264
 85890 	 100909
 85890 	 129134
 85890 	 101510
 31770 	   9595
 31770 	  82246
 31770 	  10217
119111 	   2986
119111 	  96113
119111 	 116115
119325 	  92753
119325 	  88141
119325 	  91563
119325 	   5543
119325 	  80370
119325 	 122840
129644 	  51213
129644 	  63310
129644 	  90147
129644 	 116115
 93950 	   4793
 93950 	   9967
 93950 	  99477
 58481 	 106567
 58481 	  94927
 58481 	 117891
 58481 	 119680
 58481 	   9967
 58481 	  99477
 70646 	   9595
 70646 	  82246
101544 	  62372
101544 	  18307
101544 	  51213
101544 	  29716
101544 	  96113
101544 	 116115
118363 	  50275
118363 	  62372
118363 	 105200
118363 	  18307
118363 	  28241
118363 	  51213
118363 	  29716
118363 	  95603
118363 	 114535
118363 	 111407
118363 	  65863
118363 	 105970
118363 	 116115
 67846 	  62372
 67846 	  29716
 67846 	 116115
100782 	  94927
100782 	 117976
100782 	  50275
100782 	 119680
100782 	 105200
100782 	  51213
100782 	  63310
100782 	  99477
100782 	 105970
100782 	 116115
100782 	  85890
 53106 	   4793
 53106 	  82246
 53106 	  10217
 53106 	  99477
105815 	  51213
105815 	  29716
105815 	  96113
105815 	 116115
129960 	  62372
129960 	 114621
129960 	  18307
129960 	  96738
129960 	  51213
129960 	  92865
129960 	  92250
129960 	 113290
129960 	 100909
129960 	 117951
129960 	 131017
129960 	 105815
 81306 	  10217
101892 	 106567
101892 	  94927
101892 	  96511
101892 	 130387
101892 	 102380
101892 	 117891
101892 	  39337
101892 	 110641
101892 	 119680
101892 	 130665
101892 	 126869
101892 	 126040
101892 	 106302
101892 	  88333
101892 	 126200
101892 	 126626
101892 	   9967
101892 	 131151
101892 	  92865
101892 	 129859
101892 	 102503
101892 	  94264
101892 	  99477
101892 	 101510
101892 	 130218
101892 	 129644
126216 	 117976
126216 	  50275
126216 	  91848
126216 	 116115
 85972 	  88141
 85972 	   5543
 85972 	 130780
 85972 	 105455
 85972 	  91926
 85972 	 126216
129434 	 126869
129434 	  99477
 94785 	   9595
 94785 	  82246
 94785 	  96113
115173 	  59539
115173 	  62372
115173 	  15511
115173 	  82246
115173 	  51213
115173 	  29716
115173 	  63310
115173 	  96113
115173 	  44074
115173 	 116115
115173 	  67362
104295 	  15511
124419 	  39337
124419 	  91563
124419 	   5543
124419 	  80370
124419 	  91926
124419 	  96113
124419 	 126216
128492 	  51213
128492 	  29716
128492 	  96113
128492 	 116115
 91637 	  62372
 91637 	  18307
 91637 	  29716
 91637 	  90147
 91637 	  96113
 91637 	 116115
102383 	   4793
102383 	 100909
  2332 	  39337
  2332 	   9967
  2332 	  82246
  2332 	 126721
  2332 	  85402
  2332 	  82503
  2332 	  96113
122251 	  94908
122251 	   9967
122251 	 110268
122251 	 101160
122251 	 122840
122251 	 100909
122251 	  53106
122251 	 104295
122251 	 124419
 68681 	  94927
 68681 	 117976
 68681 	  76155
 68681 	   9967
 68681 	  51213
 68681 	 103813
 68681 	  63310
 68681 	 113290
 68681 	  99477
 68681 	 105970
 68681 	  85890
 68681 	 105815
 68681 	 129434
 68681 	 128492
 68681 	  68681
125161 	 106567
125161 	   4793
125161 	 117891
125161 	 119680
125161 	 126869
125161 	   9967
125161 	  99477
 52894 	 127102
 52894 	 102380
 52894 	  39337
 52894 	 126869
 52894 	 126040
 52894 	 128844
 52894 	 129131
 52894 	 126200
 52894 	 130983
 52894 	 126721
 52894 	 102278
 52894 	  95442
 52894 	  82503
 52894 	 129859
 52894 	 127855
 52894 	   4363
 52894 	 118363
 52894 	  67846
 52894 	 100782
 52894 	  53106
 52894 	 129960
 52894 	 130986
 52894 	 125161
105733 	  94908
105733 	   4793
105733 	  39337
105733 	 110641
105733 	 128397
105733 	 126040
105733 	 106205
105733 	 125052
105733 	 126200
105733 	   9967
105733 	 124999
105733 	 131151
105733 	  96113
105733 	 129859
105733 	 100909
105733 	 129134
105733 	 104295
103296 	  10217
  2911 	 105455
  2911 	  10217
 16479 	  39337
 16479 	  95573
 16479 	  62372
 16479 	  18307
 16479 	  96738
 16479 	  51213
 16479 	  29716
 16479 	  95603
 16479 	  90147
 16479 	  96113
 16479 	 117951
 16479 	 105970
 16479 	 105815
 16479 	 101892
 65887 	  52768
 65887 	 105200
 65887 	 114621
 65887 	  29716
 36327 	   9967
 36327 	  82246
 36327 	  10217
 36327 	  82503
 36327 	  96113
130217 	   2986
130217 	  96113
130217 	 116115
119311 	  50275
119311 	  62372
119311 	  51213
119311 	  29716
119311 	 116115
119311 	 105733
128762 	   5543
125839 	 113401
125839 	  94908
125839 	  94927
125839 	  96511
125839 	 130387
125839 	 117891
125839 	 119680
125839 	 126869
125839 	  95182
125839 	 126040
125839 	  62372
125839 	 127533
125839 	  18307
125839 	  96738
125839 	  91848
125839 	 126626
125839 	  29716
125839 	 103813
125839 	  63310
125839 	 102078
125839 	 113290
125839 	  99477
125839 	 117951
125839 	 116115
125839 	 127451
125839 	 128492
125839 	 122251
125839 	 105733
125839 	  72992
125839 	  16479
125839 	 130217
 43129 	 130387
 43129 	 102380
 43129 	  92014
 43129 	 128397
 43129 	 126869
 43129 	  97838
 43129 	 126040
 43129 	  75030
 43129 	 106205
 43129 	 125052
 43129 	 126200
 43129 	 105455
 43129 	 124999
 43129 	 126721
 43129 	 102278
 43129 	  95442
 43129 	 129859
 43129 	  94264
 43129 	 129134
 43129 	 127855
 43129 	 119325
 43129 	  93950
 43129 	 118363
 43129 	 100782
 43129 	 129960
 43129 	 102383
 43129 	 119311
 77153 	   9595
 77153 	  88141
 77153 	  59539
 77153 	   2986
 77153 	  62372
 77153 	  18307
 77153 	  96113
 77153 	  67362
 77153 	 103296
124080 	  94908
124080 	   4793
124080 	 102380
124080 	   9967
124080 	 100909
124080 	  99477
  8179 	  39337
  8179 	 114379
  8179 	 122840
  8179 	  52894
109370 	  59539
109370 	   2986
109370 	  95603
109370 	   5103
  2622 	 106567
  2622 	  82246
  2622 	 122840
  2622 	  99477
 97207 	 100617
 97207 	 130387
 97207 	   4793
 97207 	 126040
 97207 	  75030
 97207 	  99902
 97207 	   9967
 97207 	 126721
 97207 	  65887
 97207 	  36327
 97207 	   2622
116522 	 100617
116522 	  94908
116522 	 130387
116522 	 110641
116522 	 126869
116522 	  97838
116522 	 106205
116522 	  99902
116522 	 125052
116522 	 126626
116522 	   9967
116522 	 124999
116522 	 131151
116522 	 102503
116522 	  94264
116522 	  99477
116522 	 101510
116522 	  91637
116522 	 102383
116522 	  36327
116522 	 124080
  5133 	   4793
  5133 	 100909
  5133 	  53106
  5133 	  65887
  5133 	  43129
 51513 	 117891
 51513 	   9967
 91880 	  59539
 91880 	   2986
 91880 	  82246
 91880 	  51213
 91880 	  29716
 91880 	  63310
 91880 	  90147
 91880 	  96113
 91880 	 116115
 91880 	  67362
 91880 	 103296
 91880 	   5103
101463 	  94927
101463 	 117891
101463 	 126869
101463 	  31490
101463 	 129859
101463 	  99477
108127 	 117891
108127 	 126869
108127 	   9967
108127 	  99477
108127 	 129644
120065 	  62372
120065 	  18307
120065 	 125161
 95336 	  94908
 95336 	   4793
 95336 	 126869
 95336 	  97838
 95336 	 106205
 95336 	 126626
 95336 	 131151
 95336 	  94264
 95336 	  93950
 95336 	 100782
 95336 	  81306
 95336 	  65887
 95336 	  43129
114673 	 113401
114673 	  88141
114673 	 118052
114673 	  93163
114673 	   5543
114673 	  62372
114673 	 114621
114673 	 109693
114673 	 122022
114673 	  18307
114673 	  96738
114673 	  29716
114673 	 101160
114673 	 117081
114673 	  92250
114673 	 113290
114673 	 100909
114673 	 108185
114673 	 117951
114673 	 131017
114673 	 101544
114673 	  53106
114673 	 104295
114673 	 125161
114673 	  97207
114673 	 103133
107568 	 126216
 96012 	  88141
 96012 	  93163
 96012 	  39079
 96012 	  91563
 96012 	  80370
 96012 	  70752
 96012 	 130780
 96012 	 105455
 96012 	 113027
 96012 	  82246
 96012 	  91926
 96012 	  82503
 96012 	  51289
 96012 	  93950
 96012 	  70646
 96012 	  52894
 96012 	  43129
111666 	   9595
111666 	   9967
111666 	  82246
111666 	  10217
111666 	  82503
111666 	  43129
125990 	  39337
125990 	  91563
125990 	   5543
125990 	  82246
125990 	  91926
125990 	  51289
125990 	  70646
125990 	  52894
125990 	  43129
125990 	 120065
129208 	  50275
129208 	  91563
129208 	  82555
129208 	  52768
129208 	   2986
129208 	   5543
129208 	  80370
129208 	  62372
129208 	 105200
129208 	 114621
129208 	   8980
129208 	  29716
129208 	  94332
129208 	 114535
129208 	 111407
129208 	 116115
129208 	  94785
129208 	   8179
129208 	 116522
129208 	   5133
129208 	 108127
 98252 	  96113
 98252 	  68681
 73957 	   9595
 73957 	 105455
 73957 	  82246
 73957 	  82503
 73957 	  96113
 73957 	  53106
 73957 	  43129
118768 	 102380
118768 	 126869
118768 	  96113
118768 	 100909
118768 	  99477
 85142 	 114621
 85142 	  18307
 85142 	  51213
 85142 	 129134
 85142 	 101544
 85142 	 105815
 85142 	 115173
 69633 	  85402
 69633 	  96113
 69633 	 131017
 69633 	  52894
 69633 	 108127
128974 	 100617
128974 	 130387
128974 	 110641
128974 	 126869
128974 	  97838
128974 	 106205
128974 	  99902
128974 	 126626
128974 	 102278
128974 	  95442
128974 	 102503
128974 	  94264
128974 	  99477
128974 	 101510
128974 	 118363
128974 	  67846
128974 	 100782
128974 	 102383
128974 	  98252
 79310 	 106567
 79310 	   4793
 79310 	 117891
 79310 	 119680
 79310 	  99477
 79310 	 129644
 79310 	 128492
 79310 	 111666
101365 	   9595
101365 	  94908
101365 	 102380
101365 	 127242
101365 	  97838
101365 	  75030
101365 	 105455
101365 	 102278
101365 	  95442
101365 	  94264
101365 	 100909
101365 	 101510
101365 	  93950
101365 	  67846
101365 	 129960
101365 	 104295
101365 	 128762
101365 	 124080
101365 	 103133
101365 	  69633
  3208 	  39337
 79768 	  82246
 79768 	 126216
 79768 	  68681
 79768 	 107568
 99159 	  39337
 99159 	   9967
 99159 	 131151
 99159 	  96113
 99159 	 100909
 99159 	  93950
 65192 	  96113
 65192 	 107568
122945 	  93163
122945 	  91563
122945 	   8980
119617 	   4793
119617 	  82246
119617 	  10217
119617 	 107568
107458 	  59539
107458 	  50275
107458 	  91563
107458 	  52768
107458 	   2986
107458 	   5543
107458 	 105200
107458 	  29716
107458 	  94332
107458 	  96113
107458 	  53672
107458 	 116115
107458 	 126216
107458 	 105733
107458 	   5133
107458 	  79310
 99455 	 127102
 99455 	   4793
 99455 	  39337
 99455 	  92014
 99455 	 127242
 99455 	  75030
 99455 	 128844
 99455 	 106205
 99455 	 129131
 99455 	   9967
 99455 	 130983
 99455 	 126721
 99455 	  10217
 99455 	 102503
 99455 	  94264
 99455 	  53106
 99455 	  81306
 99455 	 102383
 99455 	  36327
 99455 	 128762
 99455 	   2622
 99455 	 101463
 99455 	  69633
101673 	  39337
101673 	  96113
101673 	 108127
 96900 	 117891
 96900 	  39337
 96900 	  96113
 96900 	 129644
 96900 	 126216
 96900 	  52894
 96900 	  98252
114259 	  59539
114259 	   2986
114259 	  94332
114259 	 116115
114259 	  67362
114259 	 126216
114259 	 105733
114259 	 103296
114259 	   5133
114259 	 114673
114259 	 107568
114259 	   3208
102481 	  82246
119112 	  39337
119112 	  62372
119112 	  18307
119112 	  51213
119112 	  29716
119112 	  63310
119112 	  68681
119112 	 105733
119112 	  72992
119112 	  16479
119112 	  76449
119112 	 107568
119112 	   3208
  2524 	 102380
  2524 	 126869
  2524 	 105455
  2524 	 129859
  2524 	 100909
 37464 	   9595
 37464 	  92014
 37464 	  99477
 37464 	  69633
 93866 	  94908
 93866 	 130387
 93866 	  39337
 93866 	 126869
 93866 	 126040
 93866 	 125052
 93866 	 126200
 93866 	 124999
 93866 	  94264
 93866 	  99477
 93866 	  93950
 93866 	 104295
 93866 	 124080
 93866 	 103133
108273 	 102380
108273 	 126869
108273 	 126626
108273 	 129859
108273 	 100909
108273 	  99477
  2996 	  50275
  2996 	  51213
  2996 	  29716
  2996 	  96113
  2996 	 105733
  2996 	 116522
  2996 	 101673
115606 	 100617
115606 	   4793
115606 	 126869
115606 	  75030
115606 	   9967
115606 	  82246
115606 	 102278
115606 	  31490
115606 	  96113
115606 	  99477
115606 	 125161
115606 	  65887
115606 	  98252
120998 	   9595
120998 	  94908
120998 	 127102
120998 	 102380
120998 	  39337
120998 	  97838
120998 	 128844
120998 	  99902
120998 	   9967
120998 	 130983
120998 	 126721
120998 	 102278
120998 	  85402
120998 	 127649
120998 	  10217
120998 	  95442
120998 	 129859
120998 	 102503
120998 	 100909
120998 	  99477
120998 	  75641
120998 	 127855
120998 	  67846
120998 	  81306
120998 	 104295
120998 	  65887
120998 	 128762
120998 	  43129
120998 	 124080
120998 	 101463
120998 	  95336
120998 	 107568
120998 	  98252
120998 	  69633
120998 	   2524
 15972 	  82246
 15972 	  82503
 15972 	  96113
 15972 	  75641
 15972 	  43129
110588 	 106567
110588 	 113401
110588 	 117976
110588 	  18307
110588 	  96738
110588 	  29716
110588 	 103813
110588 	  63310
110588 	 129859
110588 	 116115
110588 	 129644
110588 	  72992
110588 	 129208
110588 	  98252
110588 	 118768
110588 	   3208
110588 	 101673
110588 	  15972
 92527 	  59539
 92527 	  62372
 92527 	  15511
 92527 	  82246
 92527 	  51213
 92527 	  29716
 92527 	  63310
 92527 	  96113
 92527 	  44074
 92527 	 116115
 92527 	  67362
 92527 	  68681
 92527 	 103296
 92527 	 107568
 92527 	  69633
 92527 	   3208
 92527 	 108273
101749 	 100617
101749 	 126869
101749 	  75030
101749 	  66388
101749 	  66308
101749 	  96113
101749 	  67846
101749 	  53106
108174 	  39337
108174 	 119680
108174 	 114379
108174 	  96113
  2251 	  50275
  2251 	 116522
  2251 	  79310
  2251 	   3208
  2251 	  15972
 75566 	  50275
 75566 	 114621
 75566 	  96738
 75566 	 105970
 75566 	   3208
 75566 	 101673
 52224 	   9595
 52224 	  59539
 52224 	   4793
 52224 	   2986
 52224 	  62372
 52224 	  18307
 52224 	 105455
 52224 	   9967
 52224 	  82246
 52224 	  29716
 52224 	 114535
 52224 	  96113
 52224 	  53672
 52224 	  44074
 52224 	  67362
 52224 	 103296
 52224 	   8179
 52224 	   5133
 52224 	   3208
 52224 	  37464
 52224 	 108273
 52224 	  15972
103677 	  88141
103677 	  91563
103677 	   5543
103677 	 113027
103677 	  93171
103677 	 114379
103677 	  91926
103677 	  96113
103677 	  51289
103677 	 122840
103677 	 126216
103677 	  43129
103677 	 120065
122600 	 117891
122600 	  93163
122600 	  70752
122600 	 126626
122600 	 114379
122600 	 111666
  1531 	  18307
 62649 	   9595
 62649 	   4793
 62649 	 110641
 62649 	 126869
 62649 	 105455
 62649 	 126626
 62649 	  99477
 62649 	 103133
 62649 	  98252
 90137 	 117891
 90137 	  39337
 90137 	  39079
 90137 	  80370
 90137 	  75030
 90137 	  15511
 90137 	  88333
 90137 	  82246
 90137 	 114379
 90137 	  91926
 90137 	  95442
 90137 	  82503
 90137 	  96113
 90137 	  51289
 90137 	 122840
 90137 	  70646
 90137 	 126216
 90137 	 128492
 90137 	  52894
 90137 	   2622
 90137 	 120065
 90137 	 101365
 90137 	   2524
 90137 	  92527
 90137 	  52224
 94602 	 100617
 94602 	 113401
 94602 	  92753
 94602 	  94927
 94602 	  88141
 94602 	 127102
 94602 	 118052
 94602 	 130387
 94602 	 102380
 94602 	 117891
 94602 	 117976
 94602 	 110641
 94602 	  50275
 94602 	  93163
 94602 	 119680
 94602 	  92014
 94602 	  39079
 94602 	 128397
 94602 	  91563
 94602 	 130665
 94602 	 205919
 94602 	 127242
 94602 	 126869
 94602 	  97838
 94602 	  82555
 94602 	  52768
 94602 	   2986
 94602 	   5543
 94602 	 126040
 94602 	  62372
 94602 	  75030
 94602 	 106302
 94602 	 128844
 94602 	 106205
 94602 	 110571
 94602 	 114621
 94602 	 109693
 94602 	  99902
 94602 	  18307
 94602 	  96738
 94602 	  70752
 94602 	   8980
 94602 	 130780
 94602 	  91848
 94602 	 125052
 94602 	 107934
 94602 	 129131
 94602 	 131018
 94602 	 126200
 94602 	 126626
 94602 	 113027
 94602 	 124999
 94602 	  28241
 94602 	 130983
 94602 	  93171
 94602 	 114379
 94602 	 131151
 94602 	 102278
 94602 	  29716
 94602 	 127649
 94602 	  10217
 94602 	  66308
 94602 	  95442
 94602 	   7012
 94602 	 117081
 94602 	  92865
 94602 	  92250
 94602 	  82503
 94602 	 114535
 94602 	 102078
 94602 	 102503
 94602 	  94264
 94602 	 111407
 94602 	  53672
 94602 	  99477
 94602 	 117951
 94602 	 105970
 94602 	 131017
 94602 	 101510
 94602 	  44074
 94602 	 127855
 94602 	 116115
 94602 	 127451
 94602 	 130218
 94602 	   4363
 94602 	 119111
 94602 	 119325
 94602 	 129644
 94602 	  93950
 94602 	  58481
 94602 	 101544
 94602 	 118363
 94602 	 100782
 94602 	 105815
 94602 	 129960
 94602 	 130986
 94602 	  85972
 94602 	 129434
 94602 	 104295
 94602 	 128492
 94602 	  91637
 94602 	 102383
 94602 	 122251
 94602 	 125161
 94602 	 105733
 94602 	  72992
 94602 	  16479
 94602 	  65887
 94602 	  36327
 94602 	 119311
 94602 	 128762
 94602 	 125839
 94602 	   5103
 94602 	 109370
 94602 	  97207
 94602 	 103133
 94602 	 101463
 94602 	 108127
 94602 	 129208
 94602 	  98252
 94602 	 118768
 94602 	  85142
 94602 	 128974
 94602 	  79310
 94602 	  10274
 94602 	  66221
 94602 	  99455
 94602 	 101673
 94602 	 114259
 94602 	 102481
 94602 	 119112
 94602 	   2524
 94602 	  37464
 94602 	 108273
 94602 	 115606
 94602 	  15972
 94602 	 101749
 94602 	 108174
 94602 	   2251
 94602 	  52224
 94602 	 122600
 94602 	   1531
 94602 	  94602
 82318 	  81305
 82318 	 205919
 82318 	  69633
 82318 	  10274
 64266 	 106567
 64266 	  50275
 64266 	  29716
 64266 	  96113
 64266 	 116522
 64266 	   5133
 64266 	 114673
 64266 	   3208
 64266 	 108273
 58632 	   9595
 58632 	  88141
 58632 	  59539
 58632 	 119680
 58632 	  82555
 58632 	   2986
 58632 	  15511
 58632 	  51213
 58632 	  91926
 58632 	  96113
 58632 	  53672
 58632 	 117951
 58632 	 116115
 58632 	  85890
 58632 	  67362
 58632 	 126216
 58632 	  68681
 58632 	 105733
 58632 	 103296
 58632 	 116522
 58632 	 107568
 58632 	  69633
 58632 	 108273
 58632 	   2251
 83275 	  50275
 83275 	  51213
 83275 	 116115
 83275 	  82318
 62268 	  59539
 62268 	  62372
 62268 	  82246
 62268 	  29716
 62268 	  63310
 62268 	  96113
 62268 	 116115
 62268 	  67362
 62268 	  81306
 62268 	 126216
 62268 	  68681
 62268 	 103296
 62268 	 107568
 62268 	   3208
 62268 	 108273
115220 	 100617
115220 	  80076
115220 	  66388
115220 	   9967
115220 	 102278
115220 	 129859
115220 	  99477
115220 	  72459
115220 	  51513
107489 	 117976
107489 	  50275
107489 	  91563
107489 	  91848
107489 	  29716
107489 	  96113
107489 	   5133
107489 	   3208
107489 	  66221
107489 	 108273
 58416 	   4793
 58416 	 119680
 58416 	 129644
 58416 	 111666
 58416 	 129208
 58416 	  82318
 52786 	  62372
 52786 	  76155
 52786 	 114621
 52786 	  18307
 52786 	  96738
 52786 	  51213
 52786 	  92250
 52786 	 113290
 52786 	 100909
 52786 	 131017
 52786 	 105815
 52786 	 104295
 52786 	 114673
 52786 	  99159
 52786 	 107458
 52786 	 101673
 52786 	  93866
 52786 	  15972
 52786 	 101749
 16404 	   9595
 16404 	  96113
 16404 	 107568
117884 	 102380
117884 	 126869
117884 	 106205
117884 	  99902
117884 	 100909
117884 	 101510
117884 	   2622
117884 	  99455
117884 	  82318
105413 	   5543
105413 	  91926
105413 	 126216
105413 	  82318
124477 	  64266
 81262 	 100617
 81262 	 128397
 81262 	  97838
 81262 	 102503
 81262 	  99477
 81262 	 102383
 81262 	  98252
 81262 	  99455
 81262 	  83275
 81262 	  62268
 48486 	 102380
 48486 	  92014
 48486 	 128397
 48486 	 106205
 48486 	  99902
 48486 	 126626
 48486 	 131151
 48486 	  96113
 48486 	 129859
 48486 	 102503
 48486 	  94264
 48486 	 100909
 48486 	  99477
 48486 	 129134
 48486 	 101510
 48486 	  36327
 48486 	   2622
 48486 	  51513
 48486 	  98252
 48486 	  99455
 48486 	  82318
 48486 	  83275
 37931 	  62372
 37931 	  18307
 37931 	  29716
 37931 	  90147
 37931 	 116115
 37931 	 105733
 37931 	   5103
 37931 	 114673
 37931 	  15972
 37931 	  90137
 37931 	  82318
101648 	 113401
101648 	   4793
101648 	  39337
101648 	 117976
101648 	  93163
101648 	  91848
101648 	 107934
101648 	  51213
101648 	 103813
101648 	  95603
101648 	  63310
101648 	  90147
101648 	   5646
101648 	  96113
101648 	 113290
101648 	 131017
101648 	 130218
101648 	 105815
101648 	 101892
101648 	  68681
101648 	 116522
101648 	 114673
101648 	 118768
101648 	  79310
101648 	  93866
101648 	  90137
101648 	  83275
111297 	  82246
111297 	 107568
111297 	  16404
127221 	  59539
127221 	   2986
127221 	  82246
127221 	  29716
127221 	  63310
127221 	  96113
127221 	  44074
127221 	  67362
127221 	 126216
127221 	  68681
127221 	 105733
127221 	 103296
127221 	   5103
127221 	   3208
127221 	 108273
127221 	  82318
106697 	   4793
106697 	 100909
106697 	  53106
106697 	  65887
106697 	  43129
106697 	   2524
 74286 	 100617
 74286 	 102380
 74286 	 128397
 74286 	 126869
 74286 	  99902
 74286 	 126200
 74286 	 124999
 74286 	 131151
 74286 	 129859
 74286 	  91637
 74286 	  99455
 74286 	  62268
 74286 	 101648
 74286 	 106697
 27623 	  82318
 34379 	  88141
 34379 	  82246
 34379 	  91926
 34379 	 122840
 34379 	 126216
 34379 	  43129
 34379 	 107568
 34379 	  82318
 95781 	  82246
 95781 	 107568
 95781 	 111297
124177 	   4793
124177 	   9967
124177 	  99477
124177 	 107568
116898 	 106567
116898 	  94908
116898 	  94927
116898 	  96511
116898 	 117891
116898 	 205919
116898 	  95182
116898 	 127533
116898 	   9967
116898 	 101280
116898 	 103813
116898 	  63310
116898 	  10217
116898 	  31490
116898 	  99477
116898 	  44074
116898 	 129644
116898 	  67846
116898 	 129434
116898 	 122251
116898 	 125161
116898 	 130217
116898 	 111666
116898 	 125990
116898 	  98252
116898 	 128974
116898 	   3208
116898 	  66221
116898 	  96900
116898 	 114259
116898 	 110588
116898 	   2251
116898 	 103677
100142 	  50275
100142 	  95603
100142 	 116115
100142 	 125161
100142 	 116522
100142 	  79310
100142 	 101673
100142 	  94602
100142 	  82318
 51767 	 106567
 51767 	  96511
 51767 	 117976
 51767 	 126869
 51767 	  62372
 51767 	  18307
 51767 	   9967
 51767 	  29716
 51767 	  63310
 51767 	 129859
 51767 	  85890
 51767 	 105733
 51767 	  72992
 51767 	  76449
 51767 	 111666
 51767 	 101673
 51767 	  15972
 51767 	  94602
 51767 	  74286
 74885 	 106567
 74885 	   5543
 74885 	  82246
 74885 	 122840
 74885 	 129644
 74885 	 126216
 74885 	 114259
 74885 	   2251
 74885 	  94602
 74885 	  82318
105156 	   9595
105156 	   4793
105156 	  92014
105156 	 126869
105156 	 126040
105156 	  82246
105156 	 126721
105156 	  10217
105156 	  66308
105156 	  82503
105156 	  31490
105156 	  93950
105156 	  81306
105156 	  69633
105156 	  16404
105156 	  51767
119717 	  91563
119717 	   5543
119717 	 126216
119717 	  82318
 95409 	  82246
 95409 	  10217
 95409 	  82503
 95409 	  43129
 95409 	 100142
124225 	  96113
124225 	 126216
124225 	  82318
 99213 	 126216
 99213 	  82318
 98469 	  75030
 98469 	   9967
 98469 	  85402
 98469 	  85890
 98469 	  68681
119685 	  96511
119685 	 117891
119685 	 126869
119685 	 100909
119685 	 129644
119685 	 126216
119685 	 129434
119685 	 128492
119685 	 111666
119685 	 129208
119685 	  98252
119685 	 119617
119685 	 122600
119685 	  94602
119685 	  82318
121308 	  92753
121308 	  59539
121308 	   4793
121308 	  39079
121308 	  91563
121308 	  78533
121308 	   2986
121308 	   5543
121308 	  80370
121308 	 105200
121308 	 109693
121308 	 122022
121308 	 130780
121308 	 113027
121308 	  28241
121308 	 114379
121308 	 110268
121308 	  90147
121308 	  91926
121308 	  82503
121308 	  94332
121308 	 114535
121308 	 111407
121308 	  65863
121308 	 116115
121308 	  67362
121308 	  93950
121308 	  58481
121308 	  70646
121308 	  53106
121308 	 105815
121308 	 126216
121308 	 130986
121308 	  94785
121308 	   2332
121308 	  52894
121308 	  43129
121308 	   5103
121308 	   8179
121308 	   5133
121308 	  76449
121308 	 114673
121308 	  79310
121308 	 101365
121308 	   3208
121308 	  93866
121308 	 108273
121308 	   2996
121308 	 120998
121308 	  90137
121308 	  82318
121308 	  52786
121308 	 105413
121308 	  48486
121308 	  37931
121308 	  74286
121308 	  65782
121308 	 100142
121308 	  28201
121308 	 121308
128471 	  62372
128471 	  18307
128471 	  15972
 77148 	   9595
 77148 	 127102
 77148 	  80076
 77148 	 128844
 77148 	   9967
 77148 	 130983
 77148 	  82246
 77148 	  85402
 77148 	  10217
 77148 	  66308
 77148 	  94264
 77148 	 101510
 77148 	  36327
 77148 	 107568
 77148 	  69633
 77148 	 115606
 77148 	  92527
 77148 	 100142
 96223 	  39337
 96223 	  82318
 96223 	  64266
 96223 	 100142
 70314 	 100617
 70314 	  94908
 70314 	 130387
 70314 	 102380
 70314 	 128397
 70314 	 126869
 70314 	 126040
 70314 	 106205
 70314 	  99902
 70314 	 125052
 70314 	 126200
 70314 	 126626
 70314 	 124999
 70314 	 102503
 70314 	  94264
 70314 	 100909
 70314 	 101510
 70314 	   2622
 70314 	 103133
 70314 	  99455
 70314 	 103677
 70314 	 106697
 70314 	 128471
  3715 	  91563
  3715 	 126216
  3715 	  82318
115258 	 106567
115258 	  68681
115258 	  94602
 87759 	   5543
 87759 	 122840
 87759 	 126216
 87759 	  82318
126248 	  59539
126248 	   2986
126248 	  62372
126248 	  82246
126248 	  29716
126248 	  63310
126248 	  96113
126248 	  67362
126248 	 126216
126248 	  68681
126248 	 105733
126248 	 103296
126248 	   5103
126248 	   3208
126248 	 108273
126248 	  82318
126248 	  27623
126248 	   3715
102995 	  82246
102995 	  10217
102995 	  82503
102995 	  96113
102995 	  43129
102995 	  82318
102995 	 100142
120346 	   9595
120346 	  91563
120346 	  82246
120346 	 126216
120346 	  82318
118432 	   4793
118432 	 102380
118432 	   9967
118432 	  99477
118432 	 128471
  2267 	 100617
  2267 	 102380
  2267 	 126869
  2267 	 126040
  2267 	 106205
  2267 	  99902
  2267 	 126626
  2267 	  96113
  2267 	 129859
  2267 	  94264
  2267 	  99477
  2267 	   2622
  2267 	  98252
  2267 	  99455
  2267 	 128471
   514 	  88141
   514 	  95573
   514 	  80370
   514 	  62372
   514 	 114621
   514 	  18307
   514 	  51213
   514 	  10217
   514 	  90147
   514 	  94332
   514 	 122840
   514 	 108185
   514 	 131017
   514 	 105815
   514 	 101892
   514 	  43129
   514 	   8179
   514 	  91880
   514 	 114673
   514 	 101365
   514 	   3208
   514 	  15972
   514 	   1531
   514 	  90137
   514 	  65782
   514 	  28201
   514 	  96223
   514 	   2267
 82463 	  88141
 82463 	  39337
 82463 	  82555
 82463 	  52768
 82463 	   2986
 82463 	 105200
 82463 	  91848
 82463 	  28241
 82463 	  82246
 82463 	  63310
 82463 	  90147
 82463 	  94332
 82463 	 114535
 82463 	  96113
 82463 	  51289
 82463 	 122840
 82463 	  65863
 82463 	  53672
 82463 	 131017
 82463 	  44074
 82463 	 116115
 82463 	  53106
 82463 	 126216
 82463 	  94785
 82463 	  52894
 82463 	 105733
 82463 	 103296
 82463 	  72992
 82463 	  16479
 82463 	  43129
 82463 	   5103
 82463 	 120065
 82463 	  85142
 82463 	  79310
 82463 	   3208
 82463 	  37464
 82463 	 108273
 82463 	   2996
 82463 	 120998
 82463 	 108174
 82463 	   1531
 82463 	  90137
 82463 	  82318
 82463 	 105413
 82463 	  48486
 82463 	  37931
 82463 	  27623
 82463 	 121308
 82463 	   3715
 82463 	    514
115465 	 100617
115465 	   4793
115465 	   9967
115465 	  31490
115465 	  96113
115465 	  67846
115465 	  65887
115465 	  98252
115465 	  82318
115465 	 111297
107890 	   4793
107890 	  80076
107890 	 126869
107890 	   9967
107890 	  82246
107890 	  31490
107890 	 129859
107890 	  99477
107890 	  65887
107890 	   2524
 95790 	  69026
 95790 	  82318
 95790 	 128471
 95350 	   5543
 95350 	  91926
 95350 	 122840
 95350 	 126216
 95350 	 120065
 95350 	  82318
 95350 	 111297
101486 	  88141
101486 	   5543
101486 	  82246
101486 	  96113
101486 	 122840
101486 	 126216
101486 	  82318
101809 	  64266
 48728 	 100617
 48728 	  94908
 48728 	 130387
 48728 	 110641
 48728 	  92014
 48728 	 126040
 48728 	 106205
 48728 	  99902
 48728 	 125052
 48728 	 126200
 48728 	 126626
 48728 	 124999
 48728 	 131151
 48728 	 127649
 48728 	  66308
 48728 	  95442
 48728 	 129859
 48728 	  94264
 48728 	  99477
 48728 	   4363
 48728 	  67846
 48728 	  53106
 48728 	  91637
 48728 	  43129
 48728 	   2622
 48728 	 103133
 48728 	 102481
 48728 	 115606
 48728 	  92527
 48728 	  75566
 48728 	  52224
 48728 	 103677
 48728 	  83275
 48728 	  62268
 48728 	 111297
 48728 	  51767
 48728 	  28201
 48728 	 128471
109399 	  10217
109399 	  43129
109399 	   2524
109399 	  82318
109399 	 111297
109399 	  28201
 86335 	  10217
 86335 	  43129
 86335 	 111297
 61797 	  82246
 61797 	  91926
 61797 	  96113
 61797 	 122840
 61797 	 126216
 61797 	  82318
 95513 	 106567
 95513 	   5646
 95513 	 129644
 95513 	 107568
 94015 	 100617
 94015 	  94927
 94015 	  96511
 94015 	 119680
 94015 	 130665
 94015 	 126626
 94015 	   9967
 94015 	 128492
 94015 	 119617
 94015 	  75566
 94015 	  82318
 94015 	  83275
117213 	 102380
117213 	 126869
117213 	  99477
117213 	 101510
117213 	 128471
117213 	 115465
 94005 	   4793
 94005 	   9967
 94005 	  82246
 94005 	  65887
 94005 	 111297
123976 	  88141
123976 	  59539
123976 	  81305
123976 	  52768
123976 	   2986
123976 	  91848
123976 	  82246
123976 	  29716
123976 	 103813
123976 	  63310
123976 	  94332
123976 	  99477
123976 	 116115
123976 	 105733
123976 	 103296
123976 	  72992
123976 	 116522
123976 	   5133
123976 	  76449
123976 	  79310
123976 	   3208
123976 	  79768
123976 	 108273
123976 	 108174
123976 	  82318
123976 	  37931
123976 	  74286
123976 	   3715
123976 	    514
123976 	 109399
123976 	  86335
123976 	  61797
 18023 	  39337
 18023 	  82555
 18023 	   5543
 18023 	  62372
 18023 	 105200
 18023 	  18307
 18023 	 113027
 18023 	 114379
 18023 	  29716
 18023 	  95603
 18023 	  92250
 18023 	 114535
 18023 	 100909
 18023 	  65863
 18023 	 105970
 18023 	 131017
 18023 	 105815
 18023 	 116522
 18023 	   3208
 18023 	 101673
 18023 	 120998
 18023 	  15972
 18023 	  82318
 18023 	 107489
 18023 	 100142
 18023 	 105156
 18023 	  95790
 18023 	  94005
 65978 	  82246
 65978 	  10217
 65978 	  82503
 65978 	  96113
 65978 	 100142
129747 	   9595
129747 	  82246
129747 	  10217
129747 	  82503
129747 	  81306
129747 	  36327
129747 	  43129
129747 	 100142
117950 	 106567
117950 	 117891
117950 	 126869
117950 	  99477
117950 	 129434
117950 	 128492
117950 	 111666
117950 	 129208
117950 	  94602
117950 	 128471
117950 	 115465
117950 	 101486
109086 	   4793
109086 	 100909
109086 	  53106
109086 	  65887
109086 	  43129
109086 	   2524
109086 	  28201
109086 	 128471
 76438 	  39337
 76438 	   5543
 76438 	  62372
 76438 	  18307
 76438 	  29716
 76438 	 116115
 76438 	   5133
 76438 	  79310
 76438 	  15972
 76438 	  82318
 76438 	 105413
122891 	   9595
122891 	  94908
122891 	 102380
122891 	  39337
122891 	 126869
122891 	  97838
122891 	 105455
122891 	  85402
122891 	  10217
122891 	  31490
122891 	 129859
122891 	 100909
122891 	  75641
122891 	 101510
122891 	 127855
122891 	  67846
122891 	  81306
122891 	  91637
122891 	  65887
122891 	 128762
122891 	  43129
122891 	   2622
122891 	 101463
122891 	  95336
122891 	 107568
122891 	  98252
122891 	  69633
122891 	   2524
122891 	  92527
122891 	  75566
122891 	 103677
122891 	  62649
122891 	  82318
122891 	  62268
122891 	  16404
122891 	 101648
122891 	 106697
122891 	  28201
122891 	 102995
122891 	  82463
122891 	  18023
122891 	  65978
122891 	 122891
 79171 	  68681
 79171 	 107568
124881 	  59539
124881 	 117976
124881 	  51213
124881 	  29716
124881 	  96113
124881 	 122840
124881 	 116115
124881 	  68681
124881 	 105733
124881 	 103296
124881 	   5103
124881 	 111666
124881 	   3208
124881 	  66221
124881 	  82318
124881 	  27623
124881 	 109399
124881 	  79171
126974 	  51213
105523 	   4793
105523 	 117891
105523 	   9967
105523 	  82318
105523 	  82463
129421 	  88141
129421 	  91563
129421 	   5543
129421 	 109693
129421 	  43129
129421 	 120065
129421 	  82318
129421 	 121308
113610 	   5543
113610 	 105455
113610 	  91926
113610 	  96113
113610 	 122840
113610 	 126216
113610 	  43129
113610 	 120065
113610 	  82318
113610 	 109086
103091 	   4793
103091 	 101280
103091 	  15972
103091 	 110588
103091 	  96223
103091 	  79171
 67993 	  39337
 67993 	  50275
 67993 	  82555
 67993 	   2986
 67993 	  62372
 67993 	  18307
 67993 	  28241
 67993 	  51213
 67993 	  29716
 67993 	 111407
 67993 	 131017
 67993 	 116115
 67993 	 105733
 67993 	   5103
 67993 	  79310
 67993 	   3208
 67993 	 120998
 67993 	  15972
 67993 	  82318
 67993 	 107489
 67993 	  37931
 67993 	 109399
 67993 	  79171
 98991 	   9595
 98991 	  96113
110898 	  18307
110898 	  15972
110898 	  79171
 61753 	  59539
 61753 	  50275
 61753 	  52768
 61753 	  94332
 61753 	  53672
 61753 	 126216
 61753 	 116522
 61753 	  79310
 61753 	 108174
 61753 	 107489
 61753 	 105413
 61753 	  37931
 61753 	  27623
 61753 	  96223
 61753 	    514
 61753 	  95790
 61753 	 109399
 93696 	 129208
 93696 	  94602
 58883 	  94908
 58883 	 130387
 58883 	 110641
 58883 	 126869
 58883 	 126040
 58883 	 126200
 58883 	 126721
 58883 	 127649
 58883 	 129859
 58883 	  99477
 58883 	 119325
 58883 	 118363
 58883 	  67846
 58883 	 129960
 58883 	 104295
 58883 	  91637
 58883 	 119311
 58883 	  43129
 58883 	 124080
 58883 	 103133
 58883 	 115606
 58883 	 101749
 58883 	 103677
 58883 	  58632
 58883 	 115220
 58883 	  58416
 58883 	 111297
 58883 	 106697
 58883 	  28201
 58883 	 102995
 58883 	  18023
 58883 	  65978
 58883 	 126974
119884 	  96113
119884 	 100142
110974 	  39079
110974 	  62372
110974 	 114621
110974 	  18307
110974 	   9967
110974 	  51213
110974 	  29716
110974 	 114535
110974 	  96113
110974 	  65863
110974 	 116115
110974 	   5103
110974 	 114673
110974 	  79310
110974 	 108273
110974 	  15972
110974 	  82318
110974 	 115465
110974 	 109399
110974 	  79171
110974 	 119884
123022 	 106567
123022 	  94908
123022 	  96511
123022 	 117891
123022 	 205919
123022 	  97838
123022 	  95182
123022 	 127533
123022 	 101280
123022 	 103813
123022 	  31490
123022 	  99477
123022 	  44074
123022 	  67846
123022 	 129434
123022 	 128492
123022 	 122251
123022 	 125161
123022 	 130217
123022 	 111666
123022 	 125990
123022 	  98252
123022 	 128974
123022 	   3208
123022 	  66221
123022 	 114259
123022 	 110588
123022 	   2251
123022 	 103677
123022 	 119717
123022 	 128471
123022 	 120346
123022 	  65978
123022 	 129747
123022 	 117950
123022 	 110974
100744 	   9595
100744 	  88141
100744 	  93163
100744 	  39079
100744 	  91563
100744 	   2986
100744 	  62372
100744 	 105200
100744 	  15511
100744 	  18307
100744 	  28241
100744 	  82246
100744 	  51213
100744 	  10217
100744 	  91926
100744 	  94332
100744 	 114535
100744 	  65863
100744 	  44074
100744 	 116115
100744 	  94785
100744 	 103296
100744 	  72992
100744 	  43129
100744 	   8179
100744 	 108127
100744 	   3208
100744 	  37464
100744 	   2996
100744 	  15972
100744 	  82318
100744 	 107489
100744 	 105413
100744 	 121308
100744 	   3715
100744 	   2267
100744 	  86335
100744 	  61797
100744 	  94005
100744 	 109086
100744 	  79171
100744 	  93696
118234 	   4793
118234 	 110641
118234 	 127242
118234 	 126869
118234 	  97838
118234 	 126040
118234 	 126626
118234 	  31490
118234 	 129859
118234 	 100909
118234 	  99477
118234 	  93950
118234 	  67846
118234 	  53106
118234 	 102383
118234 	 103133
118234 	 102481
118234 	  52224
118234 	  82318
118234 	  58632
118234 	  51767
118234 	 128471
118234 	  82463
118234 	 115465
118234 	 122891
118234 	  93696
118234 	 123022
122171 	  39337
122171 	  51213
122171 	  94332
122171 	  96113
122171 	 116115
122171 	   5103
122171 	  85142
122171 	  79310
122171 	 101673
122171 	 108273
122171 	  82318
122171 	  37931
122171 	  96223
122171 	 109399
122171 	 119884
122171 	 122171
115883 	  51213
115883 	  29716
115883 	 116115
115883 	 119884
103973 	 100225
103973 	 114621
103973 	  18307
103973 	  96738
103973 	 105455
103973 	  51213
103973 	  29716
103973 	 110268
103973 	  90147
103973 	 117081
103973 	 131017
103973 	 105815
103973 	 101892
103973 	 101365
103973 	  93866
103973 	  15972
103973 	  90137
103973 	  82318
103973 	  64266
103973 	  28201
 67672 	   4793
 67672 	 110641
 67672 	  92014
 67672 	 128397
 67672 	 127242
 67672 	  97838
 67672 	  75030
 67672 	 106205
 67672 	 125052
 67672 	 129131
 67672 	 126200
 67672 	 126626
 67672 	   9967
 67672 	 124999
 67672 	 131151
 67672 	 126721
 67672 	 102278
 67672 	 127649
 67672 	  95442
 67672 	  31490
 67672 	 129859
 67672 	 102503
 67672 	 100909
 67672 	  99477
 67672 	 129134
 67672 	 101510
 67672 	 127855
 67672 	 129960
 67672 	 130986
 67672 	 104295
 67672 	  91637
 67672 	  36327
 67672 	 128762
 67672 	  43129
 67672 	 124080
 67672 	   2622
 67672 	 103133
 67672 	  98252
 67672 	 102481
 67672 	   2524
 67672 	 115606
 67672 	  92527
 67672 	 101749
 67672 	  75566
 67672 	  52224
 67672 	  82318
 67672 	  62268
 67672 	 115220
 67672 	 111297
 67672 	  51767
 67672 	  28201
 67672 	 128471
 67672 	  65978
 67672 	 126974
 67672 	  93696
 67672 	 123022
 67672 	 118234
 67672 	 115883
 67672 	 103973
111227 	  39337
111227 	  50275
111227 	  52768
111227 	   5543
111227 	 105200
111227 	 114621
111227 	  95603
111227 	  94332
111227 	 100909
111227 	   5103
111227 	 101673
111227 	  93866
111227 	 120998
111227 	 108174
111227 	 107489
111227 	  37931
111227 	  96223
111227 	   3715
111227 	  95790
111227 	 117950
111227 	 119884
 52250 	 106567
 52250 	  96113
 52250 	 129208
 52250 	  82318
121157 	  39337
121157 	  96113
121157 	  82318
121157 	  64266
121157 	 100142
121157 	 100744
 31394 	 100617
 31394 	 102380
 31394 	 128397
 31394 	 126869
 31394 	 106205
 31394 	  99902
 31394 	 126626
 31394 	 131151
 31394 	  96113
 31394 	 102503
 31394 	  94264
 31394 	 100909
 31394 	  51513
 31394 	  98252
 31394 	  99455
 31394 	 115465
 31394 	  18023
 31394 	  93696
 31394 	 115883
 31394 	  52250
 81503 	  10217
 81503 	 107568
116540 	  50275
116540 	  93163
116540 	 100225
116540 	  95573
116540 	  62372
116540 	  76155
116540 	  18307
116540 	  29716
116540 	  95603
116540 	  90147
116540 	  96113
116540 	 131017
116540 	 116115
116540 	 116522
116540 	 120065
116540 	  79310
116540 	   3208
116540 	 120998
116540 	  15972
116540 	 108174
116540 	  90137
116540 	 107489
116540 	 116898
116540 	 100142
116540 	 105156
116540 	 121308
116540 	 109399
116540 	 109086
116540 	 119884
116540 	 100744
123045 	 100617
123045 	 102380
123045 	 126869
123045 	   9967
123045 	  99477
123045 	  98252
123045 	 128471
123045 	 115465
123045 	 118234
  2268 	 119680
  2268 	  82318
  7303 	 127102
  7303 	  59539
  7303 	  93163
  7303 	  91563
  7303 	  95573
  7303 	  52768
  7303 	   2986
  7303 	  80370
  7303 	  62372
  7303 	 128844
  7303 	 105200
  7303 	  28241
  7303 	 130983
  7303 	  82246
  7303 	 131151
  7303 	  51213
  7303 	  29716
  7303 	  95603
  7303 	  91926
  7303 	  92865
  7303 	  82503
  7303 	  94332
  7303 	 114535
  7303 	  96113
  7303 	  51289
  7303 	 111407
  7303 	  65863
  7303 	  44074
  7303 	 116115
  7303 	  70646
  7303 	  94785
  7303 	  52894
  7303 	 103296
  7303 	  43129
  7303 	   8179
  7303 	 108127
  7303 	 120065
  7303 	 114673
  7303 	  85142
  7303 	   3208
  7303 	  37464
  7303 	 108273
  7303 	   2996
  7303 	  15972
  7303 	  92527
  7303 	 108174
  7303 	  82318
  7303 	 107489
  7303 	  52786
  7303 	 105413
  7303 	  27623
  7303 	  34379
  7303 	 116898
  7303 	 105156
  7303 	 121308
  7303 	   2267
  7303 	 107890
  7303 	  95790
  7303 	 109399
  7303 	  94005
  7303 	  79171
  7303 	 122171
  7303 	   2268
126651 	 128397
126651 	  80076
126651 	  75030
126651 	 129859
126651 	  67846
126651 	  51767
126651 	  65978
126651 	  98991
126651 	 126651
 92509 	 100617
 92509 	 130387
 92509 	 128397
 92509 	 126869
 92509 	 106205
 92509 	  99902
 92509 	 126721
 92509 	 102278
 92509 	  96113
 92509 	  99477
 92509 	 119325
 92509 	  67846
 92509 	  53106
 92509 	 119311
 92509 	  51513
 92509 	  58632
 92509 	  62268
 92509 	  58416
 92509 	 128471
 92509 	 115465
 92509 	  18023
 92509 	  65978
 92509 	 126651
 82242 	   2986
 82242 	 105200
 82242 	 114621
 82242 	  29716
 82242 	  94332
 82242 	 116115
 82242 	  67362
 82242 	 105733
 82242 	   5103
 82242 	 114673
 82242 	  85142
 82242 	  79310
 82242 	   3208
 82242 	 101673
 82242 	   2996
 82242 	  37931
 82242 	 109399
 82242 	 111227
113681 	  50275
113681 	 114621
113681 	  79310
113681 	 101673
113681 	  15972
113681 	 108174
113681 	  82318
113681 	 122171
 75661 	   4793
 75661 	 102380
 75661 	   9967
 75661 	  99477
 75661 	  98252
 75661 	 128471
 75661 	 118234
 75661 	 126651
 66563 	 100617
 66563 	  94908
 66563 	 130387
 66563 	 102380
 66563 	 126869
 66563 	  97838
 66563 	 126040
 66563 	 106205
 66563 	  99902
 66563 	 125052
 66563 	 126626
 66563 	   9967
 66563 	 129859
 66563 	 102503
 66563 	  94264
 66563 	  99477
 66563 	 101510
 66563 	  93950
 66563 	  91637
 66563 	 102383
 66563 	  36327
 66563 	 103677
 66563 	  58632
 66563 	 101648
 66563 	 106697
 66563 	 128471
 66563 	 102995
 66563 	 115465
 66563 	  18023
 66563 	 122891
 66563 	 123022
 66563 	 118234
 66563 	 115883
 66563 	  52250
 66563 	 126651
 66563 	 113681
 62878 	   4793
 62878 	  93163
 62878 	   5543
 62878 	  80370
 62878 	   8980
 62878 	 113027
 62878 	  82246
 62878 	  91926
 62878 	  82503
 62878 	 122840
 62878 	 126216
 62878 	  52894
 62878 	  43129
 62878 	 101365
 62878 	  82318
 62878 	  52786
 62878 	 100142
 62878 	  18023
 62878 	 109086
 62878 	 100744
100172 	  50275
100172 	  62372
100172 	  51213
100172 	  29716
100172 	 114535
100172 	  65863
100172 	 116115
100172 	 105733
100172 	   3208
100172 	 108273
100172 	  15972
100172 	  82318
100172 	  94005
100172 	  79171
100172 	 119884
100172 	  66563
100172 	  62878
108160 	  94927
108160 	   4793
108160 	 117891
108160 	  69026
108160 	 107568
108160 	  98252
108160 	  65978
108160 	 126651
108160 	 100172
 77586 	   9595
 77586 	  59539
 77586 	   2986
 77586 	  82246
 77586 	  29716
 77586 	  96113
 77586 	  53672
 77586 	 116115
 77586 	  67362
 77586 	 126216
 77586 	  68681
 77586 	 103296
 77586 	   5103
 77586 	   5133
 77586 	 114673
 77586 	 107568
 77586 	   3715
 77586 	 109399
 77586 	 119884
 77586 	 122171
 77586 	 111227
128300 	   9595
128300 	  82246
128300 	  96113
128300 	  82318
101850 	 116115
101850 	 116522
101850 	  79310
101850 	 108273
101850 	  94602
101850 	  82318
101850 	  37931
101850 	 119717
101850 	  96223
101850 	 107890
101850 	  95790
101850 	 109399
101850 	 111227
101850 	  62878
 50309 	  39337
 50309 	  93163
 50309 	   5543
 50309 	  52894
 50309 	  58632
 50309 	 100142
 50309 	 105156
 50309 	 100744
 50309 	  77586
 91740 	 105455
 91740 	  10217
 91740 	 122840
 91740 	  43129
 91740 	   1531
 91740 	  28201
 91740 	 119685
 59944 	  39337
 59944 	  82318
 59944 	  64266
 59944 	 100744
 80885 	 106567
 80885 	 113401
 80885 	  96511
 80885 	 117976
 80885 	  93163
 80885 	 119680
 80885 	 128397
 80885 	  95573
 80885 	 126040
 80885 	  62372
 80885 	  76155
 80885 	 127533
 80885 	  88333
 80885 	  18307
 80885 	  96738
 80885 	  91848
 80885 	 125052
 80885 	 126200
 80885 	 124999
 80885 	  51213
 80885 	  29716
 80885 	 101280
 80885 	 103813
 80885 	  95603
 80885 	  92865
 80885 	  92250
 80885 	  96113
 80885 	 129859
 80885 	 113290
 80885 	 129134
 80885 	 131017
 80885 	 127451
 80885 	 130218
 80885 	  85890
 80885 	 105815
 80885 	 122251
 80885 	 130217
 80885 	  96012
 80885 	 111666
 80885 	 125990
 80885 	  99159
 80885 	 119617
 80885 	 107458
 80885 	 119112
 80885 	 120998
 80885 	  15972
 80885 	  82318
 80885 	 117884
 80885 	 100142
 80885 	 119717
 80885 	 124225
 80885 	  99213
 80885 	  98469
 80885 	  96223
 80885 	 126248
 80885 	 120346
 80885 	 118432
 80885 	  82463
 80885 	  95790
 80885 	 101486
 80885 	 101809
 80885 	 123976
 80885 	  18023
 80885 	 129747
 80885 	  79171
 80885 	 113610
 80885 	 103091
 80885 	 110974
 80885 	 100744
 80885 	 118234
 80885 	 126651
 80885 	 100172
 80885 	  59944
 66886 	 105455
 66886 	  82246
 66886 	  82503
 66886 	  43129
 66886 	  92527
 66886 	 100142
 66886 	 100744
 66886 	  70788
103733 	   4793
103733 	 100909
103733 	  53106
103733 	  65887
103733 	  43129
103733 	   2524
103733 	  28201
103733 	 128471
 74664 	  82246
 74664 	 122840
 74664 	 126216
 74664 	 107568
 74664 	  82318
106244 	  88141
106244 	   5543
106244 	  82246
106244 	  96113
106244 	 122840
106244 	 126216
106244 	  82318
106244 	  70788
100737 	   4793
100737 	  80076
100737 	   2986
100737 	  62372
100737 	  15511
100737 	  66388
100737 	  18307
100737 	  82246
100737 	  29716
100737 	 103813
100737 	  63310
100737 	 129859
100737 	 116115
100737 	  65887
100737 	 109370
100737 	  66221
100737 	 108273
100737 	  15972
100737 	  94602
100737 	  79171
100737 	  93696
100737 	 119884
100737 	  52250
100737 	  31394
100737 	 126651
100737 	  70788
108765 	 107568
108765 	  67672
108765 	 126651
119270 	  88141
119270 	 127102
119270 	  39337
119270 	  93163
119270 	  91563
119270 	   5543
119270 	 128844
119270 	 122022
119270 	 131018
119270 	 105455
119270 	 130983
119270 	 131151
119270 	 110268
119270 	  92865
119270 	 127855
119270 	  93950
119270 	  53106
119270 	 126216
119270 	 130986
119270 	 124419
119270 	 125161
119270 	  97207
119270 	  91880
119270 	  96012
119270 	 114259
119270 	   2524
119270 	   1531
119270 	  94602
119270 	  82318
119270 	  95781
119270 	  28201
119270 	 119685
119270 	  69513
119270 	 115465
119270 	 117213
119270 	 124881
119270 	 126974
119270 	 129421
119270 	  58883
119270 	 108160
119270 	  77586
126646 	  82246
126646 	  10217
126646 	  96113
126646 	  82318
126646 	  67993
126646 	  70788
108254 	  81306
108254 	 107568
108254 	  69633
103038 	   5543
103038 	 126216
103038 	  82318
103038 	 111297
103038 	  67993
126048 	  94908
126048 	  96511
126048 	   4793
126048 	 117891
126048 	 126626
126048 	   9967
126048 	  99477
126048 	  81306
126048 	 129434
126048 	 102383
126048 	  79768
126048 	 103677
126048 	 122600
126048 	  81262
126048 	 101648
126048 	 128471
126048 	  82463
126048 	  48728
126048 	  80885
126048 	 126646
 99548 	  39337
 99548 	  96113
 99548 	  82318
 99548 	 100142
 99548 	 100744
 99548 	 108765
 86131 	 102380
 86131 	 126869
 86131 	  99477
 86131 	 101510
 86131 	  98252
 86131 	 128471
 86131 	 115465
 86131 	 118234
 86131 	 126651
 86131 	 108160
  7854 	  88141
  7854 	  39337
  7854 	  91563
  7854 	  80370
  7854 	 130780
  7854 	  82246
  7854 	  91926
  7854 	  70646
  7854 	  52894
  7854 	  43129
  7854 	  70788
126574 	  94927
126574 	  96511
126574 	 117891
126574 	 119680
126574 	 126869
126574 	   9967
126574 	  96113
126574 	 129434
126574 	 128492
126574 	 122600
126574 	  94602
126574 	  82463
126574 	 115465
126574 	 118234
126574 	  67672
126574 	 126574
 66058 	  92753
 66058 	  88141
 66058 	  93163
 66058 	  39079
 66058 	 128397
 66058 	  91563
 66058 	   5543
 66058 	 109693
 66058 	 122022
 66058 	 126200
 66058 	   9967
 66058 	 113027
 66058 	 114379
 66058 	 131151
 66058 	 110268
 66058 	  91926
 66058 	  96113
 66058 	 122840
 66058 	  70646
 66058 	  53106
 66058 	 126216
 66058 	 124419
 66058 	  52894
 66058 	  43129
 66058 	  91880
 66058 	 120065
 66058 	 114259
 66058 	  94602
 66058 	  82318
 66058 	  52786
 66058 	 100142
 66058 	  28201
 66058 	 121308
 66058 	  69513
 66058 	 117213
 66058 	 109086
 66058 	 124881
 66058 	 129421
 66058 	 100744
 66058 	 108160
 66058 	 119270
 66058 	  99548
 66058 	  66058
127707 	  50275
127707 	  96113
127707 	 116522
127707 	 120998
127707 	 107489
127707 	 107890
127707 	 109399
 94837 	  39337
 94837 	  50275
 94837 	  62372
 94837 	 105200
 94837 	  18307
 94837 	  29716
 94837 	 117951
 94837 	 105970
 94837 	 116115
 94837 	 105733
 94837 	 101673
 94837 	  15972
 94837 	  37931
 94837 	 107890
 94837 	 117950
 94837 	  79171
 94837 	  82242
 94837 	  62878
126274 	  91563
126274 	   5543
126274 	 122840
126274 	 126216
126274 	  91880
126274 	   1531
126274 	  82318
126274 	 121308
124069 	   4793
124069 	  82246
124069 	  10217
124069 	  99477
124069 	  81306
124069 	 125161
124069 	  65887
124069 	 107568
124069 	  16404
124069 	 111297
124069 	  82463
124069 	  67672
124069 	 126651
124069 	  70788
119890 	   4793
119890 	 100909
119890 	  53106
119890 	  65887
119890 	  43129
119890 	   2524
119890 	  28201
119890 	 128471
 41611 	  82246
 41611 	  96113
 41611 	  81306
 41611 	 107568
 41611 	  82318
127382 	  18307
127382 	  15972
127382 	  75566
127382 	  79171
 60615 	  59539
 60615 	  50275
 60615 	  82246
 60615 	  96113
 60615 	  44074
 60615 	 116115
 60615 	  67362
 60615 	  68681
 60615 	 105733
 60615 	 103296
 60615 	   5103
 60615 	   3208
 60615 	 108273
 60615 	 119884
103084 	  50275
103084 	  82555
103084 	 105200
103084 	  91848
103084 	  28241
103084 	  51213
103084 	  95603
103084 	  90147
103084 	  99477
103084 	 105970
103084 	 129644
103084 	 105733
103084 	   5103
103084 	 107568
103084 	  79310
103084 	  66221
103084 	  99455
103084 	  93866
103084 	 108273
103084 	 108174
103084 	  90137
103084 	  82318
103084 	  83275
103084 	 107489
103084 	 119717
103084 	  96223
103084 	 101486
103084 	 119884
103084 	 111227
103084 	  82242
103084 	  62878
103084 	 126646
130419 	  99477
130419 	  82318
130419 	 127707
 68575 	  82246
 68575 	  85402
 68575 	  82503
 68575 	  96113
 68575 	  81306
 68575 	  62649
 68575 	  82318
 68575 	  16404
 68575 	  67993
 68575 	  52250
117924 	   4793
117924 	 100909
117924 	  53106
117924 	  65887
117924 	  43129
117924 	   2524
117924 	  28201
117924 	 128471
 62617 	  94927
 62617 	  81305
 62617 	  82246
 62617 	  69026
 62617 	   2251
 62617 	  82318
 62617 	  65978
 62617 	 126646
128707 	  59539
128707 	  29716
128707 	  67362
128707 	 103296
128707 	   5103
128707 	   5133
128707 	 108273
128707 	  82318
128707 	   3715
128707 	 109399
128707 	 119884
128707 	 111227
128707 	  70788
126992 	  75030
126992 	  82246
126992 	  67846
126992 	  65887
126992 	 111297
126992 	  65978
 96495 	  29716
 96495 	  96113
 96495 	  99477
 96495 	 116115
 96495 	 101673
 96495 	  82318
 96495 	 109399
 96495 	 119884
 96495 	 111227
 51984 	  96113
 51984 	  99477
 51984 	 107568
 51984 	  82318
 51984 	 128471
105872 	   5543
105872 	  80370
105872 	 109693
105872 	 105455
105872 	 110268
105872 	  91926
105872 	  82503
105872 	  96113
105872 	 122840
105872 	 126216
105872 	  52894
105872 	  43129
105872 	  91880
105872 	 120065
105872 	  82318
105872 	 100142
105872 	 121308
105872 	 109086
105872 	 100744
105872 	  70788
105872 	  66058
101248 	  88141
101248 	  59539
101248 	  78533
101248 	  95182
101248 	  62372
101248 	  15511
101248 	  18307
101248 	  91848
101248 	   9967
101248 	  82246
101248 	  65408
101248 	  63310
101248 	  44074
101248 	  67362
101248 	  67846
101248 	   2332
101248 	  68681
101248 	 103296
101248 	   5133
101248 	  76449
101248 	 114673
101248 	 108273
101248 	  15972
101248 	 111297
101248 	  74286
101248 	   3715
101248 	  76438
101248 	  79171
101248 	 119884
101248 	  70788
101248 	  74664
101248 	 126646
101248 	  41611
101248 	  62617
124765 	  82246
124765 	  82503
124765 	  96113
124765 	  43129
124765 	  69633
124765 	  82318
124765 	  16404
124765 	  70788
 95929 	 101673
 95929 	  15972
 95929 	  82318
 95929 	  79171
 97187 	 106567
 97187 	  94927
 97187 	 117891
 97187 	 119680
 97187 	 126869
 97187 	 126626
 97187 	   9967
 97187 	  99477
 97187 	 111666
 97187 	 129208
 97187 	  98252
 97187 	 128974
 97187 	 114259
 97187 	   2251
 97187 	  94602
 97187 	  82318
 97187 	 128471
 97187 	 115465
 97187 	 118234
 97187 	 126651
 97187 	 127707
 90122 	  94602
 76123 	 111297
 76123 	 108765
 66016 	  39337
 66016 	  52768
 66016 	   2986
 66016 	   5543
 66016 	 105200
 66016 	  29716
 66016 	  91926
 66016 	  94332
 66016 	  53672
 66016 	 116115
 66016 	 126216
 66016 	 116522
 66016 	   5133
 66016 	  79310
 66016 	 101673
 66016 	  15972
 66016 	  82318
 66016 	  37931
 66016 	   3715
 66016 	    514
 66016 	  79171
 66016 	 111227
 66016 	  81503
 66016 	  62878
102704 	 100617
102704 	 102380
102704 	 126869
102704 	  82246
102704 	  31490
102704 	 129859
102704 	  67846
102704 	 125161
102704 	  82318
102704 	 101648
102704 	  65978
102704 	 126974
102704 	 123045
102704 	 126651
102704 	 108160
102704 	  70788
102704 	 102704
131601 	  92753
131601 	  88141
131601 	   4793
131601 	 205919
131601 	  78533
131601 	   2986
131601 	   5543
131601 	  62372
131601 	  75030
131601 	  18307
131601 	  91848
131601 	   9967
131601 	  82246
131601 	  93171
131601 	  29716
131601 	  63310
131601 	   7012
131601 	   5646
131601 	  65863
131601 	  44074
131601 	  91637
131601 	   2332
131601 	  65887
131601 	  36327
131601 	  43129
131601 	   8179
131601 	  76449
131601 	 107568
131601 	  10274
131601 	  66221
131601 	 114259
131601 	 119112
131601 	 108273
131601 	  15972
131601 	  75566
131601 	  52224
131601 	   1531
131601 	  74286
131601 	  70314
131601 	  82463
131601 	 115465
131601 	  76438
131601 	  79171
131601 	  93696
131601 	 100744
131601 	 111227
131601 	  52250
131601 	  31394
131601 	 123045
131601 	 126651
131601 	  80885
131601 	  70788
131601 	  74664
131601 	  86131
131601 	  94837
131601 	 126274
131601 	  41611
131601 	  62617
111569 	 116115
111569 	 116522
111569 	  79310
111569 	 120998
111569 	 108174
111569 	  82318
111569 	  82242
101342 	  88141
101342 	  39337
101342 	  91563
101342 	  52768
101342 	   2986
101342 	  80370
101342 	  62372
101342 	  28241
101342 	  51213
101342 	  29716
101342 	  91926
101342 	  96113
101342 	  65863
101342 	  44074
101342 	  70646
101342 	 101892
101342 	 103296
101342 	  43129
101342 	  85142
101342 	 101365
101342 	  37464
101342 	 108273
101342 	   2996
101342 	  15972
101342 	 121308
101342 	    514
101342 	  95790
101342 	 109399
101342 	 109086
101342 	  79171
101342 	 119884
101342 	 111227
101342 	  81503
101342 	  82242
101342 	  66563
101342 	  62878
101342 	  90122
 68241 	  96113
 68241 	  85890
 68241 	 126216
 68241 	  82318
124365 	  64266
124365 	  99548
 86570 	 126216
 86570 	  82318
 97422 	   5543
 97422 	  91926
 97422 	 126216
 97422 	  82318
113690 	  91926
113690 	 126216
113690 	  82318
113690 	  70788
 94367 	 126626
 94367 	  82246
 94367 	  66308
 94367 	 102503
 94367 	  94264
 94367 	 100782
 94367 	  81306
 94367 	  65887
 94367 	 124080
 94367 	 107568
 94367 	  99455
 94367 	  52224
 94367 	 101648
 94367 	 111297
 94367 	  65978
 94367 	  67672
 94367 	  52250
 94367 	 128300
 94367 	 126274
108883 	 119680
108883 	  15511
108883 	 107568
108883 	 111666
108883 	  82318
108883 	  65978
108883 	 123045
128822 	  62372
128822 	  63310
128822 	  96113
128822 	 116115
128822 	 109399
128822 	 119884
128822 	 111227
128822 	 126646
128975 	  93163
128975 	  96113
128975 	 131017
128975 	  82318
123702 	  82246
123702 	  96113
123702 	 126216
123702 	   2251
123702 	  82318
123702 	  59944
123702 	  70788
102759 	 106567
102759 	  94927
102759 	   4793
102759 	 117891
102759 	 117976
102759 	 130665
102759 	 205919
102759 	  97838
102759 	 126626
102759 	  65408
102759 	 103813
102759 	  63310
102759 	   5646
102759 	  31490
102759 	 101510
102759 	  44074
102759 	 130218
102759 	 119325
102759 	 100782
102759 	 129434
102759 	 128492
102759 	 103296
102759 	  65887
102759 	 119311
102759 	  10274
102759 	  66221
102759 	 101673
102759 	  94602
102759 	 101648
102759 	 111297
102759 	  70314
102759 	  82463
102759 	 122891
102759 	 115883
102759 	 126651
102759 	  80885
102759 	  70788
102759 	 126646
102759 	  86131
102759 	 127707
102759 	 126274
102759 	  66016
102759 	  68241
126225 	  96113
126225 	  82318
126225 	 126646
113068 	  82246
113068 	 126216
113068 	  82318
113068 	 126646
 95748 	 106567
 95748 	  94927
 95748 	   4793
 95748 	 110641
 95748 	  50275
 95748 	 126869
 95748 	  96738
 95748 	 130780
 95748 	   9967
 95748 	  51213
 95748 	  95603
 95748 	  63310
 95748 	  90147
 95748 	   7012
 95748 	 113290
 95748 	 100909
 95748 	  99477
 95748 	 117951
 95748 	 105970
 95748 	 116115
 95748 	  85890
 95748 	 129644
 95748 	 101892
 95748 	 115173
 95748 	 125839
 95748 	 103133
 95748 	   3208
 95748 	  99159
 95748 	 119617
 95748 	  93866
 95748 	  90137
 95748 	  83275
 95748 	 107489
 95748 	 127221
 95748 	 119717
 95748 	  95409
 95748 	 102995
 95748 	 115465
 95748 	  95513
 95748 	 118234
 95748 	 122171
 95748 	 111227
 95748 	  59944
 95748 	 108765
 95748 	 126646
 95748 	 127382
 95748 	 101248
 95748 	 124765
 95748 	 131601
 95748 	 111569
 95748 	 108883
 90406 	   9595
 90406 	  59539
 90406 	   2986
 90406 	  82246
 90406 	  29716
 90406 	  96113
 90406 	  53672
 90406 	 116115
 90406 	  67362
 90406 	 126216
 90406 	  68681
 90406 	 103296
 90406 	   5103
 90406 	   5133
 90406 	 114673
 90406 	 107568
 90406 	   3715
 90406 	 109399
 90406 	 119884
 90406 	 122171
 90406 	 111227
117793 	  88141
117793 	  59539
117793 	 117976
117793 	  50275
117793 	   2986
117793 	  51213
117793 	  67362
117793 	 103296
117793 	   5103
117793 	 108273
117793 	  82318
117793 	  27623
117793 	   3715
117793 	 109399
117793 	 111227
117793 	  70788
125108 	  94927
125108 	  93163
125108 	 119680
125108 	 130665
125108 	 126869
125108 	  88333
125108 	  85402
125108 	  96113
125108 	  94264
125108 	  85890
125108 	  85972
125108 	 124419
125108 	 128492
125108 	  68681
125108 	 109370
125108 	  97207
125108 	 107568
125108 	 128974
125108 	  96900
125108 	 119112
125108 	 122600
125108 	  94602
125108 	  95781
125108 	 116898
125108 	  99213
125108 	  98469
125108 	 126248
125108 	  82463
125108 	 115465
125108 	 101809
125108 	  95513
125108 	 126974
125108 	 113610
125108 	 103091
125108 	 100172
125108 	  59944
125108 	 106244
125108 	 100737
125108 	 108765
125108 	 127707
125108 	 124069
125108 	 101248
125108 	  97422
125108 	 123702
117490 	  62372
117490 	 114621
117490 	  18307
117490 	  51213
117490 	  29716
117490 	  96113
117490 	 116115
117490 	  85890
117490 	 105733
117490 	 116522
117490 	 114673
117490 	   3208
117490 	  15972
117490 	 109399
117490 	  79171
117490 	 119884
117490 	 111227
117490 	 108883
117344 	  29716
117344 	 116115
117344 	 105733
117344 	 114673
117344 	  79310
117344 	 101673
117344 	  82318
117344 	 108883
117344 	 126225
 97464 	  62372
 97464 	 114621
 97464 	  18307
 97464 	  51213
 97464 	 113290
 97464 	 129134
 97464 	 101544
 97464 	 105815
 97464 	   3208
 97464 	  15972
 97464 	  64266
 97464 	  83275
 97464 	 115220
 97464 	  95350
 97464 	  79171
 97464 	  95929
 69636 	   9967
 69636 	  82246
 69636 	 107568
 69636 	 111297
 69636 	  76053
113639 	 113401
113639 	 100225
113639 	  62372
113639 	  76155
113639 	 114621
113639 	  18307
113639 	  51213
113639 	  29716
113639 	 102078
113639 	 113290
113639 	 100909
113639 	 119111
113639 	 101544
113639 	 105815
113639 	 101892
113639 	 115173
113639 	 103133
113639 	  99159
113639 	  93866
113639 	  92527
113639 	 115220
113639 	 106697
113639 	 119717
113639 	  96223
113639 	 102995
113639 	 117950
113639 	  66563
113639 	 101850
113639 	  95929
 52076 	 113401
 52076 	 100225
 52076 	 114621
 52076 	 130780
 52076 	   9967
 52076 	  51213
 52076 	  92250
 52076 	 113290
 52076 	 104295
 52076 	 103133
 52076 	   3208
 52076 	 101673
 52076 	  93866
 52076 	  15972
 52076 	 101749
 52076 	  83275
 52076 	 127221
 52076 	 106697
 52076 	 119717
 52076 	 117950
 52076 	  79171
 52076 	 116540
 52076 	 103038
 52076 	 127382
 52076 	  95929
 34899 	 106567
 34899 	  94908
 34899 	   4793
 34899 	 117891
 34899 	  39337
 34899 	  70752
 34899 	 130780
 34899 	 100909
 34899 	 131017
 34899 	 104295
 34899 	 124419
 34899 	 128492
 34899 	 124080
 34899 	 103133
 34899 	 111666
 34899 	 129208
 34899 	  73957
 34899 	 101749
 34899 	 103677
 34899 	  94602
 34899 	  83275
 34899 	 115220
 34899 	  58416
 34899 	 106697
 34899 	 102995
 34899 	 115465
 34899 	  18023
 34899 	 124881
 34899 	 118234
 34899 	 126651
 34899 	 100172
 34899 	 127382
 34899 	 103084
 34899 	 128707
 34899 	 124765
 34899 	 111569
 34899 	  68241
 34899 	 128822
 73555 	   5543
 73555 	  96113
 73555 	 107568
 73555 	  82318
 73555 	 126646
 94032 	  82246
 94032 	 126216
 94032 	  68681
 94032 	 107568
 94032 	  94602
 94032 	  82318
 94032 	  16404
 94032 	  70788
 94032 	  76053
 94032 	  52076
 98993 	 117976
 98993 	  50275
 98993 	 114621
 98993 	  18307
 98993 	  29716
 98993 	  96113
 98993 	 116115
 98993 	  68681
 98993 	 105733
 98993 	 101673
 98993 	  82318
 98993 	 109399
 98993 	 111227
 98993 	 126225
129520 	  88141
129520 	 117891
129520 	 119680
129520 	 106302
129520 	   9967
129520 	 111666
129520 	  96900
129520 	   2251
129520 	   1531
129520 	 111297
129520 	 115465
129520 	  65978
129520 	 126651
129520 	 126646
129520 	 126574
129520 	 117344
 50841 	  94927
 50841 	  96511
 50841 	 117891
 50841 	 126869
 50841 	 106302
 50841 	 126626
 50841 	   9967
 50841 	 129859
 50841 	 131017
 50841 	 129644
 50841 	 129434
 50841 	 128492
 50841 	 107568
 50841 	  98252
 50841 	 119112
 50841 	  94602
 50841 	  95781
 50841 	 128471
 50841 	 126248
 50841 	 101486
 50841 	 103091
 50841 	  52250
 50841 	 100172
 50841 	 126646
 50841 	 127707
 50841 	 101248
 50841 	  94367
 50841 	  94032
 91849 	   9595
 91849 	  82246
 91849 	  10217
 91849 	 107568
 91849 	  82318
 91849 	  52076
117925 	 130387
117925 	 102380
117925 	 110641
117925 	 126869
117925 	  97838
117925 	 126040
117925 	 106205
117925 	  99902
117925 	 126200
117925 	 126626
117925 	 102503
117925 	 100909
117925 	  99477
117925 	 101510
117925 	 104295
117925 	  91637
117925 	 102383
117925 	 124080
117925 	 103133
117925 	  99455
117925 	 102481
117925 	 101749
117925 	  82318
117925 	  58632
117925 	 115220
117925 	  58416
117925 	 101648
117925 	 106697
117925 	 128471
117925 	 102995
117925 	 115465
117925 	 126974
117925 	 123022
117925 	 118234
117925 	 115883
117925 	  52250
117925 	 126651
117925 	 113681
117925 	 108160
117925 	 128300
117925 	  50309
117925 	 103084
117925 	 130419
117925 	 126992
117925 	  68241
117925 	 117793
107802 	  94908
107802 	 102380
107802 	  39337
107802 	 110641
107802 	  92014
107802 	 127242
107802 	  97838
107802 	 106205
107802 	 125052
107802 	 129131
107802 	 105455
107802 	 126626
107802 	  82246
107802 	 131151
107802 	 126721
107802 	 102278
107802 	  95442
107802 	  82503
107802 	  31490
107802 	 102503
107802 	  94264
107802 	 100909
107802 	 127855
107802 	 119325
107802 	  93950
107802 	 118363
107802 	 100782
107802 	 129960
107802 	 130986
107802 	  91637
107802 	 102383
107802 	  36327
107802 	 119311
107802 	 128762
107802 	 124080
107802 	 101463
107802 	  98252
107802 	  99455
107802 	 102481
107802 	 115606
107802 	  92527
107802 	 103677
107802 	  82318
107802 	  58632
107802 	  83275
107802 	  62268
107802 	  58416
107802 	 101648
107802 	 111297
107802 	 106697
107802 	  51767
107802 	 128471
107802 	 102995
107802 	 115465
107802 	  18023
107802 	  98991
107802 	  93696
107802 	 118234
107802 	 103973
107802 	 123045
107802 	 113681
107802 	  75661
107802 	 108160
107802 	 128300
107802 	  50309
107802 	  51984
107802 	  97187
107802 	 102704
107802 	 111569
107802 	 101342
107802 	  68241
107802 	 117793
107802 	  97464
103602 	  59539
103602 	  39337
103602 	  95573
103602 	 114621
103602 	  28241
103602 	 101160
103602 	  95603
103602 	  63310
103602 	  90147
103602 	  53672
103602 	 116115
103602 	  94785
103602 	   5103
103602 	   5133
103602 	 114673
103602 	  79310
103602 	  66221
103602 	 101673
103602 	  93866
103602 	   2996
103602 	 120998
103602 	  90137
103602 	  48486
103602 	  37931
103602 	  28201
103602 	  96223
103602 	   3715
103602 	  95790
103602 	 109399
103602 	 111227
103602 	  82242
103602 	  96495
103602 	 108883
103602 	 103602
 93364 	 100617
 93364 	 102380
 93364 	 126869
 93364 	  97838
 93364 	 126040
 93364 	 106205
 93364 	  99902
 93364 	 102278
 93364 	 129859
 93364 	 102503
 93364 	  99477
 93364 	 101510
 93364 	 119325
 93364 	 118363
 93364 	  67846
 93364 	 100782
 93364 	  53106
 93364 	 102383
 93364 	  36327
 93364 	 119311
 93364 	 101463
 93364 	  98252
 93364 	  99455
 93364 	   2524
 93364 	  52224
 93364 	  82318
 93364 	  83275
 93364 	 101648
 93364 	 111297
 93364 	 115465
 93364 	  18023
 93364 	 122891
 93364 	  98991
 93364 	 123022
 93364 	 115883
 93364 	  52250
 93364 	 123045
 93364 	 126651
 93364 	 113681
 93364 	 126274
 93364 	 130419
 93364 	 126992
 93364 	  97187
 93364 	 102704
 93364 	 101342
 93364 	  68241
 93364 	 128975
 93364 	 117344
 93364 	  97464
119808 	  88141
119808 	  59539
119808 	  50275
119808 	   2986
119808 	 103813
119808 	  67362
119808 	 126216
119808 	 103296
119808 	 107568
119808 	 108273
119808 	  82318
119808 	  37931
119808 	  27623
119808 	   3715
119808 	  81503
119808 	  62878
119808 	  70788
125120 	   9595
125120 	  82246
125120 	  96113
125120 	 107568
125120 	  16404
125120 	  76053
125120 	  69636
125120 	  52076
101626 	  59539
101626 	  39337
101626 	  50275
101626 	  91563
101626 	   2986
101626 	  82246
101626 	  51213
101626 	  85402
101626 	  90147
101626 	 122840
101626 	  53672
101626 	 116115
101626 	 126216
101626 	 103296
101626 	   5133
101626 	  79310
101626 	   3208
101626 	  37464
101626 	 108273
101626 	  90137
101626 	  82318
101626 	  37931
101626 	  27623
101626 	   3715
101626 	  95790
101626 	  79171
101626 	  81503
101626 	  82242
101626 	  62878
101626 	  70788
129161 	  50275
129161 	  62372
129161 	  18307
129161 	  29716
129161 	  63310
129161 	  96113
129161 	 116115
129161 	 105733
129161 	  76449
129161 	  66221
129161 	 108273
129161 	  82318
129161 	  74286
129161 	 109399
129161 	  76438
129161 	 111227
129161 	  62878
129161 	  74664
129161 	 126646
129161 	  41611
129161 	  62617
129161 	  76053
129161 	 119808
 31821 	  88141
 31821 	  52768
 31821 	  62372
 31821 	 105200
 31821 	  15511
 31821 	  18307
 31821 	  29716
 31821 	  10217
 31821 	  91926
 31821 	 114535
 31821 	  96113
 31821 	  65863
 31821 	  53672
 31821 	  44074
 31821 	  67362
 31821 	  94785
 31821 	  52894
 31821 	 103296
 31821 	  43129
 31821 	   5103
 31821 	 107568
 31821 	  85142
 31821 	 128974
 31821 	   3208
 31821 	  66221
 31821 	  37464
 31821 	   2996
 31821 	  15972
 31821 	   1531
 31821 	  82318
 31821 	  48486
 31821 	  37931
 31821 	 121308
 31821 	   3715
 31821 	    514
 31821 	  95790
 31821 	  86335
 31821 	  61797
 31821 	  79171
 31821 	 119884
 31821 	 111227
 31821 	  81503
 31821 	 123045
 31821 	   2268
 31821 	  82242
 31821 	  70788
 31821 	   7854
 31821 	 130419
 31821 	  34899
 31821 	  73555
 98813 	   9595
 98813 	 129208
 98813 	 128974
 98813 	  94602
 98813 	  16404
 98813 	 111297
 98813 	  69636
 61674 	 106567
 61674 	 117891
 61674 	 111666
 61674 	  82318
 61674 	 127707
121983 	  59539
121983 	  50275
121983 	  91563
121983 	  53672
121983 	 116115
121983 	 105733
121983 	   5103
121983 	   5133
121983 	  79310
121983 	  82318
121983 	  27623
121983 	   3715
121983 	    514
121983 	 122171
121983 	  81503
121983 	  82242
121983 	  62878
121983 	 119808
125231 	  96113
125231 	 107568
125231 	  82318
 92153 	 127102
 92153 	 128844
 92153 	 105455
 92153 	 130983
 92153 	  10217
 92153 	  53106
 92153 	   2524
 92153 	  82318
 92153 	  28201
 92153 	  18023
 92153 	 118234
 92153 	  70788
 92153 	 108765
 92153 	 126225
 92153 	  98813
 95496 	   9595
 95496 	 126869
 95496 	  66388
 95496 	 105455
 95496 	   9967
 95496 	  81306
 95496 	  36327
 95496 	 107568
 95496 	  69633
 95496 	  16404
 95496 	 111297
 95496 	 128471
 95496 	  82463
 95496 	  67672
 95496 	 128300
 95496 	  76053
 95496 	 117793
 95496 	  52076
 95496 	  34899
 92477 	   9595
 92477 	 113401
 92477 	   2986
 92477 	  80370
 92477 	  76155
 92477 	 127533
 92477 	  18307
 92477 	  96738
 92477 	  91848
 92477 	  28241
 92477 	  51213
 92477 	  29716
 92477 	 101280
 92477 	  90147
 92477 	  94332
 92477 	 114535
 92477 	 108185
 92477 	 116115
 92477 	   4363
 92477 	  67362
 92477 	 119111
 92477 	  70646
 92477 	 101544
 92477 	  53106
 92477 	 105815
 92477 	  81306
 92477 	 101892
 92477 	 122251
 92477 	  52894
 92477 	  72992
 92477 	  16479
 92477 	 130217
 92477 	  43129
 92477 	  91880
 92477 	 114673
 92477 	 125990
 92477 	  85142
 92477 	  69633
 92477 	  79768
 92477 	 122945
 92477 	 101673
 92477 	   2524
 92477 	  37464
 92477 	  93866
 92477 	  90137
 92477 	  58416
 92477 	  16404
 92477 	 127221
 92477 	  34379
 92477 	 124177
 92477 	  65782
 92477 	  28201
 92477 	 119717
 92477 	 124225
 92477 	  96223
 92477 	  69513
 92477 	 120346
 92477 	  82463
 92477 	  95350
 92477 	  86335
 92477 	  61797
 92477 	  65978
 92477 	 129747
 92477 	 117950
 92477 	  79171
 92477 	 129421
 92477 	 118234
 92477 	 111227
 92477 	 116540
 92477 	 103733
 92477 	 119270
 92477 	 108254
 92477 	  66058
 92477 	 119890
 92477 	  95929
 92477 	  68241
 92477 	  69636
 92477 	  52076
 92477 	  91849
 92477 	  98813
 92477 	  61674
 92477 	  92477
 66612 	  96113
 66612 	 126216
 66612 	  82318
 66612 	  70788
 97373 	   4793
 97373 	   9967
 97373 	  82246
 97373 	  31490
 97373 	  65887
 97373 	 107568
 97373 	  65978
 97373 	  93696
 97373 	  70788
 97373 	  76053
 97373 	  34899
124281 	  59539
124281 	  50275
124281 	   2986
124281 	 116115
124281 	 126216
124281 	   5133
124281 	 101673
124281 	 108273
124281 	  37931
124281 	  27623
124281 	   3715
124281 	 122171
124281 	  81503
124281 	  82242
124281 	  62878
124281 	 103602
 96106 	  82246
 96106 	  82318
111453 	  29716
111453 	 103813
111453 	  99477
111453 	 116115
111453 	 105733
111453 	 101673
111453 	  82318
111453 	 128471
111453 	 109399
111453 	 127707
 82662 	 126869
 82662 	  99477
 82662 	  98252
 82662 	 128471
 82662 	 115465
 82662 	  98991
 82662 	 123022
 82662 	 118234
 82662 	  98813
 64212 	  39337
 64212 	  96113
 64212 	  82318
 64212 	  64266
 64212 	 100142
 64212 	 100744
 64212 	 108765
 64212 	 111569
 64212 	 126225
 89982 	   4793
 89982 	  39337
 89982 	   9967
 89982 	 100909
 89982 	 104295
 89982 	  91637
 89982 	 101749
 89982 	  82318
 89982 	  18023
 89982 	 108765
 89982 	 124765
 89982 	 111569
 42495 	 106567
 42495 	  82246
 42495 	 126216
 42495 	 111666
 42495 	   2251
 42495 	  82318
 42495 	  65978
 42495 	 118234
 42495 	 127707
 42495 	 117490
 42495 	  34899
116362 	  82318
116362 	 126646
116362 	  73555
105591 	  88141
105591 	  81305
105591 	   2986
105591 	  62372
105591 	  15511
105591 	  66388
105591 	  82246
105591 	  29716
105591 	  63310
105591 	  69026
105591 	 116115
105591 	  67362
105591 	 126216
105591 	 103296
105591 	  72992
105591 	  16479
105591 	  65887
105591 	  79768
105591 	 114259
105591 	 108273
105591 	   1531
105591 	  94602
105591 	  70314
105591 	  86335
105591 	  61797
105591 	  79171
105591 	 119884
105591 	  62878
105591 	  91740
105591 	  80885
105591 	  70788
105591 	  76053
105591 	  95496
105591 	  42495
128928 	 106567
128928 	 113401
128928 	  94908
128928 	 127102
128928 	  96511
128928 	   4793
128928 	 102380
128928 	 117891
128928 	  39337
128928 	 117976
128928 	 110641
128928 	  50275
128928 	  93163
128928 	 119680
128928 	  92014
128928 	 130665
128928 	  95573
128928 	 205919
128928 	  78533
128928 	  97838
128928 	  95182
128928 	   2986
128928 	  76155
128928 	 106302
128928 	 128844
128928 	 106205
128928 	 105200
128928 	 127533
128928 	  88333
128928 	  96738
128928 	  70752
128928 	   8980
128928 	  91848
128928 	 107934
128928 	 129131
128928 	 131018
128928 	 105455
128928 	 126626
128928 	   9967
128928 	 130983
128928 	 114379
128928 	 131151
128928 	 126721
128928 	  65408
128928 	 101280
128928 	 103813
128928 	  10217
128928 	  95442
128928 	  92865
128928 	  82503
128928 	  31490
128928 	 102078
128928 	 102503
128928 	  94264
128928 	 111407
128928 	 113290
128928 	 122840
128928 	 100909
128928 	  53672
128928 	 108185
128928 	  99477
128928 	 117951
128928 	 101510
128928 	 127855
128928 	 119111
128928 	 119325
128928 	  93950
128928 	 101544
128928 	  67846
128928 	 100782
128928 	  53106
128928 	 129960
128928 	 101892
128928 	 130986
128928 	 115173
128928 	 104295
128928 	 124419
128928 	 128492
128928 	  91637
128928 	 102383
128928 	 122251
128928 	 125161
128928 	  52894
128928 	  36327
128928 	 119311
128928 	 128762
128928 	  43129
128928 	 124080
128928 	 116522
128928 	  76449
128928 	 103133
128928 	 101463
128928 	 108127
128928 	 120065
128928 	  96012
128928 	 111666
128928 	  73957
128928 	 118768
128928 	 128974
128928 	  79310
128928 	   3208
128928 	  10274
128928 	  79768
128928 	  99159
128928 	 101673
128928 	  96900
128928 	 114259
128928 	 102481
128928 	 119112
128928 	  37464
128928 	 110588
128928 	  92527
128928 	 101749
128928 	   2251
128928 	 103677
128928 	 122600
128928 	   1531
128928 	  58632
128928 	  83275
128928 	 115220
128928 	  58416
128928 	 117884
128928 	 105413
128928 	 124477
128928 	  37931
128928 	 101648
128928 	 111297
128928 	 106697
128928 	  74286
128928 	  27623
128928 	  34379
128928 	  95781
128928 	 116898
128928 	 105156
128928 	 124225
128928 	  99213
128928 	  98469
128928 	 119685
128928 	 128471
128928 	  96223
128928 	  70314
128928 	 115258
128928 	  69513
128928 	 126248
128928 	 102995
128928 	 118432
128928 	 115465
128928 	  95790
128928 	 101486
128928 	 101809
128928 	  95513
128928 	  94015
128928 	 123976
128928 	  18023
128928 	 109086
128928 	  76438
128928 	 122891
128928 	 124881
128928 	 105523
128928 	 113610
128928 	 103091
128928 	 110898
128928 	  93696
128928 	  58883
128928 	 110974
128928 	 123022
128928 	 115883
128928 	 111227
128928 	 121157
128928 	 116540
128928 	 123045
128928 	 100172
128928 	 108160
128928 	  77586
128928 	 128300
128928 	 101850
128928 	  50309
128928 	  80885
128928 	  70788
128928 	  74664
128928 	 106244
128928 	 100737
128928 	 126646
128928 	 126048
128928 	  94837
128928 	 124069
128928 	  41611
128928 	 130419
128928 	  62617
128928 	  96495
128928 	  51984
128928 	 105872
128928 	 101248
128928 	 124765
128928 	  95929
128928 	  97187
128928 	  90122
128928 	  76123
128928 	  66016
128928 	 102704
128928 	 101342
128928 	  68241
128928 	 124365
128928 	  97422
128928 	 113690
128928 	  94367
128928 	 123702
128928 	 102759
128928 	 113068
128928 	  95748
128928 	 117793
128928 	 117490
128928 	 117344
128928 	  97464
128928 	 113639
128928 	  94032
128928 	  98993
128928 	 129520
128928 	  50841
128928 	 117925
128928 	  93364
128928 	 101626
128928 	  31821
128928 	  61674
128928 	 125231
128928 	  92153
128928 	 124281
128928 	 111453
128928 	  82662
128928 	  89982
128928 	  42495
128928 	 116362
128928 	 105591
128079 	  82246
128079 	 125161
128079 	  43129
128079 	 107568
128079 	  82318
128079 	 111297
128079 	  76053
128079 	 128079
122396 	 106567
122396 	  96113
122396 	  82318
122396 	  73555
 88019 	   9595
 88019 	  10217
 88019 	 107568
 88019 	  82318
 88019 	  70788
 88019 	  52076
 88019 	 128079
118243 	  59539
118243 	  62372
118243 	  15511
118243 	  82246
118243 	  51213
118243 	  29716
118243 	  63310
118243 	  96113
118243 	  44074
118243 	 116115
118243 	  67362
118243 	  68681
118243 	 103296
118243 	 107568
118243 	  69633
118243 	   3208
118243 	 108273
118243 	  82318
118243 	 109399
118243 	  79171
118243 	 119884
118243 	 111227
118243 	  34899
118243 	  73555
118243 	 128079
112063 	   9595
112063 	  82246
112063 	  10217
112063 	  82503
112063 	  96113
112063 	 100142
112063 	  93696
112063 	 100744
112063 	  70788
112063 	 130419
112063 	  52076
112063 	  66612
100687 	   9595
100687 	  88141
100687 	 117891
100687 	  91563
100687 	   5543
100687 	  80370
100687 	   9967
100687 	  82246
100687 	 114379
100687 	  10217
100687 	  82503
100687 	 128492
100687 	  52894
100687 	 108127
100687 	 107568
100687 	 109086
100687 	  70788
100687 	  90122
100687 	 111569
100687 	  76053
100687 	  52076
100687 	  34899
100687 	  73555
100687 	  66612
130833 	 130387
130833 	 102380
130833 	 126869
130833 	 126040
130833 	  99902
130833 	 126200
130833 	 129859
130833 	 102503
130833 	 100909
130833 	  99477
130833 	 104295
130833 	  91637
130833 	 124080
130833 	 103133
130833 	  98252
130833 	  99455
130833 	 101749
130833 	  58632
130833 	 115220
130833 	  58416
130833 	 101648
130833 	 128471
130833 	  18023
130833 	 122891
130833 	 126974
130833 	 123022
130833 	 115883
130833 	 126651
130833 	 113681
130833 	 108160
130833 	 128300
130833 	 103084
130833 	 130419
130833 	 126992
130833 	 102704
130833 	 117793
130833 	  31821
130833 	 125231
130833 	 128928
130833 	 112063
114929 	  82246
114929 	  99477
114929 	  82318
114929 	 111297
114929 	 128471
114929 	  65978
114929 	 123045
114929 	 126651
114929 	  70788
114929 	  34899
123347 	 129208
123347 	 128974
123347 	  94602
123347 	  91740
123347 	 126646
123347 	 128079
 58385 	 106567
 58385 	 100617
 58385 	  96511
 58385 	 117891
 58385 	   5646
 58385 	  99477
 58385 	 128492
 58385 	 111666
 58385 	 129208
 58385 	  94602
 58385 	 128471
 58385 	 126651
 58385 	 100172
 58385 	 127707
105144 	  82246
105144 	  96113
105144 	  81306
105144 	 107568
105144 	  82318
105144 	  76053
105144 	  34899
105144 	  73555
130531 	  39337
130531 	  39079
130531 	  95573
130531 	  62372
130531 	  76155
130531 	 105200
130531 	 114621
130531 	  18307
130531 	  51213
130531 	  29716
130531 	  95603
130531 	  90147
130531 	 131017
130531 	 101892
130531 	 114673
130531 	  99159
130531 	 107458
130531 	  15972
130531 	  90137
130531 	 100142
130531 	 107890
130531 	  95790
130531 	 123976
130531 	  79171
130531 	 100744
130531 	  66563
130531 	  77586
130531 	  99548
130531 	 128707
130531 	 124765
130531 	 111569
130531 	 108883
130531 	  98993
130531 	  92477
130531 	  66612
130531 	 124281
130531 	 128928
130531 	 128079
130531 	 123347
 69502 	 106567
 69502 	   5646
 69502 	 129208
 69502 	  82318
 69502 	 123045
 69502 	 126651
 69502 	 126574
 69502 	 128079
 69502 	 130833
 92655 	  50275
 92655 	   5543
 92655 	  51213
 92655 	  96113
 92655 	 116115
 92655 	 105733
 92655 	 111666
 92655 	   3208
 92655 	 108273
 92655 	  82318
 92655 	  27623
 92655 	 119884
 92655 	  62878
 92655 	 126646
 92655 	 127707
 92655 	 108883
 92655 	 107802
 92655 	 103602
 92655 	 119808
 92655 	  95496
 92655 	  42495
 92655 	 128079
 92655 	 114929
 66646 	  88141
 66646 	  50275
 66646 	  52768
 66646 	   2986
 66646 	   5543
 66646 	  18307
 66646 	  29716
 66646 	  94332
 66646 	  96113
 66646 	 122840
 66646 	  53672
 66646 	  67362
 66646 	 126216
 66646 	 105733
 66646 	 103296
 66646 	   5133
 66646 	  79310
 66646 	   3208
 66646 	  93866
 66646 	 108174
 66646 	  82318
 66646 	 111297
 66646 	  27623
 66646 	  96223
 66646 	   3715
 66646 	    514
 66646 	 109399
 66646 	  86335
 66646 	  79171
 66646 	 122171
 66646 	 111227
 66646 	  81503
 66646 	  70788
 66646 	 111569
 66646 	 117490
 66646 	  91849
 66646 	 107802
 66646 	 103602
 66646 	 119808
 66646 	 114929
  3476 	   9967
  3476 	  82246
  3476 	  99477
  3476 	  53106
  3476 	 125161
  3476 	  82318
  3476 	 111297
  3476 	 128471
  3476 	  65978
  3476 	 123045
  3476 	 126651
  3476 	  50309
  3476 	 117344
  3476 	  93364
  3476 	  98813
  3476 	  69502
113084 	   9595
113084 	 125161
113084 	 107568
113084 	  82318
113084 	  76053
113084 	 128079
 98306 	 127102
 98306 	 128397
 98306 	 127242
 98306 	 128844
 98306 	 105455
 98306 	   9967
 98306 	 130983
 98306 	 129134
 98306 	  53106
 98306 	 103133
 98306 	  83275
 98306 	  28201
 98306 	 126974
 98306 	 128300
 98306 	  70788
 98306 	 126225
 98306 	  76053
 98306 	 117793
 98306 	  31821
 98306 	  98813
 98306 	  66612
 98306 	 128928
122256 	   4793
122256 	 128471
122256 	 124765
122256 	 111569
122256 	  31821
 87194 	   9595
 87194 	  92753
 87194 	  59539
 87194 	   4793
 87194 	  93163
 87194 	 205919
 87194 	  78533
 87194 	  52768
 87194 	   5543
 87194 	 105200
 87194 	  15511
 87194 	  18307
 87194 	   9967
 87194 	  28241
 87194 	  82246
 87194 	  29716
 87194 	  63310
 87194 	  82503
 87194 	  51289
 87194 	  53672
 87194 	  44074
 87194 	 116115
 87194 	  67362
 87194 	  58481
 87194 	 126216
 87194 	   2332
 87194 	  68681
 87194 	 125161
 87194 	 103296
 87194 	  72992
 87194 	  16479
 87194 	  65887
 87194 	   5133
 87194 	  76449
 87194 	 107568
 87194 	  85142
 87194 	  79310
 87194 	   3208
 87194 	  37464
 87194 	  93866
 87194 	 108273
 87194 	   2996
 87194 	 120998
 87194 	  15972
 87194 	  16404
 87194 	 105413
 87194 	  48486
 87194 	  37931
 87194 	  74286
 87194 	 121308
 87194 	   3715
 87194 	  86335
 87194 	  61797
 87194 	  76438
 87194 	 119884
 87194 	 111227
 87194 	  81503
 87194 	  74664
 87194 	  41611
 87194 	  62617
 87194 	  69636
 87194 	  52076
 87194 	  34899
 87194 	  73555
 87194 	  91849
 87194 	 107802
 87194 	 103602
 87194 	  64212
 87194 	 128079
 87194 	 114929
 87194 	  87194
