 95573 	  59539
127242 	  92753
 52768 	  81305
 52768 	 205919
  2986 	  78533
  9967 	  78533
 82246 	  78533
 31490 	   2986
 69026 	  88141
 69026 	  15511
100909 	  88141
100909 	  15511
 65863 	 205919
101510 	  81305
101510 	 205919
101510 	  80370
101510 	 101160
101510 	  69026
101510 	  51289
101510 	 108185
 85890 	 205919
 85890 	 101160
 85890 	  69026
 85890 	 108185
129960 	  80370
129960 	  51289
129960 	  70646
102383 	  92753
102383 	   5543
102383 	 113027
102383 	  93171
125161 	  78533
125161 	  44074
125161 	   2332
105733 	  81305
105733 	 110268
105733 	  69026
103296 	 114379
  2911 	 114379
125839 	  81305
 43129 	 205919
124080 	  88141
124080 	  15511
  5133 	  92753
  5133 	   5543
  5133 	 113027
  5133 	  93171
  5133 	  52894
118768 	  81305
118768 	  69026
118768 	 108185
 85142 	  80370
 85142 	  70646
  3208 	  59539
  3208 	   2986
  3208 	  53672
  3208 	  44074
  3208 	  67362
  3208 	  43129
  3208 	   5103
  3208 	  85142
 10274 	  59539
 10274 	  52768
 10274 	   2986
 10274 	  44074
 10274 	  43129
 10274 	   5103
 10274 	  85142
  2524 	  81305
  2524 	  69026
  2524 	  10274
  2524 	  79768
 93866 	  88141
 93866 	  15511
 93866 	  93171
108273 	  10274
108273 	  79768
 52786 	  80370
 52786 	  51289
 52786 	  70646
124477 	   2986
124477 	 103296
124477 	  43129
124477 	  85142
124477 	  37464
 48486 	 205919
 48486 	 101160
106697 	  92753
106697 	   5543
106697 	 113027
106697 	  93171
106697 	  52894
106697 	 108127
119685 	  78533
119685 	   2332
119685 	  76449
119685 	  74286
 96223 	  59539
 96223 	  52768
 96223 	   2986
 96223 	  53672
 96223 	  44074
 96223 	  67362
 96223 	   5103
 96223 	  85142
 96223 	   2996
 96223 	  37931
 70314 	  81305
 70314 	  10274
 70314 	  79768
 70314 	  70314
115258 	  44074
118432 	  88141
118432 	  15511
  2267 	  81305
  2267 	  10274
  2267 	  79768
  2267 	  70314
 95790 	  78533
 95790 	   2332
 95790 	  76449
 95790 	  74286
101809 	   2986
101809 	  94332
101809 	 103296
101809 	  43129
101809 	  85142
101809 	  37464
109399 	 114379
 86335 	 114379
 95513 	  78533
 95513 	   2332
 95513 	  76449
 95513 	  74286
117213 	  88141
109086 	  92753
109086 	   5543
109086 	 113027
109086 	  93171
109086 	  52894
109086 	 108127
109086 	 121308
109086 	  95350
109086 	  94015
126974 	  92753
126974 	  88141
126974 	   5543
126974 	  15511
126974 	  93171
126974 	  52894
126974 	 108127
126974 	   1531
126974 	  95350
126974 	 109086
105523 	  78533
105523 	 105523
 93696 	  78533
 93696 	   2332
 93696 	  76449
 93696 	  74286
 93696 	  76438
 93696 	 105523
121157 	  59539
121157 	  52768
121157 	  53672
121157 	  44074
121157 	  67362
121157 	   5103
121157 	   2996
121157 	  37931
 31394 	 205919
 31394 	  31394
123045 	  88141
 75661 	  88141
 75661 	  15511
 66563 	  88141
 66563 	  15511
108160 	 105523
 91740 	 105815
 59944 	  52768
 59944 	   2986
 59944 	  44074
 59944 	  43129
 59944 	   5103
 59944 	  85142
 59944 	   2996
 59944 	   3715
 59944 	    514
103733 	  92753
103733 	   5543
103733 	 113027
103733 	  93171
103733 	  52894
103733 	 108127
103733 	 121308
103733 	  95350
103733 	  94015
103733 	  58883
126048 	 105523
 99548 	  52768
 99548 	  53672
 99548 	  44074
 99548 	  67362
 99548 	   5103
 99548 	  37931
 99548 	  81503
 86131 	  88141
126574 	  44074
126574 	  81306
126574 	  69633
126574 	  16404
119890 	  92753
119890 	   5543
119890 	 113027
119890 	  93171
119890 	  52894
119890 	 108127
119890 	 121308
119890 	  95350
119890 	  94015
119890 	  58883
117924 	  92753
117924 	   5543
117924 	 113027
117924 	  93171
117924 	  52894
117924 	 108127
117924 	 121308
117924 	  95350
117924 	  94015
117924 	  58883
 97187 	  78533
 97187 	  44074
 97187 	   2332
 97187 	  76449
 97187 	  74286
 97187 	  76438
 97187 	 105523
 97187 	  74664
 97187 	  41611
 97187 	  62617
124365 	   2986
124365 	 103296
124365 	  43129
124365 	  85142
124365 	  37464
125108 	  67362
 97464 	  80370
 97464 	  51289
 97464 	  66058
 52076 	  80370
 52076 	  51289
 52076 	  70646
 52076 	 129421
 52076 	  66058
 34899 	 127242
 34899 	  52768
 34899 	   2986
 34899 	 114535
 34899 	  65863
 34899 	 130986
 34899 	 128762
 34899 	  37464
 34899 	   2996
 34899 	   3715
 34899 	 105523
 34899 	  81503
 34899 	  62878
 34899 	  34899
129520 	 105523
117925 	  88141
117925 	  15511
 98813 	  78533
 98813 	   2332
 98813 	  76449
 98813 	  74286
 98813 	  76438
 98813 	 105523
 98813 	  74664
 98813 	  41611
 98813 	  62617
 64212 	  52768
 64212 	   2986
 64212 	  53672
 64212 	  67362
 64212 	   5103
 64212 	   2996
 64212 	  37931
 64212 	  81503
 89982 	  92753
 89982 	  15511
 89982 	 113027
 89982 	  93171
 89982 	  95350
 89982 	 129421
 89982 	  58883
 89982 	  61674
130833 	  92753
130833 	  88141
130833 	  15511
130833 	  93171
114929 	  59944
123347 	  78533
123347 	   2332
123347 	  76449
123347 	  74286
123347 	  76438
123347 	 105523
123347 	  74664
123347 	  41611
123347 	  62617
123347 	  42495
 58385 	  78533
 58385 	   2332
 58385 	  76449
 58385 	  74286
 58385 	  76438
 58385 	  74664
 58385 	  41611
 58385 	  62617
130531 	  70646
 69502 	  78533
 69502 	   2332
 69502 	  76449
 69502 	  74286
 69502 	  76438
 69502 	 105523
 69502 	  74664
 69502 	  41611
 69502 	  62617
122256 	   5543
122256 	 113027
122256 	  93171
122256 	  52894
122256 	 121308
122256 	  95350
122256 	  94015
122256 	 129421
122256 	  58883
122256 	  90122
122256 	  61674
122256 	  58385
122256 	 105144
122256 	  92655
