 95182 	  82555
 62372 	  39337
128844 	  97838
106205 	  82555
106205 	  52768
 96738 	  88333
  8980 	   8980
125052 	  76155
129131 	  39079
124999 	  39337
130983 	  52768
110268 	 101280
 85402 	  97838
 66308 	 122022
  7012 	 100225
  7012 	 105200
  7012 	  28241
117081 	 130780
  5646 	  82555
  5646 	  76155
  5646 	 125052
  5646 	 124999
 69026 	  82555
 69026 	  52768
 69026 	 117081
 69026 	  94332
114535 	  95603
129859 	  94908
129859 	  76155
 94264 	 105200
 94264 	 114535
111407 	 103813
100909 	  82555
100909 	  52768
100909 	 117081
100909 	  94332
100909 	 111407
 65863 	  82246
 53672 	 109693
 99477 	 102078
117951 	  50275
116115 	 131018
 85890 	 114535
 85890 	  65863
 31770 	  76155
 93950 	 107934
 93950 	 117081
 93950 	 111407
 70646 	  94908
130986 	  70646
129434 	  39337
129434 	  82555
129434 	  52768
129434 	 117081
129434 	  94332
129434 	 114535
129434 	 111407
 94785 	  94908
 94785 	 100909
 94785 	 101892
115173 	  76155
115173 	  92250
115173 	 119111
115173 	 101892
  2332 	  94908
 77153 	 103813
 77153 	 130217
124080 	  82555
124080 	  52768
124080 	 117081
  2622 	  39079
  2622 	  88333
  2622 	 127451
 91880 	  92250
 91880 	 113290
 91880 	 119111
108127 	 122022
108127 	 110268
 95336 	 105815
111666 	  94908
111666 	 124080
 73957 	 117951
118768 	 105200
118768 	  82246
118768 	 114535
118768 	  65863
118768 	  94785
 79310 	  80370
 79310 	  70646
 79768 	 100617
 79768 	 130665
 79768 	 110571
 79768 	 124419
 79768 	  96012
 79768 	  73957
 65192 	  80370
 65192 	 101365
119617 	  94908
119617 	 114621
119617 	 125052
119617 	 104295
114259 	  98252
  2524 	  82246
108273 	  65863
108273 	   8179
 15972 	 103813
 15972 	 100909
 15972 	 104295
 15972 	 124080
 15972 	 103133
 92527 	  76155
 92527 	  92250
 92527 	 119111
 92527 	 101892
 92527 	 107458
 92527 	 110588
101749 	 101544
101749 	 104295
101749 	 103133
101749 	 101749
 52224 	 127533
 52224 	 103813
 52224 	 102078
 52224 	 119111
 52224 	 101544
 52224 	 115173
 52224 	 125990
 52224 	 107458
 52224 	 110588
103677 	  96511
122600 	  15511
 83275 	  52224
 62268 	  76155
 62268 	  92250
 62268 	 119111
 62268 	 101892
 62268 	 107458
 62268 	 108174
115220 	  52768
 58416 	 110268
 16404 	 104295
 16404 	 101749
 16404 	 115220
117884 	 105200
117884 	  28241
117884 	 117081
117884 	 114535
117884 	 111407
117884 	  65863
117884 	  58481
117884 	  94785
 81262 	  39337
 81262 	  50275
 81262 	 114535
 81262 	   8179
 48486 	  82555
 48486 	  28241
 48486 	 114535
 48486 	  65863
 48486 	  58481
 48486 	  94785
 48486 	   8179
127221 	  94908
127221 	 118052
127221 	 113290
127221 	 124080
127221 	 103677
127221 	 107489
 74286 	 105970
 95781 	  95603
124177 	 114535
116898 	 125052
116898 	 124999
116898 	 114535
116898 	 129859
116898 	   8179
116898 	 120998
 74885 	 110571
 74885 	  99159
105156 	  96113
119717 	 105156
 98469 	 124419
 98469 	  96012
 98469 	 101365
 98469 	 122945
119685 	 122022
119685 	 110268
119685 	  91926
121308 	 110641
 70314 	 114535
 70314 	  65863
 70314 	  94785
115258 	  73957
115258 	 101365
126248 	  94908
126248 	 118052
126248 	 113290
126248 	 100909
126248 	 124080
126248 	 103677
126248 	 107489
102995 	 102078
102995 	 117951
102995 	 119111
118432 	  52768
118432 	 117081
118432 	  92250
118432 	  94332
118432 	  94785
118432 	 116522
118432 	  85142
118432 	   2996
118432 	 108174
118432 	 107489
118432 	  37931
118432 	 100142
118432 	   3715
  2267 	 105200
  2267 	  28241
  2267 	  82246
  2267 	 114535
  2267 	  65863
  2267 	  94785
  2267 	   8179
 82463 	 107934
115465 	 107934
 95790 	  92865
 95790 	 121308
 95350 	 122945
117213 	  82555
117213 	  52768
117213 	 117081
117213 	  94332
117213 	 111407
117213 	  85142
117213 	 105413
117213 	  37931
117213 	  65782
117213 	 100142
117213 	   3715
 65978 	  94908
 65978 	 103677
129747 	 102078
117950 	  39079
117950 	  80370
117950 	   8980
117950 	 110268
117950 	  91926
117950 	  97207
117950 	 120065
117950 	  69513
 76438 	 101160
 79171 	 119685
124881 	 129131
105523 	 101365
129421 	  94927
129421 	 129434
129421 	  73957
129421 	 122600
129421 	 116898
113610 	  99159
 98991 	 101280
 98991 	 110588
 93696 	  92865
 93696 	 103091
119884 	 101280
119884 	 104295
119884 	 103133
119884 	 125990
119884 	 101749
119884 	 115220
119884 	 106697
119884 	 102995
123022 	 125052
123022 	 124999
123022 	 114535
123022 	 129859
123022 	   8179
123022 	 120998
123022 	  94005
100744 	 102078
100744 	 119111
 52250 	  95409
 31394 	  82555
 31394 	 105200
 31394 	  28241
 31394 	  82246
 31394 	 114535
 31394 	  65863
 31394 	  58481
 31394 	  94785
 31394 	   8179
 31394 	   2267
 31394 	  94005
 81503 	  91848
116540 	  95442
116540 	 100782
116540 	 102383
116540 	 123022
123045 	  52768
123045 	 117081
123045 	  92250
123045 	  94332
123045 	 111407
123045 	 108174
123045 	 107489
123045 	 105413
123045 	  48486
123045 	  37931
123045 	  65782
123045 	 100142
123045 	   3715
123045 	 100744
123045 	  81503
  2268 	  65887
126651 	  52768
126651 	  92250
126651 	 103133
126651 	  81503
 92509 	  52768
 92509 	    514
 92509 	  81503
 75661 	  52768
 75661 	 117081
 75661 	  94332
 75661 	  85142
 75661 	   2996
 75661 	  37931
 75661 	  65782
 75661 	 100142
 75661 	   3715
 75661 	    514
 75661 	 100744
 75661 	  81503
108160 	  97207
 77586 	 103813
 77586 	 117951
 77586 	 119111
 77586 	 115173
 77586 	 125990
 77586 	 107458
 77586 	 118234
128300 	 117951
128300 	 101673
 50309 	 108185
 66886 	 119717
100737 	  76155
100737 	  95603
100737 	 117951
100737 	 101544
100737 	 104295
100737 	 107458
100737 	 101749
100737 	 117950
100737 	 118234
100737 	 128300
108765 	 122022
108765 	 110268
108765 	 120065
108765 	 117213
126646 	 119111
108254 	  94908
108254 	 101892
108254 	 124080
108254 	 103677
108254 	 117884
126048 	 102380
 86131 	  82555
 86131 	  52768
 86131 	 117081
 86131 	  92250
 86131 	  94332
 86131 	 111407
 86131 	  85142
 86131 	 108174
 86131 	 107489
 86131 	 105413
 86131 	  37931
 86131 	  65782
 86131 	 100142
 86131 	   3715
 86131 	 100744
 86131 	  81503
 86131 	  82242
126574 	  91926
126574 	 101365
126574 	 109086
 66058 	 113610
124069 	   8179
124069 	 107458
 41611 	 131017
 41611 	 129208
 41611 	 101365
 41611 	  95409
 60615 	  94908
 60615 	 103813
 60615 	 101892
 60615 	 103677
 60615 	 101850
130419 	  70646
 68575 	  92250
 68575 	 101544
 68575 	 118234
 62617 	  39079
 62617 	  92865
 62617 	 103091
126992 	 127221
126992 	 124225
 51984 	 101850
101248 	 118052
101248 	  95603
101248 	 116522
101248 	 118768
101248 	 127221
101248 	 124225
101248 	 120346
101248 	  95790
101248 	 101850
124765 	 100909
124765 	 115173
124765 	 104295
124765 	 110588
124765 	 101749
124765 	 106697
124765 	 102995
124765 	 103038
124765 	 103084
 76123 	   7012
102704 	 100142
102704 	 100744
131601 	  95603
131601 	 124177
131601 	 124225
131601 	 123976
131601 	  96495
 68241 	  97838
 68241 	 101365
 68241 	 119685
113690 	  88333
113690 	  73957
 94367 	  95573
 94367 	 119717
128975 	 122945
128975 	 121157
102759 	 105970
102759 	  96223
102759 	 123976
102759 	  66563
102759 	 124765
102759 	 111569
126225 	 122022
126225 	 110268
126225 	 128707
113068 	  39079
113068 	  97207
 90406 	 103813
 90406 	 117951
 90406 	 119111
 90406 	 115173
 90406 	 125990
 90406 	 107458
 90406 	 118234
 90406 	 108765
 90406 	 103038
 90406 	 103084
 69636 	 119717
 69636 	 124225
 69636 	  96223
 69636 	 126225
 94032 	 100617
 94032 	 130665
 94032 	 110571
 94032 	 124419
 94032 	  96012
 94032 	  73957
 94032 	 105156
 94032 	 103091
 98993 	 130780
 98993 	 128707
 98993 	 128822
 91849 	  94908
 91849 	  76155
 91849 	 124080
 91849 	 103133
 91849 	 103677
 91849 	 120346
 91849 	 128300
 91849 	 108765
 91849 	 117793
117925 	  59539
117925 	  82555
117925 	   5103
117925 	   2996
117925 	 109399
107802 	 100142
107802 	 100744
 93364 	 119890
125120 	  94908
125120 	 100909
125120 	 101892
125120 	 103677
125120 	 128300
125120 	  95929
125120 	 117793
 98813 	 122022
 98813 	  92865
 98813 	  95350
 98813 	 103091
 61674 	   8980
 97373 	 124177
 97373 	 108883
 97373 	 126225
 82662 	  39337
 82662 	  52768
 82662 	   2986
 82662 	 117081
 82662 	  94332
 82662 	 111407
 82662 	 105413
 82662 	  37931
 82662 	  65782
 82662 	    514
 82662 	  81503
105591 	  76155
105591 	  95603
105591 	 117951
105591 	 101544
105591 	 104295
105591 	 124080
105591 	 107458
105591 	 101749
105591 	 115220
105591 	 119717
105591 	 117950
105591 	  92509
105591 	 108883
105591 	 113639
128928 	 103602
128079 	  94908
128079 	 124080
128079 	 103677
128079 	 101850
 88019 	  94908
 88019 	  76155
 88019 	 103133
 88019 	 103677
 88019 	 128300
 88019 	 108765
 88019 	 117793
 88019 	 128928
 88019 	 122396
118243 	  76155
118243 	  92250
118243 	 119111
118243 	 101892
118243 	 107458
118243 	 110588
118243 	 108174
118243 	 117884
118243 	 110974
118243 	 108765
118243 	 128928
130833 	  59539
130833 	 105733
114929 	  39337
114929 	 107934
114929 	  94785
114929 	  64212
123347 	  92865
123347 	 103091
 58385 	  91563
 58385 	 122022
 58385 	 120065
 58385 	  52786
 58385 	  68575
105144 	 131017
105144 	 129208
105144 	 101365
105144 	  95409
 69502 	  70752
 69502 	   8980
  3476 	 107934
  3476 	 100142
  3476 	 100744
113084 	  94908
113084 	 101892
113084 	 124080
113084 	 103677
113084 	 117884
113084 	 128300
113084 	  95929
113084 	 117793
 87194 	 127533
 87194 	 103813
 87194 	 101544
 87194 	 106697
 87194 	 102995
 87194 	 110898
 87194 	 103084
 87194 	 122396
 87194 	  98306
