 88141 	   9595
102380 	  59539
 90154 	  88141
 90154 	 117976
 92014 	 117976
 92014 	  81305
128397 	 117976
130665 	  88141
130665 	  81305
 95573 	  50275
127242 	   9595
127242 	 106567
127242 	  94927
127242 	 118052
127242 	  96511
127242 	 117891
127242 	 117976
127242 	  95573
 97838 	 117976
 95182 	 106567
 95182 	 117976
 52768 	  88141
 52768 	  96511
 52768 	 119680
  2986 	   9595
  2986 	  81305
126040 	  59539
126040 	  50275
126040 	  91563
126040 	   2986
 62372 	  78533
106302 	   9595
106205 	  88141
106205 	 117976
106205 	  62372
105200 	  50275
105200 	 105200
 15511 	  59539
 15511 	  82555
 15511 	  52768
 15511 	   2986
 66388 	  50275
 66388 	  78533
127533 	  78533
122022 	  78533
 88333 	  59539
 88333 	 118052
 88333 	  50275
 88333 	  91563
 88333 	  95573
 88333 	  82555
 88333 	  52768
 88333 	   2986
 88333 	  80370
 88333 	 105200
 18307 	  62372
 18307 	  18307
130780 	  82555
130780 	  52768
 91848 	  78533
125052 	  78533
126200 	   9595
  9967 	   2986
113027 	  78533
124999 	   9595
124999 	 117976
124999 	  62372
124999 	  15511
124999 	  18307
 28241 	   9595
130983 	 102380
130983 	 105455
 93171 	  78533
131151 	 113401
131151 	  92753
131151 	  94927
131151 	  59539
131151 	 117891
131151 	  50275
131151 	  93163
131151 	  39079
131151 	 100225
131151 	 130665
131151 	  95573
131151 	  82555
131151 	  52768
131151 	   2986
131151 	  80370
131151 	  76155
131151 	 105200
131151 	  15511
131151 	 110571
131151 	   8980
131151 	  28241
131151 	  93171
131151 	 114379
 51213 	  78533
 65408 	  59539
 65408 	  50275
 65408 	  82555
 65408 	  52768
 65408 	 105200
 65408 	  28241
 29716 	  50275
 29716 	  78533
110268 	  50275
110268 	  78533
110268 	  82555
110268 	  52768
103813 	 122022
103813 	 105455
127649 	  88141
127649 	  81305
127649 	  18307
 95603 	  50275
 95603 	  93163
 95603 	  39079
 95603 	  91563
 95603 	  78533
 95603 	  82555
 95603 	  52768
 95603 	   2986
 95603 	 105200
 95603 	   8980
 95603 	 131018
 95603 	  28241
 95603 	  51213
 95603 	  95603
 63310 	 127102
 63310 	 127242
 63310 	 128844
 63310 	 129131
 63310 	 105455
 63310 	 130983
 10217 	  90154
 10217 	  78533
 66308 	 117976
 66308 	  62372
 66308 	  66388
 66308 	  18307
 66308 	  91848
 66308 	  51213
 66308 	  29716
 66308 	  63310
 95442 	  78533
  7012 	   9595
117081 	  51213
 92865 	  59539
 92865 	  78533
  5646 	  88141
 92250 	  78533
 92250 	  65408
 82503 	  88141
 82503 	  62372
 82503 	  15511
 82503 	  18307
 82503 	  51213
 82503 	  63310
 94332 	  78533
 31490 	  95573
 31490 	  78533
 31490 	   5543
 31490 	 105200
 31490 	  28241
 31490 	  95603
 69026 	 106567
 69026 	 117976
 69026 	  62372
 69026 	  66388
 69026 	  18307
 69026 	  51213
 69026 	  29716
 69026 	  63310
 69026 	  69026
114535 	 100617
114535 	  51213
129859 	  78533
102503 	 117976
102503 	  62372
102503 	  18307
102503 	  51213
102503 	  29716
 94264 	  88141
 94264 	 117976
 94264 	  62372
 94264 	  18307
 94264 	  91848
 94264 	  63310
 94264 	  69026
111407 	  50275
111407 	  78533
111407 	  18307
111407 	  51213
111407 	  29716
100909 	 106567
100909 	 117976
100909 	  62372
100909 	  18307
100909 	  29716
100909 	  69026
 65863 	 117976
 65863 	 119680
 65863 	  15511
 65863 	  66388
 65863 	 127533
 65863 	  18307
 65863 	  91848
 65863 	  29716
 65863 	 101280
 65863 	 103813
 65863 	  63310
 53672 	  65863
 99477 	  18307
117951 	  81305
117951 	  62372
117951 	  18307
117951 	  63310
117951 	  69026
105970 	 110268
 75641 	  88141
129134 	  62372
129134 	  18307
131017 	  29716
101510 	 113401
101510 	  94927
101510 	 117891
101510 	 117976
101510 	 119680
101510 	 100225
101510 	 130665
101510 	  76155
101510 	 106302
101510 	  15511
101510 	 127533
101510 	 110571
101510 	 114621
101510 	  88333
101510 	  96738
101510 	  91848
101510 	 107934
101510 	 131018
101510 	 101280
101510 	 103813
101510 	  63310
101510 	  66308
101510 	   7012
101510 	   5646
101510 	 102078
127855 	 130665
127855 	 205919
127855 	  52768
127855 	  62372
127855 	  18307
127855 	  51213
127855 	  65408
127855 	  29716
127855 	  63310
116115 	  44074
127451 	  78533
127451 	  85402
127451 	  44074
  4363 	 113401
  4363 	 118052
  4363 	 100225
  4363 	  95573
  4363 	 122022
  4363 	  96738
  4363 	  51213
  4363 	 127649
  4363 	  95603
  4363 	 117081
  4363 	 108185
 85890 	 106567
 85890 	 113401
 85890 	  94927
 85890 	  88141
 85890 	 118052
 85890 	 117891
 85890 	 117976
 85890 	 119680
 85890 	 130665
 85890 	 110571
 85890 	  96738
 85890 	  91848
 85890 	 107934
 85890 	  63310
 85890 	   7012
 85890 	   5646
 85890 	  92250
 85890 	 102078
 85890 	 117951
 85890 	 131017
 85890 	 116115
 85890 	 130218
 85890 	  85890
 67362 	 100909
 31770 	  78533
 31770 	  44074
 31770 	  67362
119111 	  85402
119325 	  59539
119325 	  78533
119325 	  53672
119325 	  44074
119325 	  67362
129644 	  85402
129644 	  10217
 93950 	  62372
 93950 	  18307
 93950 	  69026
 58481 	 117976
 58481 	  62372
 58481 	  18307
 58481 	  51213
 58481 	  29716
 58481 	  63310
 70646 	  78533
 70646 	  44074
 70646 	  67362
101544 	  82246
 67846 	  85402
100782 	  85402
 53106 	  78533
 53106 	  62372
 53106 	  18307
105815 	  78533
105815 	  82246
129960 	  93163
129960 	  39079
129960 	   5543
129960 	  70752
129960 	 113027
129960 	 114379
 81306 	  88141
 81306 	  78533
 81306 	  85890
101892 	  88141
101892 	 117976
101892 	  62372
101892 	  66388
101892 	  18307
101892 	  29716
101892 	  63310
126216 	  10217
130986 	  78533
130986 	  67362
 85972 	  78533
 85972 	  51213
 85972 	  44074
 85972 	  67362
129434 	 117976
129434 	  62372
129434 	  15511
129434 	  18307
129434 	  51213
129434 	  29716
129434 	  63310
129434 	  69026
 94785 	  78533
 94785 	  44074
 94785 	  85890
115173 	  31770
104295 	  78533
104295 	  51213
124419 	  59539
124419 	  78533
124419 	  44074
124419 	  67362
128492 	  88141
 91637 	  82246
102383 	   9595
102383 	 106567
102383 	 113401
102383 	  94927
102383 	 118052
102383 	  96511
102383 	 117891
102383 	 117976
102383 	  95573
102383 	  76155
102383 	 127533
102383 	 110571
102383 	  88333
102383 	 125052
102383 	 107934
102383 	 124999
102383 	 114379
102383 	 126721
102383 	 101280
102383 	 103813
102383 	  63310
102383 	   7012
102383 	   5646
102383 	  82503
102383 	  31490
102383 	  69026
102383 	 102078
102383 	 130218
102383 	 119111
102383 	 129644
102383 	 101544
102383 	 105815
102383 	 129960
102383 	 101892
102383 	  85972
102383 	 129434
102383 	 115173
102383 	 128492
  2332 	  59539
  2332 	  78533
  2332 	  82555
  2332 	  52768
  2332 	  67362
  2332 	   2332
122251 	  93163
122251 	 100225
122251 	  95573
122251 	   2986
122251 	   5543
122251 	  76155
122251 	  51213
122251 	  95603
122251 	  90147
122251 	 117081
122251 	  94332
122251 	 111407
122251 	 117951
122251 	 105970
122251 	 129134
122251 	  44074
122251 	 116115
122251 	  67362
122251 	  58481
122251 	 105815
122251 	 101892
 68681 	  91926
 68681 	  82503
 68681 	  51289
 68681 	 126216
125161 	 117976
125161 	  62372
125161 	  18307
125161 	  51213
125161 	  29716
125161 	  63310
 52894 	  88141
 52894 	 117976
 52894 	 205919
 52894 	  63310
 52894 	  66308
 52894 	   5646
 52894 	  31490
 52894 	  72459
 52894 	 129644
105733 	  94927
105733 	 117891
105733 	 130665
105733 	  15511
105733 	 110571
105733 	  91848
105733 	  29716
105733 	  63310
105733 	   5646
105733 	 129644
105733 	 129434
105733 	 128492
105733 	  68681
103296 	  39079
103296 	  91563
103296 	  78533
103296 	   2986
103296 	   5543
103296 	  80370
103296 	 113027
103296 	  51213
103296 	  92250
103296 	  94332
103296 	 114535
103296 	  51289
103296 	 111407
103296 	  65863
103296 	 105970
103296 	 131017
103296 	  44074
103296 	  67362
103296 	  70646
103296 	 101892
103296 	   2332
103296 	  52894
 72992 	  50275
  2911 	  93163
  2911 	  39079
  2911 	  78533
  2911 	   2986
  2911 	   5543
  2911 	  28241
  2911 	  94332
  2911 	  51289
  2911 	 111407
  2911 	  65863
  2911 	 105970
  2911 	 131017
  2911 	  44074
  2911 	  67362
  2911 	  70646
  2911 	   2332
  2911 	  52894
 16479 	  91563
 16479 	  91926
 16479 	  58481
 16479 	  94785
 36327 	  50275
 36327 	  78533
 36327 	  53672
 36327 	   2332
130217 	  85402
128762 	  59539
128762 	  78533
128762 	  44074
128762 	 116115
128762 	  67362
128762 	   2332
125839 	  85402
125839 	  10217
 43129 	  94927
 43129 	 117976
 43129 	 130665
 43129 	  95182
 43129 	  62372
 43129 	  18307
 43129 	  96738
 43129 	  29716
 43129 	  63310
 43129 	 113290
 43129 	 129644
 43129 	 129434
  5103 	  88333
  5103 	 110268
124080 	   9595
124080 	 106567
124080 	  51213
124080 	  69026
124080 	  72992
124080 	  16479
  8179 	  50275
  8179 	  52768
  8179 	  53672
  8179 	  44074
  8179 	  67362
  8179 	  94785
  2622 	  51213
  2622 	  44074
 97207 	  81305
 97207 	  78533
 97207 	  15511
 97207 	  51213
 97207 	  69026
 97207 	  85890
 97207 	   2332
 97207 	  68681
 97207 	  72992
116522 	  62372
116522 	  66388
116522 	  18307
116522 	  63310
116522 	  66308
116522 	  69026
116522 	  72459
116522 	  68681
116522 	  65887
  5133 	 106567
  5133 	 113401
  5133 	  94927
  5133 	 118052
  5133 	  96511
  5133 	 117891
  5133 	 117976
  5133 	  81305
  5133 	  91563
  5133 	 100225
  5133 	  95573
  5133 	 205919
  5133 	  82555
  5133 	  95182
  5133 	  80370
  5133 	  76155
  5133 	 105200
  5133 	 127533
  5133 	 110571
  5133 	 122022
  5133 	  88333
  5133 	   8980
  5133 	 125052
  5133 	 107934
  5133 	 124999
  5133 	  28241
  5133 	 114379
  5133 	  65408
  5133 	 101280
  5133 	 103813
  5133 	  95603
  5133 	  63310
  5133 	  90147
  5133 	  91926
  5133 	   7012
  5133 	 117081
  5133 	   5646
  5133 	  69026
  5133 	 102078
  5133 	  51289
  5133 	 111407
  5133 	 113290
  5133 	 130218
  5133 	  67362
  5133 	 119111
  5133 	 129644
  5133 	  58481
  5133 	  70646
  5133 	 101544
  5133 	 105815
  5133 	 101892
  5133 	  85972
  5133 	 129434
  5133 	  94785
  5133 	 115173
  5133 	 124419
  5133 	 128492
  5133 	 122251
  5133 	  72992
  5133 	  16479
  5133 	 130217
  5133 	 125839
  5133 	 116522
101463 	  81305
101463 	  51213
101463 	  63310
101463 	  81306
101463 	  68681
101463 	  72992
108127 	 117976
108127 	  51213
108127 	  63310
108127 	  67362
108127 	  72992
108127 	  16479
108127 	  65887
120065 	 126040
120065 	 107934
120065 	 105455
120065 	 127649
120065 	  90147
120065 	  93950
120065 	  43129
 95336 	  88141
 95336 	  78533
 95336 	  69026
 95336 	   2332
 95336 	  68681
 95336 	  76449
 95336 	  95336
114673 	  39337
114673 	  39079
114673 	  91563
114673 	  90147
114673 	  92865
114673 	  58481
114673 	  94785
107568 	  51213
107568 	  44074
107568 	  76449
 96012 	  78533
 96012 	  82555
 96012 	  52768
 96012 	   2986
 96012 	  28241
 96012 	 114535
 96012 	  67362
 96012 	   2332
 96012 	  76449
111666 	  50275
111666 	  78533
111666 	  53672
111666 	   2332
111666 	  76449
125990 	  50275
125990 	  78533
125990 	  53672
125990 	  67362
125990 	  94785
125990 	   2332
125990 	   5103
125990 	  76449
 98252 	  51213
 98252 	  75641
 98252 	  76449
 73957 	  78533
 73957 	  44074
 73957 	  67362
 73957 	   2332
 73957 	  76449
118768 	 106567
118768 	  88141
118768 	 117976
118768 	  62372
118768 	  15511
118768 	  18307
118768 	  96738
118768 	  91848
118768 	  29716
118768 	 103813
118768 	  63310
118768 	 116115
118768 	 122251
118768 	  72992
118768 	  16479
118768 	 109370
118768 	 111666
 85142 	  93163
 85142 	   5543
 85142 	 113027
 85142 	 114379
 85142 	 108127
 69633 	  50275
 69633 	  51213
 69633 	  76449
128974 	  88141
128974 	 117976
128974 	 205919
128974 	  95182
128974 	  62372
128974 	 127533
128974 	  18307
128974 	  51213
128974 	  65408
128974 	  29716
128974 	 101280
128974 	 103813
128974 	  63310
128974 	 113290
128974 	  68681
128974 	 109370
128974 	 107568
128974 	 125990
128974 	 129208
128974 	 128974
 79310 	  62372
 79310 	  18307
 79310 	  75641
 79310 	  76449
101365 	 113401
101365 	  94927
101365 	 118052
101365 	  82555
101365 	  96738
101365 	  70752
101365 	   8980
101365 	 107934
101365 	 117951
101365 	  85890
101365 	 129434
101365 	 128492
101365 	 125839
101365 	  97207
101365 	   5133
101365 	  79310
  3208 	  50275
  3208 	 116115
  3208 	 105733
  3208 	 116522
  3208 	  76449
  3208 	  79310
 10274 	  50275
 10274 	 116115
 10274 	 105733
 10274 	 116522
 10274 	  76449
 10274 	  79310
 79768 	  78533
 79768 	  44074
 79768 	  31770
 79768 	   2332
 79768 	  76449
 99159 	  93163
 99159 	 113027
 99159 	 114379
 99159 	  51213
 99159 	  82503
 99159 	 131017
 99159 	 116115
 99159 	 105733
 99159 	   5103
 99159 	  76449
 99159 	  79310
 66221 	 110571
 66221 	  90147
 66221 	  73957
 66221 	  99159
 65192 	  76449
122945 	  59539
122945 	  78533
122945 	   2986
122945 	  51213
122945 	  44074
122945 	   2332
122945 	 105733
122945 	  76449
119617 	  85890
119617 	  72992
 99455 	  92753
 99455 	  59539
 99455 	  50275
 99455 	  39079
 99455 	  91563
 99455 	  78533
 99455 	  82555
 99455 	   2986
 99455 	 105200
 99455 	  28241
 99455 	 114379
 99455 	  63310
 99455 	  94332
 99455 	 114535
 99455 	  51289
 99455 	  65863
 99455 	  53672
 99455 	 131017
 99455 	  44074
 99455 	 116115
 99455 	  67362
 99455 	  70646
 99455 	  94785
 99455 	   2332
 99455 	  52894
 99455 	 105733
 99455 	 103296
 99455 	   5103
 99455 	   5133
 99455 	 120065
 99455 	  85142
 99455 	  79310
101673 	  50275
101673 	  51213
101673 	  67362
101673 	  76449
 96900 	  59539
 96900 	  82555
 96900 	  52768
 96900 	  67362
 96900 	  85142
114259 	  10217
102481 	  78533
102481 	  67362
102481 	   2332
102481 	  76449
119112 	  85402
  2524 	 106567
  2524 	  88141
  2524 	 117891
  2524 	 117976
  2524 	  62372
  2524 	  18307
  2524 	  51213
  2524 	  29716
  2524 	 103813
  2524 	  63310
  2524 	  72992
  2524 	  16479
  2524 	 111666
  2524 	 125990
  2524 	 101673
 37464 	  88141
 37464 	  78533
 37464 	  85890
 37464 	   2332
 37464 	  76449
 93866 	  94927
 93866 	 117976
 93866 	 130665
 93866 	  62372
 93866 	 110571
 93866 	  18307
 93866 	  91848
 93866 	  51213
 93866 	  29716
 93866 	  63310
 93866 	   5646
 93866 	  31490
 93866 	 113290
 93866 	 130218
 93866 	 129644
 93866 	 129960
 93866 	 129434
 93866 	 128492
 93866 	 125839
 93866 	 128974
 93866 	 119617
 93866 	 101673
 93866 	  96900
108273 	 106567
108273 	 117976
108273 	  91848
108273 	  29716
108273 	 103813
108273 	  63310
108273 	 122251
108273 	 109370
108273 	  76449
108273 	 111666
108273 	 114259
  2996 	  85890
115606 	  88141
115606 	 117976
115606 	  81305
115606 	  62372
115606 	  18307
115606 	  65408
115606 	  63310
115606 	  69026
115606 	   2332
115606 	  68681
115606 	  72992
115606 	  16479
115606 	  76449
115606 	  10274
115606 	  79768
115606 	  66221
120998 	  59539
120998 	  50275
120998 	  91563
120998 	  95573
120998 	  82555
120998 	  52768
120998 	   2986
120998 	  80370
120998 	 105200
120998 	  28241
120998 	  95603
120998 	  91926
120998 	  94332
120998 	 114535
120998 	  51289
120998 	 111407
120998 	 113290
120998 	  65863
120998 	  53672
120998 	 117951
120998 	 105970
120998 	 131017
120998 	 116115
120998 	  58481
120998 	  70646
120998 	 105815
120998 	 126216
120998 	  94785
120998 	  52894
120998 	   5103
120998 	   5133
120998 	  85142
120998 	  79310
120998 	 119617
120998 	  37464
120998 	 108273
120998 	 120998
 15972 	  50275
 15972 	  78533
 15972 	  82555
 15972 	  52768
 15972 	  53672
 15972 	  44074
 15972 	   2332
 15972 	  76449
 15972 	  79310
 15972 	  37464
 15972 	   2996
110588 	   9595
110588 	  95336
 92527 	  31770
101749 	  88141
101749 	 117976
101749 	 205919
101749 	  78533
101749 	  62372
101749 	  18307
101749 	  51213
101749 	  29716
101749 	  63310
101749 	   2332
101749 	  76449
101749 	 111666
101749 	  10274
101749 	  79768
101749 	  66221
101749 	 101673
101749 	  15972
108174 	  51213
108174 	  77153
103677 	  78533
103677 	   2986
103677 	   2332
103677 	 103296
103677 	  76449
103677 	   3208
122600 	  75641
122600 	  67362
122600 	  77153
  1531 	  90147
  1531 	   4363
  1531 	 114673
 62649 	  90154
 62649 	  78533
 62649 	  31770
 62649 	   2332
 62649 	  76449
 62649 	  95336
 62649 	 107568
 62649 	  65192
 62649 	  62649
 90137 	  78533
 90137 	  52768
 90137 	  62372
 90137 	  29716
 90137 	 114535
 90137 	  65863
 90137 	  53672
 90137 	  67362
 90137 	   2332
 90137 	  76449
 90137 	  79310
 90137 	  37464
 90137 	  15972
 82318 	  65887
 83275 	 105733
115220 	  88141
115220 	  81305
115220 	  15511
115220 	  51213
115220 	  65408
115220 	  69026
115220 	  68681
115220 	  16479
115220 	  76449
115220 	  10274
115220 	  79768
 58416 	  63310
 58416 	  72992
 58416 	  16479
 58416 	  65887
 52786 	  93163
 52786 	  39079
 52786 	   5543
 52786 	  70752
 52786 	 113027
 52786 	 114379
 52786 	 108127
 16404 	  78533
 16404 	  51213
 16404 	  44074
 16404 	   2332
 16404 	  76449
 16404 	 108273
117884 	 106567
117884 	 117976
117884 	  62372
117884 	  18307
117884 	  91848
117884 	  51213
117884 	  29716
117884 	 103813
117884 	  63310
117884 	 122251
117884 	  65887
117884 	 111666
117884 	   3208
117884 	 101673
117884 	  15972
105413 	  59539
105413 	  78533
105413 	  44074
105413 	 116115
105413 	  67362
105413 	   2332
105413 	 103296
105413 	  76449
105413 	 108273
124477 	  95573
124477 	   5543
124477 	 105200
124477 	  28241
124477 	  95603
124477 	  90147
124477 	 114535
124477 	 111407
124477 	  65863
124477 	 116115
124477 	 116522
124477 	  76449
124477 	 120998
124477 	  90137
124477 	 107489
 81262 	 117976
 81262 	  62372
 81262 	  15511
 81262 	  18307
 81262 	  91848
 81262 	  29716
 81262 	 103813
 81262 	  63310
 81262 	  69026
 81262 	  65887
 81262 	 109370
 81262 	 107568
 81262 	 129208
 81262 	 101673
 81262 	  15972
 81262 	  94602
 48486 	 106567
 48486 	 113401
 48486 	 117976
 48486 	  62372
 48486 	  15511
 48486 	  66388
 48486 	 127533
 48486 	  18307
 48486 	  91848
 48486 	  29716
 48486 	 101280
 48486 	 103813
 48486 	  63310
 48486 	 113290
 48486 	 122251
 48486 	 130217
 48486 	 109370
 48486 	  76449
 48486 	 111666
 48486 	 125990
 48486 	 129208
 48486 	 128974
 48486 	   3208
 48486 	  96900
 48486 	  93866
 48486 	  15972
 48486 	 110588
 48486 	   1531
 48486 	  94602
 37931 	  82246
101648 	   9595
101648 	  82246
101648 	  82503
101648 	  52894
111297 	  44074
111297 	  85890
111297 	  76449
106697 	 106567
106697 	 113401
106697 	  94927
106697 	 118052
106697 	  96511
106697 	 117891
106697 	 117976
106697 	  81305
106697 	  91563
106697 	 100225
106697 	  95573
106697 	 205919
106697 	  82555
106697 	  95182
106697 	  80370
106697 	  76155
106697 	 105200
106697 	 127533
106697 	 110571
106697 	 122022
106697 	  88333
106697 	   8980
106697 	 125052
106697 	 107934
106697 	 124999
106697 	  28241
106697 	 114379
106697 	  65408
106697 	 101280
106697 	 103813
106697 	  95603
106697 	  63310
106697 	  90147
106697 	  91926
106697 	   7012
106697 	 117081
106697 	   5646
106697 	  69026
106697 	 102078
106697 	  51289
106697 	 111407
106697 	 113290
106697 	 130218
106697 	  67362
106697 	 119111
106697 	 129644
106697 	  58481
106697 	  70646
106697 	 101544
106697 	 105815
106697 	 101892
106697 	  85972
106697 	 129434
106697 	  94785
106697 	 115173
106697 	 124419
106697 	 128492
106697 	 122251
106697 	  72992
106697 	  16479
106697 	 130217
106697 	 125839
106697 	 116522
106697 	 114673
106697 	  96012
106697 	 111666
106697 	 125990
106697 	 129208
106697 	  73957
106697 	 118768
106697 	 128974
106697 	 101365
106697 	  10274
106697 	  79768
106697 	  99159
106697 	  66221
106697 	 122945
106697 	 119617
106697 	  96900
106697 	 119112
106697 	  93866
106697 	   2996
106697 	 120998
106697 	 110588
106697 	 108174
106697 	 122600
106697 	  90137
106697 	  94602
106697 	 117884
106697 	 105413
106697 	 124477
106697 	  81262
106697 	  48486
106697 	  37931
 74286 	 117976
 74286 	  62372
 74286 	 127533
 74286 	  18307
 74286 	  51213
 74286 	 103813
 74286 	  63310
 74286 	  69026
 74286 	  68681
 74286 	   2911
 74286 	  16479
 74286 	  65887
 74286 	 109370
 74286 	  15972
 27623 	  85402
 27623 	  44074
 27623 	  67362
 27623 	 103296
 34379 	  44074
 95781 	  44074
 95781 	  85890
124177 	  88141
124177 	  85890
124177 	  68681
 65782 	   2986
 65782 	  51213
 65782 	  63310
 65782 	  67362
 65782 	   3208
100142 	  88141
100142 	   5133
 51767 	  95336
 74885 	  78533
 74885 	  51213
 74885 	  29716
 74885 	  44074
 74885 	 116115
 74885 	  67362
 74885 	   2332
 74885 	 103296
 74885 	  76449
 74885 	  74286
105156 	  78533
105156 	  51213
105156 	  85890
105156 	   2332
105156 	  68681
105156 	  76449
105156 	  85142
105156 	  74286
119717 	  59539
119717 	  78533
119717 	  44074
119717 	  67362
119717 	   2332
119717 	  76449
119717 	 108273
119717 	  74286
 95409 	  50275
 95409 	  78533
 95409 	  53672
 95409 	   2332
 95409 	   8179
 95409 	  76449
 95409 	  85142
 95409 	  79310
 95409 	  37931
 95409 	  74286
124225 	  59539
124225 	  78533
124225 	  51213
124225 	  44074
124225 	 116115
124225 	   2332
124225 	  76449
124225 	  74286
 99213 	  78533
 99213 	  44074
 99213 	 116115
 99213 	   2332
 99213 	  76449
 99213 	  74286
 98469 	  75641
 98469 	  76449
 98469 	  74286
119685 	 117976
119685 	  51213
119685 	  65408
119685 	 103813
119685 	  63310
119685 	  72992
119685 	  65887
119685 	 101673
128471 	  94908
128471 	  92753
128471 	  88141
128471 	 109693
128471 	  88333
128471 	 130780
128471 	 129131
128471 	 100909
128471 	 117951
128471 	 104295
128471 	  91880
128471 	  73957
128471 	 101365
128471 	 101749
128471 	 103677
128471 	   1531
128471 	 115220
128471 	 111297
128471 	  99213
128471 	 119685
 77148 	  59539
 77148 	  82555
 77148 	  52768
 77148 	  28241
 77148 	  51213
 77148 	  53672
 77148 	  44074
 77148 	  67362
 77148 	  85142
 77148 	  79310
 77148 	 108273
 77148 	   2996
 77148 	 108174
 77148 	  37931
 96223 	  50275
 96223 	 116115
 96223 	 105733
 96223 	 116522
 96223 	  76449
 96223 	  79310
 96223 	 120998
 96223 	 108174
 96223 	 107489
 96223 	  74286
 70314 	  94927
 70314 	 117976
 70314 	  62372
 70314 	  15511
 70314 	  66388
 70314 	  18307
 70314 	  51213
 70314 	  63310
 70314 	 127451
 70314 	 129644
 70314 	 128492
 70314 	 105733
 70314 	  72992
 70314 	 118768
 70314 	 101673
 70314 	  15972
  3715 	  59539
  3715 	  78533
  3715 	  44074
  3715 	   2332
  3715 	  76449
  3715 	  74286
115258 	  31770
115258 	  76449
115258 	 107568
115258 	  65192
115258 	  74286
 87759 	  78533
 87759 	  44074
 87759 	   2332
 87759 	  76449
 87759 	 108273
 87759 	  74286
102995 	  52768
102995 	  67362
102995 	  85142
102995 	  37464
102995 	 108273
102995 	  48486
102995 	   3715
120346 	  29716
120346 	  44074
120346 	  77148
118432 	   9595
118432 	  51213
118432 	  69026
118432 	  72992
118432 	  16479
  2267 	 117976
  2267 	  62372
  2267 	  15511
  2267 	  66388
  2267 	  18307
  2267 	  91848
  2267 	  29716
  2267 	  63310
  2267 	 117951
  2267 	 116115
  2267 	 122251
  2267 	  72992
  2267 	  16479
  2267 	 118768
  2267 	 101673
  2267 	 114259
  2267 	  15972
  2267 	 120346
   514 	  39337
   514 	 105455
115465 	  78533
115465 	  69026
115465 	  85890
115465 	   2332
115465 	  72992
115465 	  76449
115465 	  81262
115465 	  74286
107890 	  88141
107890 	  59539
107890 	  81305
107890 	  78533
107890 	  62372
107890 	  15511
107890 	  18307
107890 	  51213
107890 	  65408
107890 	  29716
107890 	  63310
107890 	  69026
107890 	  44074
107890 	  85890
107890 	   2332
107890 	  72992
107890 	  16479
107890 	  76449
107890 	  10274
107890 	  79768
107890 	 101673
107890 	  15972
107890 	  81262
107890 	  74286
107890 	  70314
 95790 	   9595
 95350 	  78533
 95350 	  51213
 95350 	  44074
 95350 	  67362
 95350 	   2332
 95350 	  76449
 95350 	 108273
 95350 	  74286
101486 	  78533
101486 	  85402
101486 	  44074
101486 	   2332
101486 	  76449
101486 	  74286
101486 	  27623
101809 	  95573
101809 	   5543
101809 	 105200
101809 	  28241
101809 	  95603
101809 	  90147
101809 	 114535
101809 	 111407
101809 	  65863
101809 	 116115
101809 	 116522
101809 	  76449
101809 	  79310
101809 	 120998
101809 	  90137
101809 	 107489
101809 	  74286
101809 	 107890
101809 	  95790
 48728 	  88141
 48728 	 205919
 48728 	  78533
 48728 	  62372
 48728 	  15511
 48728 	  18307
 48728 	  91848
 48728 	  65408
 48728 	  29716
 48728 	  63310
 48728 	 128492
 48728 	   2332
 48728 	  76449
 48728 	  10274
 48728 	  79768
 48728 	  66221
 48728 	  15972
 48728 	  74286
 48728 	  70314
109399 	  93163
109399 	  39079
109399 	  78533
109399 	   2986
109399 	   5543
109399 	 105200
109399 	 114621
109399 	 130780
109399 	  28241
109399 	  51213
109399 	  91926
109399 	  92250
109399 	  94332
109399 	 114535
109399 	  51289
109399 	 111407
109399 	  65863
109399 	 117951
109399 	 105970
109399 	 131017
109399 	  44074
109399 	  67362
109399 	  70646
109399 	 101892
109399 	   2332
109399 	  52894
109399 	   8179
109399 	  76449
109399 	 108127
109399 	 120065
109399 	  85142
109399 	  37464
109399 	 120998
109399 	 107489
109399 	  52786
109399 	  74286
109399 	  65782
109399 	 121308
109399 	   3715
109399 	   2267
109399 	    514
109399 	  95790
 86335 	  93163
 86335 	  39079
 86335 	  78533
 86335 	   2986
 86335 	   5543
 86335 	 105200
 86335 	 114621
 86335 	 130780
 86335 	  28241
 86335 	  51213
 86335 	  91926
 86335 	  92250
 86335 	  94332
 86335 	 114535
 86335 	  51289
 86335 	 111407
 86335 	  65863
 86335 	 105970
 86335 	 131017
 86335 	  44074
 86335 	  67362
 86335 	  70646
 86335 	   2332
 86335 	  52894
 86335 	   8179
 86335 	  76449
 86335 	 120065
 86335 	  85142
 86335 	  37464
 86335 	 120998
 86335 	 107489
 86335 	  52786
 86335 	  74286
 86335 	  65782
 86335 	 121308
 86335 	   3715
 86335 	   2267
 86335 	    514
 86335 	  95790
 61797 	  78533
 61797 	  44074
 61797 	   2332
 61797 	 103296
 61797 	  76449
 61797 	 108273
 61797 	  74286
 61797 	   3715
 95513 	  68681
 95513 	  86335
 95513 	  61797
 94015 	  63310
 94015 	  16479
 94015 	  76449
 94015 	  74286
 94015 	  86335
 94015 	  61797
117213 	 117976
117213 	  62372
117213 	  18307
117213 	  29716
117213 	  63310
117213 	  69026
117213 	  72992
117213 	  16479
117213 	  65887
117213 	 101673
117213 	  15972
117213 	  86335
117213 	  61797
 94005 	  81305
 94005 	  78533
 94005 	  62372
 94005 	  18307
 94005 	  51213
 94005 	  69026
 94005 	  44074
 94005 	  85890
 94005 	   2332
 94005 	  68681
 94005 	  76449
 94005 	  15972
 94005 	  81262
 94005 	  74286
 94005 	  48728
123976 	  85402
123976 	  81306
123976 	  69633
 18023 	  91563
 18023 	  78533
 18023 	  91926
 18023 	  96113
 18023 	   2332
 18023 	 116898
 65978 	  50275
 65978 	  78533
 65978 	  53672
 65978 	   2332
 65978 	  76449
 65978 	  79310
 65978 	  37931
 65978 	  74286
 65978 	  27623
129747 	  78533
129747 	  53672
129747 	  67362
129747 	  94785
129747 	   2332
129747 	  68681
129747 	   5103
129747 	  76449
129747 	  85142
129747 	 108273
129747 	  48486
129747 	  74286
129747 	  77148
129747 	    514
117950 	 117976
117950 	  51213
117950 	  65408
117950 	  63310
117950 	  16479
117950 	  65887
117950 	 101673
117950 	  96223
109086 	 106567
109086 	 113401
109086 	  94927
109086 	 118052
109086 	  96511
109086 	 117891
109086 	 117976
109086 	  81305
109086 	  91563
109086 	 100225
109086 	  95573
109086 	 205919
109086 	  82555
109086 	  95182
109086 	  80370
109086 	  76155
109086 	 105200
109086 	 127533
109086 	 110571
109086 	 122022
109086 	  88333
109086 	   8980
109086 	 125052
109086 	 107934
109086 	 124999
109086 	  28241
109086 	 114379
109086 	  65408
109086 	 101280
109086 	 103813
109086 	  95603
109086 	  63310
109086 	  90147
109086 	  91926
109086 	   7012
109086 	 117081
109086 	   5646
109086 	  69026
109086 	 102078
109086 	  51289
109086 	 111407
109086 	 113290
109086 	 130218
109086 	  67362
109086 	 119111
109086 	 129644
109086 	  58481
109086 	  70646
109086 	 101544
109086 	 105815
109086 	 101892
109086 	  85972
109086 	 129434
109086 	  94785
109086 	 115173
109086 	 124419
109086 	 128492
109086 	 122251
109086 	  72992
109086 	  16479
109086 	 130217
109086 	 125839
109086 	 116522
109086 	 114673
109086 	  96012
109086 	 111666
109086 	 125990
109086 	 129208
109086 	  73957
109086 	 118768
109086 	 128974
109086 	 101365
109086 	  10274
109086 	  79768
109086 	  99159
109086 	  66221
109086 	 122945
109086 	 119617
109086 	  96900
109086 	 119112
109086 	  93866
109086 	   2996
109086 	 120998
109086 	 110588
109086 	 108174
109086 	 122600
109086 	  90137
109086 	  94602
109086 	 117884
109086 	 105413
109086 	 124477
109086 	  81262
109086 	  48486
109086 	  37931
109086 	 105156
109086 	 119717
109086 	  95409
109086 	 124225
109086 	  99213
109086 	  98469
109086 	 119685
109086 	  70314
109086 	 115258
109086 	  69513
109086 	 126248
109086 	 107890
109086 	  95790
109086 	 101486
109086 	 101809
109086 	  48728
109086 	 109399
109086 	  86335
109086 	  61797
109086 	  95513
109086 	 117213
109086 	 123976
109086 	 129747
109086 	 117950
122891 	  59539
122891 	  50275
122891 	  91563
122891 	  82555
122891 	  52768
122891 	   2986
122891 	  80370
122891 	 105200
122891 	  28241
122891 	 114379
122891 	  91926
122891 	  94332
122891 	 114535
122891 	  51289
122891 	 111407
122891 	  65863
122891 	 105970
122891 	 131017
122891 	 116115
122891 	  58481
122891 	  70646
122891 	 126216
122891 	  94785
122891 	  52894
122891 	 105733
122891 	   5103
122891 	   8179
122891 	   5133
122891 	 108127
122891 	 120065
122891 	  85142
122891 	  79310
122891 	 101365
122891 	  37464
122891 	 108273
122891 	   2996
122891 	 120998
122891 	 108174
122891 	 105413
122891 	  48486
122891 	  37931
122891 	  27623
122891 	  95781
122891 	 121308
122891 	   3715
122891 	    514
122891 	  95790
122891 	 109399
122891 	  94005
122891 	 109086
 79171 	  78533
 79171 	  51213
 79171 	   2332
 79171 	  76449
 79171 	 108273
 79171 	  74286
 79171 	  76438
124881 	  10217
124881 	  95336
126974 	 106567
126974 	 113401
126974 	 118052
126974 	  96511
126974 	 117891
126974 	 117976
126974 	  93163
126974 	 119680
126974 	 100225
126974 	 130665
126974 	  95573
126974 	  62372
126974 	 106302
126974 	 127533
126974 	 110571
126974 	  88333
126974 	  18307
126974 	  91848
126974 	 107934
126974 	 131018
126974 	 114379
126974 	 126721
126974 	  29716
126974 	 101280
126974 	 103813
126974 	  95603
126974 	  63310
126974 	  90147
126974 	   7012
126974 	  92865
126974 	   5646
126974 	  92250
126974 	  82503
126974 	 102078
126974 	 113290
126974 	 108185
126974 	 117951
126974 	 105970
126974 	 127451
126974 	 130218
126974 	 119111
126974 	 129644
126974 	 101544
126974 	 105815
126974 	 129960
126974 	 101892
126974 	  85972
126974 	 129434
126974 	 115173
126974 	 124419
126974 	 122251
126974 	  65887
126974 	 130217
126974 	 125839
126974 	 109370
126974 	  97207
126974 	 116522
126974 	  91880
126974 	 120065
126974 	 114673
126974 	  96012
126974 	 111666
126974 	 125990
126974 	 129208
126974 	 118768
126974 	 128974
126974 	  99159
126974 	 119617
126974 	 107458
126974 	 101673
126974 	  96900
126974 	 114259
126974 	 119112
126974 	 120998
126974 	  15972
126974 	 110588
126974 	 122600
126974 	  90137
126974 	 107489
126974 	 117884
126974 	 124477
126974 	  95781
126974 	 124177
126974 	 116898
126974 	 105156
126974 	 119717
126974 	  95409
126974 	 124225
126974 	  99213
126974 	  98469
126974 	 119685
126974 	  96223
126974 	 115258
126974 	 126248
126974 	 120346
126974 	 118432
126974 	 107890
126974 	  95790
126974 	 101486
126974 	 101809
126974 	  95513
126974 	 117213
126974 	 123976
126974 	 129747
126974 	  79171
126974 	 124881
105523 	  18307
105523 	  63310
105523 	  72992
105523 	  16479
105523 	  15972
105523 	  86335
105523 	  61797
129421 	  78533
129421 	  51213
129421 	  44074
129421 	 116115
129421 	   2332
129421 	  76449
129421 	 108273
129421 	  74286
129421 	  76438
129421 	 105523
113610 	  78533
113610 	  44074
113610 	  67362
113610 	   2332
113610 	  76449
113610 	 108273
113610 	  74286
113610 	  76438
113610 	 105523
103091 	  88141
103091 	 106205
103091 	 109693
103091 	 131018
103091 	  29716
103091 	 108185
103091 	 129134
103091 	  85972
103091 	  91880
103091 	 101365
103091 	  96900
103091 	   1531
103091 	  95781
103091 	 119685
103091 	 118432
 67993 	  82246
 98991 	  78533
 98991 	  51213
 98991 	  44074
 98991 	   2332
 98991 	  76449
 98991 	 108273
 98991 	  74286
 98991 	  76438
 98991 	 105523
110898 	  98469
110898 	 101809
 61753 	  82246
 61753 	   5133
 93696 	  51213
 93696 	  75641
 93696 	  31770
 93696 	 105733
 93696 	  16404
 93696 	  77148
 93696 	  67993
 58883 	  94927
 58883 	 205919
 58883 	  95182
 58883 	 127533
 58883 	 110571
 58883 	  51213
 58883 	  65408
 58883 	 101280
 58883 	 103813
 58883 	  63310
 58883 	   7012
 58883 	 130218
 58883 	 129644
 58883 	 129434
 58883 	 130217
 58883 	 125990
 58883 	 129208
 58883 	 128974
 58883 	  10274
 58883 	  79768
 58883 	  66221
 58883 	 119617
 58883 	 101673
 58883 	 114259
 58883 	 110588
 58883 	  94602
 58883 	 124477
 58883 	 119717
 58883 	 124225
 58883 	  70314
 58883 	 101486
 58883 	  95513
 58883 	 129747
 58883 	  79171
 58883 	 113610
 58883 	 103091
119884 	  78533
119884 	  51213
119884 	  44074
119884 	   2332
119884 	  76449
119884 	  74286
119884 	  76438
119884 	 105523
110974 	  82246
110974 	  10217
118234 	  69026
118234 	  68681
118234 	  72992
118234 	  16479
118234 	  79768
118234 	  81262
118234 	  48728
118234 	  86335
118234 	  61797
118234 	 105523
115883 	  85402
103973 	   2986
103973 	  82246
103973 	  91926
103973 	  44074
103973 	  67362
103973 	 126216
103973 	  52894
103973 	 103296
103973 	  85142
103973 	  37464
103973 	   3715
 67672 	 106567
 67672 	  81305
 67672 	  15511
 67672 	 127533
 67672 	 103813
 67672 	  69026
 67672 	 129434
 67672 	  68681
 67672 	  72992
 67672 	  16479
 67672 	 109370
 67672 	 111666
 67672 	 129208
 67672 	  10274
 67672 	  79768
 67672 	 110588
 67672 	  81262
 67672 	  70314
 67672 	  48728
 67672 	  86335
 67672 	  61797
 67672 	 105523
 67672 	 103091
 67672 	 110898
111227 	  88141
111227 	  91563
 52250 	  76449
 52250 	 108273
 52250 	  74286
 52250 	  76438
 52250 	 105523
121157 	  50275
121157 	 105733
121157 	  76449
121157 	  79310
121157 	 108174
121157 	 107489
121157 	  74286
121157 	  76438
121157 	 119884
 31394 	 106567
 31394 	 117976
 31394 	 119680
 31394 	  62372
 31394 	  15511
 31394 	  66388
 31394 	 127533
 31394 	  18307
 31394 	  96738
 31394 	  91848
 31394 	  29716
 31394 	 103813
 31394 	  63310
 31394 	 116115
 31394 	 122251
 31394 	  72992
 31394 	  16479
 31394 	 109370
 31394 	  76449
 31394 	 111666
 31394 	 129208
 31394 	 118768
 31394 	 101673
 31394 	  15972
 31394 	  94602
 31394 	  74286
 31394 	 119717
 31394 	  96223
 31394 	 120346
 31394 	  86335
 31394 	  61797
 31394 	 117950
 31394 	  76438
 31394 	  79171
 81503 	  51213
 81503 	  44074
 81503 	  67362
 81503 	 105523
116540 	  82246
123045 	 117976
123045 	  69026
123045 	  72992
123045 	  16479
123045 	  65887
123045 	 129208
123045 	 101673
123045 	  86335
123045 	  61797
  2268 	  72992
  2268 	  64266
126651 	  88141
126651 	  81305
126651 	  62372
126651 	  15511
126651 	  18307
126651 	  63310
126651 	  69026
126651 	   2332
126651 	  68681
126651 	  76449
126651 	  10274
126651 	  79768
126651 	  15972
126651 	  81262
126651 	  74286
126651 	  70314
126651 	  48728
126651 	  76438
126651 	  79171
126651 	 105523
 92509 	 106567
 92509 	 117976
 92509 	 205919
 92509 	  78533
 92509 	  95182
 92509 	  62372
 92509 	  15511
 92509 	  51213
 92509 	  65408
 92509 	  29716
 92509 	  63310
 92509 	   2332
 92509 	 109370
 92509 	  76449
 92509 	 107568
 92509 	 129208
 92509 	  66221
 92509 	 114259
 92509 	  74286
 92509 	 119717
 92509 	  96223
 92509 	  70314
 92509 	  76438
 92509 	 105523
 92509 	  31394
 82242 	  82246
113681 	  44074
113681 	  67362
113681 	 105733
113681 	   5103
113681 	   5133
 75661 	   9595
 75661 	  51213
 75661 	  69026
 75661 	  68681
 75661 	  72992
 75661 	  16479
 75661 	  15972
 75661 	  94602
 75661 	  86335
 66563 	  94927
 66563 	 117976
 66563 	  62372
 66563 	  66388
 66563 	  18307
 66563 	  51213
 66563 	  63310
 66563 	  69026
 66563 	 129644
 66563 	  72992
 66563 	  16479
 66563 	  65887
 66563 	 119617
 66563 	  96900
 66563 	 114259
 66563 	  15972
 66563 	  86335
 66563 	  61797
 66563 	  79171
 62878 	  50275
 62878 	  78533
 62878 	  67362
 62878 	   2332
 62878 	  76449
 62878 	  37464
 62878 	  37931
 62878 	  74286
 62878 	   3715
 62878 	  76438
 62878 	 105523
 62878 	  81503
100172 	  85402
100172 	  10217
108160 	   9595
108160 	  81305
108160 	  72992
108160 	  69633
108160 	  16404
128300 	  78533
128300 	  44074
128300 	  67362
128300 	   2332
128300 	  76449
128300 	  74286
128300 	  76438
128300 	 105523
101850 	  78533
101850 	  44074
101850 	  85890
101850 	   2332
101850 	 103296
 50309 	  50275
 50309 	  78533
 50309 	  52768
 50309 	 114535
 50309 	  65863
 50309 	  53672
 50309 	  44074
 50309 	  67362
 50309 	   2332
 50309 	   5103
 50309 	   8179
 50309 	  76449
 50309 	  85142
 50309 	  37464
 50309 	 108273
 50309 	   2996
 50309 	  37931
 50309 	  74286
 50309 	  27623
 50309 	    514
 50309 	  76438
 50309 	 105523
 50309 	 119884
 91740 	  95573
 91740 	  78533
 91740 	   2986
 91740 	 114621
 91740 	 122022
 91740 	  95603
 91740 	 117081
 91740 	  92250
 91740 	  94332
 91740 	 117951
 91740 	  67362
 91740 	 101892
 91740 	   2332
 91740 	   8179
 91740 	 116522
 91740 	  76449
 91740 	 107458
 91740 	  93866
 91740 	 120998
 91740 	 107489
 91740 	  74286
 91740 	 124177
 91740 	  65782
 91740 	   2267
 91740 	 107890
 91740 	  95790
 91740 	  94005
 91740 	 123976
 91740 	  76438
 91740 	 122171
 91740 	   2268
 91740 	  66563
 59944 	  50275
 59944 	  82555
 59944 	 105200
 59944 	  28241
 59944 	 114535
 59944 	 111407
 59944 	  65863
 59944 	 116115
 59944 	 105733
 59944 	 116522
 59944 	  76449
 59944 	  79310
 59944 	 108273
 59944 	 120998
 59944 	 107489
 59944 	  74286
 59944 	 109399
 59944 	  94005
 59944 	  76438
 59944 	 105523
 59944 	 119884
 59944 	 111227
 59944 	  92509
 59944 	  82242
 80885 	 127102
 80885 	  92014
 80885 	 128844
 80885 	 105455
 80885 	 130983
 80885 	 131151
 80885 	 126721
 80885 	 102278
 80885 	 119325
 80885 	 102383
 80885 	 119311
 80885 	   2622
 80885 	  92527
 80885 	  52224
 80885 	  62268
 80885 	 101648
 80885 	 111297
 80885 	  67993
 80885 	 103973
 80885 	 113681
 80885 	  75661
 80885 	 108160
 80885 	  50309
 66886 	  78533
 66886 	  53672
 66886 	  44074
 66886 	  67362
 66886 	   2332
 66886 	  76449
 66886 	  79310
 66886 	  37464
 66886 	  37931
 66886 	  74286
 66886 	  76438
 66886 	 105523
 66886 	 119884
103733 	 106567
103733 	 113401
103733 	  94927
103733 	 118052
103733 	  96511
103733 	 117891
103733 	 117976
103733 	  81305
103733 	  91563
103733 	 100225
103733 	  95573
103733 	 205919
103733 	  82555
103733 	  95182
103733 	  80370
103733 	  76155
103733 	 105200
103733 	 127533
103733 	 110571
103733 	 122022
103733 	  88333
103733 	   8980
103733 	 125052
103733 	 107934
103733 	 124999
103733 	  28241
103733 	 114379
103733 	  65408
103733 	 101280
103733 	 103813
103733 	  95603
103733 	  63310
103733 	  90147
103733 	  91926
103733 	   7012
103733 	 117081
103733 	   5646
103733 	  69026
103733 	 102078
103733 	  51289
103733 	 111407
103733 	 113290
103733 	 130218
103733 	  67362
103733 	 119111
103733 	 129644
103733 	  58481
103733 	  70646
103733 	 101544
103733 	 105815
103733 	 101892
103733 	  85972
103733 	 129434
103733 	  94785
103733 	 115173
103733 	 124419
103733 	 128492
103733 	 122251
103733 	  72992
103733 	  16479
103733 	 130217
103733 	 125839
103733 	 116522
103733 	 114673
103733 	  96012
103733 	 111666
103733 	 125990
103733 	 129208
103733 	  73957
103733 	 118768
103733 	 128974
103733 	 101365
103733 	  10274
103733 	  79768
103733 	  99159
103733 	  66221
103733 	 122945
103733 	 119617
103733 	  96900
103733 	 119112
103733 	  93866
103733 	   2996
103733 	 120998
103733 	 110588
103733 	 108174
103733 	 122600
103733 	  90137
103733 	  94602
103733 	 117884
103733 	 105413
103733 	 124477
103733 	  81262
103733 	  48486
103733 	  37931
103733 	 105156
103733 	 119717
103733 	  95409
103733 	 124225
103733 	  99213
103733 	  98469
103733 	 119685
103733 	  70314
103733 	 115258
103733 	  69513
103733 	 126248
103733 	 107890
103733 	  95790
103733 	 101486
103733 	 101809
103733 	  48728
103733 	 109399
103733 	  86335
103733 	  61797
103733 	  95513
103733 	 117213
103733 	 123976
103733 	 129747
103733 	 117950
103733 	 124881
103733 	 113610
103733 	 103091
103733 	 110898
103733 	 110974
103733 	 121157
103733 	  31394
103733 	  82242
103733 	 100172
103733 	 101850
103733 	  91740
103733 	  59944
103733 	  80885
103733 	 103733
 74664 	  51213
 74664 	  44074
 74664 	 105523
106244 	  78533
106244 	  85402
106244 	  44074
106244 	   2332
106244 	  76449
106244 	  74286
106244 	  27623
106244 	  76438
106244 	 105523
106244 	  74664
100737 	  51213
108765 	 105523
108765 	  67993
119270 	  78533
119270 	  82555
119270 	  52768
119270 	 105200
119270 	   8980
119270 	  28241
119270 	  51213
119270 	 114535
119270 	 111407
119270 	  65863
119270 	  53672
119270 	  44074
119270 	  67362
119270 	  94785
119270 	   2332
119270 	 103296
119270 	   5103
119270 	   8179
119270 	  76449
119270 	  85142
119270 	  79310
119270 	   3208
119270 	  37464
119270 	 108273
119270 	   2996
119270 	 120998
119270 	 105413
119270 	  48486
119270 	  37931
119270 	 111297
119270 	  74286
119270 	   3715
119270 	   2267
119270 	    514
119270 	  94005
119270 	  76438
119270 	 119884
119270 	 111227
119270 	  81503
119270 	   2268
119270 	  82242
119270 	  66563
119270 	  74664
126646 	  78533
126646 	  67362
126646 	   2332
126646 	  76449
126646 	  48486
126646 	  37931
126646 	  74286
126646 	  76438
126646 	 105523
126646 	  74664
108254 	  85890
108254 	 105523
103038 	  78533
103038 	  62372
103038 	  51213
103038 	  44074
103038 	  67362
103038 	   2332
103038 	  76449
103038 	 108273
103038 	  74286
103038 	  76438
103038 	 105523
103038 	 119884
103038 	  74664
126048 	  62372
126048 	  72992
126048 	  16479
126048 	  15972
126048 	  86335
126048 	  61797
126048 	  79171
 99548 	  50275
 99548 	  82555
 99548 	 105733
 99548 	  76449
 99548 	  79310
 99548 	 108273
 99548 	 108174
 99548 	 107489
 99548 	  74286
 99548 	  94005
 99548 	  76438
 99548 	 105523
 99548 	 119884
 99548 	  82242
 99548 	  74664
 86131 	 117976
 86131 	  51213
 86131 	  63310
 86131 	  69026
 86131 	  72992
 86131 	  16479
 86131 	  65887
 86131 	 101673
 86131 	  86335
 86131 	  61797
 86131 	  59944
 86131 	 126646
  7854 	  52768
  7854 	  53672
  7854 	  44074
  7854 	  85142
  7854 	 108273
  7854 	 105523
  7854 	  82242
126574 	  51213
126574 	  76449
126574 	  74286
126574 	  76438
126574 	 105523
126574 	  74664
 66058 	  59539
 66058 	  78533
 66058 	  82555
 66058 	  52768
 66058 	  28241
 66058 	  51213
 66058 	  29716
 66058 	  53672
 66058 	  44074
 66058 	  67362
 66058 	   2332
 66058 	 103296
 66058 	  76449
 66058 	  85142
 66058 	  79310
 66058 	   3208
 66058 	   2996
 66058 	  48486
 66058 	  37931
 66058 	  74286
 66058 	   3715
 66058 	 109399
 66058 	  76438
 66058 	 105523
 66058 	 119884
 66058 	  81503
 66058 	  74664
127707 	 116115
 94837 	 126216
126274 	  78533
126274 	  44074
126274 	   2332
126274 	 103296
126274 	  76449
126274 	   3208
126274 	 108273
126274 	  74286
126274 	  76438
126274 	 105523
126274 	 119884
126274 	  74664
124069 	  85890
124069 	  72992
124069 	  16479
124069 	  86335
124069 	  61797
124069 	  59944
119890 	 106567
119890 	 113401
119890 	  94927
119890 	 118052
119890 	  96511
119890 	 117891
119890 	 117976
119890 	  81305
119890 	  91563
119890 	 100225
119890 	  95573
119890 	 205919
119890 	  82555
119890 	  95182
119890 	  80370
119890 	  76155
119890 	 105200
119890 	 127533
119890 	 110571
119890 	 122022
119890 	  88333
119890 	   8980
119890 	 125052
119890 	 107934
119890 	 124999
119890 	  28241
119890 	 114379
119890 	  65408
119890 	 101280
119890 	 103813
119890 	  95603
119890 	  63310
119890 	  90147
119890 	  91926
119890 	   7012
119890 	 117081
119890 	   5646
119890 	  69026
119890 	 102078
119890 	  51289
119890 	 111407
119890 	 113290
119890 	 130218
119890 	  67362
119890 	 119111
119890 	 129644
119890 	  58481
119890 	  70646
119890 	 101544
119890 	 105815
119890 	 101892
119890 	  85972
119890 	 129434
119890 	  94785
119890 	 115173
119890 	 124419
119890 	 128492
119890 	 122251
119890 	  72992
119890 	  16479
119890 	 130217
119890 	 125839
119890 	 116522
119890 	 114673
119890 	  96012
119890 	 111666
119890 	 125990
119890 	 129208
119890 	  73957
119890 	 118768
119890 	 128974
119890 	 101365
119890 	  10274
119890 	  79768
119890 	  99159
119890 	  66221
119890 	 122945
119890 	 119617
119890 	  96900
119890 	 119112
119890 	  93866
119890 	   2996
119890 	 120998
119890 	 110588
119890 	 108174
119890 	 122600
119890 	  90137
119890 	  94602
119890 	 117884
119890 	 105413
119890 	 124477
119890 	  81262
119890 	  48486
119890 	  37931
119890 	 105156
119890 	 119717
119890 	  95409
119890 	 124225
119890 	  99213
119890 	  98469
119890 	 119685
119890 	  70314
119890 	 115258
119890 	  69513
119890 	 126248
119890 	 107890
119890 	  95790
119890 	 101486
119890 	 101809
119890 	  48728
119890 	 109399
119890 	  86335
119890 	  61797
119890 	  95513
119890 	 117213
119890 	 123976
119890 	 129747
119890 	 117950
119890 	 124881
119890 	 113610
119890 	 103091
119890 	 110898
119890 	 110974
119890 	 121157
119890 	  31394
119890 	  82242
119890 	 100172
119890 	 101850
119890 	  91740
119890 	  59944
119890 	  80885
119890 	 103733
119890 	 100737
119890 	 126646
119890 	 108254
119890 	 126048
119890 	  86131
119890 	  66058
119890 	 127707
119890 	 124069
 41611 	  78533
 41611 	  67362
 41611 	   2332
 41611 	  76449
 41611 	  74286
 41611 	  76438
 41611 	 105523
 41611 	  74664
 41611 	  41611
127382 	 125052
127382 	 126200
127382 	  90147
127382 	 100909
127382 	 104295
127382 	 114673
127382 	 102481
127382 	 101749
127382 	  90137
127382 	 115220
103084 	  78533
103084 	  10217
103084 	   2332
103084 	  70788
130419 	  51213
130419 	  75641
130419 	  76449
130419 	  74286
130419 	  76438
130419 	  67993
130419 	  74664
130419 	  41611
 68575 	  78533
 68575 	  67362
 68575 	   2332
 68575 	  76449
 68575 	  74286
 68575 	  77148
 68575 	  76438
 68575 	 105523
 68575 	  74664
 68575 	  41611
117924 	 106567
117924 	 113401
117924 	  94927
117924 	 118052
117924 	  96511
117924 	 117891
117924 	 117976
117924 	  81305
117924 	  91563
117924 	 100225
117924 	  95573
117924 	 205919
117924 	  82555
117924 	  95182
117924 	  80370
117924 	  76155
117924 	 105200
117924 	 127533
117924 	 110571
117924 	 122022
117924 	  88333
117924 	   8980
117924 	 125052
117924 	 107934
117924 	 124999
117924 	  28241
117924 	 114379
117924 	  65408
117924 	 101280
117924 	 103813
117924 	  95603
117924 	  63310
117924 	  90147
117924 	  91926
117924 	   7012
117924 	 117081
117924 	   5646
117924 	  69026
117924 	 102078
117924 	  51289
117924 	 111407
117924 	 113290
117924 	 130218
117924 	  67362
117924 	 119111
117924 	 129644
117924 	  58481
117924 	  70646
117924 	 101544
117924 	 105815
117924 	 101892
117924 	  85972
117924 	 129434
117924 	  94785
117924 	 115173
117924 	 124419
117924 	 128492
117924 	 122251
117924 	  72992
117924 	  16479
117924 	 130217
117924 	 125839
117924 	 116522
117924 	 114673
117924 	  96012
117924 	 111666
117924 	 125990
117924 	 129208
117924 	  73957
117924 	 118768
117924 	 128974
117924 	 101365
117924 	  10274
117924 	  79768
117924 	  99159
117924 	  66221
117924 	 122945
117924 	 119617
117924 	  96900
117924 	 119112
117924 	  93866
117924 	   2996
117924 	 120998
117924 	 110588
117924 	 108174
117924 	 122600
117924 	  90137
117924 	  94602
117924 	 117884
117924 	 105413
117924 	 124477
117924 	  81262
117924 	  48486
117924 	  37931
117924 	 105156
117924 	 119717
117924 	  95409
117924 	 124225
117924 	  99213
117924 	  98469
117924 	 119685
117924 	  70314
117924 	 115258
117924 	  69513
117924 	 126248
117924 	 107890
117924 	  95790
117924 	 101486
117924 	 101809
117924 	  48728
117924 	 109399
117924 	  86335
117924 	  61797
117924 	  95513
117924 	 117213
117924 	 123976
117924 	 129747
117924 	 117950
117924 	 124881
117924 	 113610
117924 	 103091
117924 	 110898
117924 	 110974
117924 	 121157
117924 	  31394
117924 	  82242
117924 	 100172
117924 	 101850
117924 	  91740
117924 	  59944
117924 	  80885
117924 	 103733
117924 	 100737
117924 	 126646
117924 	 108254
117924 	 126048
117924 	  86131
117924 	  66058
117924 	 127707
117924 	 124069
117924 	 127382
117924 	  68575
117924 	 117924
 62617 	  78533
 62617 	  62372
 62617 	  18307
 62617 	  44074
 62617 	   2332
 62617 	  76449
 62617 	  15972
 62617 	  74286
 62617 	  76438
 62617 	  79171
 62617 	 105523
 62617 	  74664
 62617 	  41611
 62617 	  62617
128707 	  77148
128707 	  60615
126992 	  81305
126992 	  62372
126992 	  51213
126992 	  63310
126992 	  69026
126992 	  85890
126992 	  68681
126992 	  72992
126992 	  81262
126992 	  48728
126992 	  86335
126992 	  61797
126992 	 105523
126992 	  59944
 51984 	  78533
 51984 	  51213
 51984 	  63310
 51984 	  44074
 51984 	  67362
 51984 	   2332
 51984 	  68681
 51984 	  76449
 51984 	  74286
 51984 	  76438
 51984 	 105523
 51984 	  59944
 51984 	  74664
 51984 	  41611
 51984 	  62617
105872 	  78533
105872 	  67362
105872 	   2332
105872 	  76449
105872 	  74286
105872 	  76438
105872 	 105523
105872 	  74664
105872 	  41611
105872 	  62617
124765 	  78533
124765 	  44074
124765 	  85890
124765 	  67362
124765 	   2332
124765 	   3208
124765 	  37931
124765 	   3715
124765 	 105523
 97187 	 117976
 97187 	  51213
 97187 	  81306
 97187 	  72992
 97187 	  16479
 97187 	 101673
 97187 	  15972
 97187 	  16404
 97187 	 120346
 97187 	  86335
 97187 	  61797
 97187 	  79171
 97187 	  67672
 90122 	 117976
 90122 	  91848
 90122 	  44074
 90122 	  67362
 90122 	  68681
 90122 	 103296
 90122 	 105523
 76123 	  78533
 76123 	  44074
 76123 	 116115
 76123 	  67362
 76123 	   2332
 76123 	 105733
 76123 	 103296
 76123 	  76449
 76123 	  79310
 76123 	 108273
 76123 	  48486
 76123 	  74286
 76123 	  27623
 76123 	   3715
 76123 	  76438
 76123 	 105523
 76123 	 111227
 76123 	  74664
 76123 	  41611
 76123 	  62617
102704 	  88141
102704 	  81305
102704 	  62372
102704 	  18307
102704 	  51213
102704 	  29716
102704 	  63310
102704 	  69026
102704 	  68681
102704 	  72992
102704 	  16479
102704 	  10274
102704 	  79768
102704 	 101673
102704 	  15972
102704 	  81262
102704 	  70314
102704 	  48728
102704 	  86335
102704 	  61797
102704 	  79171
102704 	  80885
101342 	  78533
101342 	  82246
101342 	   2332
 68241 	  78533
 68241 	  51213
 68241 	  44074
 68241 	   2332
 68241 	  76449
 68241 	 108273
 68241 	  74286
 68241 	  76438
 68241 	 105523
 68241 	  74664
 68241 	  41611
 68241 	  62617
124365 	  95573
124365 	   5543
124365 	  95603
124365 	  90147
124365 	 116115
124365 	 116522
124365 	  76449
124365 	 120998
124365 	  90137
124365 	 107489
124365 	  74286
124365 	 107890
124365 	  95790
124365 	 123976
124365 	  76438
124365 	 122171
124365 	 111227
124365 	  92509
124365 	  74664
124365 	  41611
124365 	  62617
124365 	  96495
124365 	 131601
 86570 	  78533
 86570 	  44074
 86570 	 116115
 86570 	   2332
 86570 	  76449
 86570 	  74286
 86570 	  76438
 86570 	 105523
 86570 	  74664
 86570 	  41611
 86570 	  62617
 97422 	  59539
 97422 	  78533
 97422 	  44074
 97422 	 116115
 97422 	  67362
 97422 	   2332
 97422 	 103296
 97422 	  76449
 97422 	 108273
 97422 	  74286
 97422 	  76438
 97422 	 105523
 97422 	 119884
 97422 	  74664
 97422 	  41611
 97422 	  62617
113690 	  44074
113690 	 105523
 94367 	  78533
 94367 	  63310
 94367 	  44074
 94367 	  85890
 94367 	  72992
108883 	   9595
108883 	  88141
108883 	  81305
108883 	  63310
108883 	  81306
108883 	  72992
108883 	  16479
108883 	  65887
108883 	  69633
108883 	  81262
108883 	  48728
108883 	  86335
108883 	  61797
108883 	  86570
128975 	  51213
128975 	 116115
128975 	  76449
128975 	 108273
128975 	  74286
128975 	  76438
128975 	 105523
128975 	 119884
128975 	 111227
128975 	  74664
128975 	  41611
128975 	  62617
123702 	   9595
123702 	  78533
123702 	  18307
123702 	  51213
123702 	  85402
123702 	  44074
123702 	   2332
123702 	  76449
123702 	  95336
123702 	  69633
123702 	  74286
123702 	  76438
123702 	 105523
123702 	  74664
123702 	  41611
123702 	  62617
102759 	  67993
126225 	  51213
126225 	  67362
126225 	  76449
126225 	  74286
126225 	  76438
126225 	 105523
126225 	  67993
126225 	  74664
126225 	  41611
126225 	  62617
113068 	  44074
113068 	 105523
 95748 	  93163
 95748 	 128397
 95748 	  82246
 95748 	 114379
 95748 	  10217
 95748 	  82503
 95748 	 126216
 95748 	  70788
 95748 	  90122
117793 	  78533
117793 	   2332
117793 	  68681
117793 	  76449
117793 	  74286
117793 	  76438
117793 	  74664
117793 	  41611
117793 	  62617
125108 	 105733
125108 	  76449
125108 	  74286
125108 	  76438
125108 	  74664
125108 	  41611
125108 	  62617
117490 	  82246
117344 	  85402
 97464 	  93163
 97464 	   5543
 97464 	 113027
 97464 	  18023
 97464 	 128822
 69636 	  81305
 69636 	  69026
 69636 	  85890
 69636 	  61797
 69636 	 105523
 69636 	  59944
113639 	  93163
113639 	  78533
113639 	   5543
113639 	  80370
113639 	 109693
113639 	 130780
113639 	 113027
113639 	  82246
113639 	  91926
113639 	 117081
113639 	  82503
113639 	  51289
113639 	   2332
113639 	  52894
113639 	 108127
113639 	 120065
113639 	 101365
113639 	  64266
113639 	  58632
113639 	  58416
113639 	  52786
113639 	  27623
113639 	 116898
113639 	  94015
113639 	 109086
113639 	   2268
113639 	 119270
113639 	  99548
113639 	   7854
113639 	  68575
113639 	 128707
113639 	  90122
113639 	 128822
113639 	 102759
 52076 	  93163
 52076 	  82246
 52076 	 114379
 52076 	 108127
 52076 	  58632
 52076 	  58416
 52076 	  90122
 52076 	 128822
 52076 	 102759
 34899 	 117976
 34899 	 100225
 34899 	  95573
 34899 	  95182
 34899 	  76155
 34899 	 105200
 34899 	 125052
 34899 	 124999
 34899 	  65408
 34899 	 103813
 34899 	  63310
 34899 	  31490
 34899 	 129859
 34899 	 115173
 34899 	  91637
 34899 	  72992
 34899 	   2911
 34899 	  16479
 34899 	  36327
 34899 	   3208
 34899 	  66221
 34899 	 117884
 34899 	 105413
 34899 	  34379
 34899 	  95790
 34899 	  65978
 34899 	 110898
 34899 	 110974
 34899 	  52250
 34899 	 116540
 34899 	 105872
 34899 	  76123
 34899 	  66016
 34899 	 125108
 73555 	   9595
 73555 	  78533
 73555 	  62372
 73555 	  18307
 73555 	  29716
 73555 	  85402
 73555 	  67362
 73555 	   2332
 73555 	  76449
 73555 	   3208
 73555 	  74286
 73555 	  77148
 73555 	  76438
 73555 	  79171
 73555 	 105523
 73555 	  67993
 73555 	  61753
 73555 	  74664
 73555 	  41611
 73555 	  60615
 73555 	  62617
 94032 	  78533
 94032 	  44074
 94032 	  31770
 94032 	   2332
 94032 	  76449
 94032 	  65192
 94032 	  74286
 94032 	  77148
 94032 	  76438
 94032 	 105523
 94032 	  74664
 94032 	  41611
 94032 	  62617
 98993 	  78533
 98993 	  44074
 98993 	   2332
 98993 	 108273
 98993 	 105523
129520 	   9595
129520 	  62372
129520 	  18307
129520 	  29716
129520 	  72992
129520 	  76449
129520 	  69633
129520 	  15972
129520 	  74286
129520 	  86335
129520 	  61797
129520 	  76438
129520 	  79171
129520 	  67672
129520 	  74664
129520 	  41611
129520 	  62617
129520 	  69636
129520 	  52076
129520 	  34899
 50841 	  62372
 50841 	  29716
 50841 	  72992
 50841 	  16479
 50841 	  76449
 50841 	  15972
 50841 	  74286
 50841 	  86335
 50841 	  61797
 50841 	  76438
 50841 	  79171
 50841 	  74664
 50841 	  41611
 50841 	  62617
 50841 	  52076
 91849 	  78533
 91849 	  44074
 91849 	  67362
 91849 	   2332
 91849 	  76449
 91849 	  74286
 91849 	  76438
 91849 	 105523
 91849 	  74664
 91849 	  41611
 91849 	  62617
 91849 	  73555
117925 	  94927
117925 	 117976
117925 	 130665
117925 	  66388
117925 	  51213
117925 	 103813
117925 	  63310
117925 	  31490
117925 	 129644
117925 	 129434
117925 	   2911
117925 	 111666
117925 	 101673
117925 	  96223
117925 	 126646
107802 	  88141
107802 	 117891
107802 	 117976
107802 	  81305
107802 	 130665
107802 	 205919
107802 	  62372
107802 	  15511
107802 	  18307
107802 	  51213
107802 	  65408
107802 	  29716
107802 	  63310
107802 	   5646
107802 	  69026
107802 	 128492
107802 	  73957
107802 	  10274
107802 	  79768
107802 	  66221
107802 	 119617
107802 	 101673
107802 	  15972
107802 	 117884
107802 	  81262
107802 	  99213
107802 	  98469
107802 	  96223
107802 	  70314
107802 	 101486
107802 	  48728
107802 	  80885
107802 	 126646
107802 	  76123
107802 	  66016
107802 	 124365
107802 	  97422
103602 	  82246
103602 	  70788
 93364 	  88141
 93364 	 117976
 93364 	 205919
 93364 	  95182
 93364 	  65408
 93364 	  63310
 93364 	 122840
 93364 	 122251
 93364 	  10274
 93364 	  79768
 93364 	  66221
 93364 	 101673
 93364 	 119717
 93364 	  70314
 93364 	  79171
 93364 	  31394
 93364 	  80885
 93364 	  86131
119808 	  78533
119808 	  85890
119808 	   2332
119808 	  68681
119808 	  76449
119808 	  74286
119808 	  76438
119808 	  61753
119808 	  74664
119808 	  41611
119808 	  60615
119808 	  62617
119808 	  73555
125120 	  78533
125120 	  44074
125120 	  85890
125120 	   2332
125120 	  68681
125120 	  76449
125120 	  74286
125120 	  76438
125120 	 105523
125120 	  74664
125120 	  41611
125120 	  62617
125120 	  73555
 31821 	  77148
 98813 	  90154
 98813 	 105733
 98813 	 107568
 98813 	  77148
 98813 	  90406
 61674 	  51213
 61674 	  29716
 61674 	  76449
 61674 	 107568
 61674 	  74286
 61674 	  76438
 61674 	  74664
 61674 	  41611
 61674 	  62617
 61674 	  52076
125231 	  78533
125231 	  85402
125231 	   2332
125231 	  76449
125231 	  62649
125231 	  74286
125231 	  76438
125231 	 105523
125231 	  74664
125231 	  41611
125231 	  62617
 92153 	  59539
 92153 	  93163
 92153 	  39079
 92153 	  91563
 92153 	  78533
 92153 	  82555
 92153 	   2986
 92153 	  80370
 92153 	  76155
 92153 	 113027
 92153 	  28241
 92153 	 114379
 92153 	  90147
 92153 	  91926
 92153 	  92865
 92153 	  94332
 92153 	 114535
 92153 	  51289
 92153 	 111407
 92153 	  65863
 92153 	  53672
 92153 	 131017
 92153 	  44074
 92153 	 116115
 92153 	  67362
 92153 	  70646
 92153 	  94785
 92153 	  52894
 92153 	 105733
 92153 	 103296
 92153 	   5103
 92153 	   8179
 92153 	  97207
 92153 	 116522
 92153 	   5133
 92153 	  76449
 92153 	 120065
 92153 	  85142
 92153 	 101365
 92153 	  37464
 92153 	 120998
 92153 	 108174
 92153 	  90137
 92153 	  52786
 92153 	 105413
 92153 	  74286
 92153 	  27623
 92153 	 105156
 92153 	 121308
 92153 	   3715
 92153 	   2267
 92153 	    514
 92153 	 107890
 92153 	 109399
 92153 	  94005
 92153 	 109086
 92153 	  76438
 92153 	 105523
 92153 	 119884
 92153 	   2268
 92153 	  66563
 92153 	  62878
 92153 	  74664
 92153 	   7854
 92153 	  66058
 92153 	  41611
 92153 	  62617
 92153 	  90122
 92153 	 131601
 92153 	 103602
 92153 	 119808
 95496 	  78533
 95496 	  85890
 95496 	   2332
 95496 	  76449
 95496 	  74286
 95496 	  76438
 95496 	 105523
 95496 	  74664
 95496 	  41611
 95496 	  62617
 92477 	   5543
 92477 	 126216
 92477 	 123045
 92477 	 128822
 66612 	  78533
 66612 	  44074
 66612 	   2332
 66612 	  76449
 66612 	  62649
 66612 	  74286
 66612 	  76438
 66612 	 105523
 66612 	  74664
 66612 	  41611
 66612 	  62617
 97373 	  81305
 97373 	  62372
 97373 	  18307
 97373 	  69026
 97373 	  44074
 97373 	  85890
 97373 	  68681
 97373 	  15972
 97373 	 105523
 97373 	  59944
 96106 	  68681
 96106 	  67993
111453 	  52076
 82662 	 106567
 82662 	 117976
 82662 	  62372
 82662 	  18307
 82662 	  91848
 82662 	  29716
 82662 	 103813
 82662 	  63310
 82662 	  69026
 82662 	 109370
 82662 	 111666
 82662 	 114259
 82662 	  15972
 82662 	  94602
 82662 	  96223
 82662 	 120346
 82662 	 126646
 82662 	 127707
 64212 	  50275
 64212 	  82555
 64212 	 116115
 64212 	 105733
 64212 	  76449
 64212 	  79310
 64212 	 108273
 64212 	 108174
 64212 	  74286
 64212 	  95790
 64212 	 109399
 64212 	  76438
 64212 	 105523
 64212 	 119884
 64212 	  82242
 64212 	  62878
 64212 	  74664
 64212 	  41611
 64212 	  62617
 64212 	 119808
 89982 	   9595
 89982 	 106567
 89982 	  94927
 89982 	 118052
 89982 	  96511
 89982 	 117891
 89982 	 117976
 89982 	 130665
 89982 	  95573
 89982 	  76155
 89982 	 127533
 89982 	 110571
 89982 	  88333
 89982 	 125052
 89982 	 107934
 89982 	 124999
 89982 	 114379
 89982 	 126721
 89982 	 101280
 89982 	 103813
 89982 	  63310
 89982 	   7012
 89982 	   5646
 89982 	  82503
 89982 	  31490
 89982 	 102078
 89982 	 113290
 89982 	 117951
 89982 	 130218
 89982 	 119111
 89982 	 129644
 89982 	 101544
 89982 	 129960
 89982 	 101892
 89982 	  85972
 89982 	 129434
 89982 	 115173
 89982 	 128492
 89982 	 122251
 89982 	  72992
 89982 	  16479
 89982 	 130217
 89982 	 125839
 89982 	  96012
 89982 	 111666
 89982 	 129208
 89982 	 118768
 89982 	 128974
 89982 	  99159
 89982 	 119617
 89982 	 101673
 89982 	 119112
 89982 	  93866
 89982 	 120998
 89982 	 110588
 89982 	 122600
 89982 	  94602
 89982 	 117884
 89982 	 124477
 89982 	 116898
 89982 	 105156
 89982 	 119717
 89982 	  95409
 89982 	 124225
 89982 	  99213
 89982 	  98469
 89982 	 119685
 89982 	 126248
 89982 	 118432
 89982 	  95790
 89982 	 101486
 89982 	 101809
 89982 	  86335
 89982 	  61797
 89982 	  95513
 89982 	 123976
 89982 	  65978
 89982 	 129747
 89982 	 117950
 89982 	 113610
 89982 	 103091
 89982 	 110898
 89982 	 110974
 89982 	 101850
 89982 	  91740
 89982 	  59944
 89982 	 100737
 89982 	 126646
 89982 	 108254
 89982 	 126048
 89982 	 127707
 89982 	  94837
 89982 	 124069
 89982 	 127382
 89982 	 128707
 89982 	 105872
 89982 	 101248
 89982 	  95929
 89982 	  76123
 89982 	  66016
 89982 	 124365
 89982 	  97422
 89982 	 113690
 89982 	 108883
 89982 	 123702
 89982 	 102759
 89982 	 125108
 89982 	  52076
 89982 	  94032
 89982 	  98993
 89982 	 129520
 89982 	 117925
 89982 	 103602
 89982 	 125120
 89982 	 101626
 89982 	  92153
 89982 	  97373
 42495 	  78533
 42495 	  44074
 42495 	  67362
 42495 	   2332
 42495 	  76449
 42495 	  74286
 42495 	  76438
 42495 	 105523
 42495 	  74664
 42495 	  41611
 42495 	  62617
 42495 	  42495
116362 	   9595
116362 	  10217
116362 	  70788
128079 	  78533
128079 	  85890
128079 	  67362
128079 	   2332
128079 	  76449
128079 	  74286
128079 	  76438
128079 	 105523
128079 	  74664
128079 	  41611
128079 	  62617
128079 	  42495
122396 	 117976
122396 	  81305
122396 	  91848
122396 	  63310
122396 	  81306
122396 	  72992
122396 	  76449
122396 	  69633
122396 	 101673
122396 	  16404
122396 	  74286
122396 	  86335
122396 	  61797
122396 	  76438
122396 	  74664
122396 	  41611
122396 	  62617
122396 	  76053
122396 	  69636
122396 	 103602
122396 	  95496
 88019 	  78533
 88019 	  29716
 88019 	  44074
 88019 	  67362
 88019 	   2332
 88019 	  68681
 88019 	  76449
 88019 	  74286
 88019 	  76438
 88019 	 105523
 88019 	  74664
 88019 	  41611
 88019 	  62617
 88019 	  42495
118243 	  31770
118243 	  60615
112063 	  78533
112063 	  53672
112063 	   2332
112063 	  76449
112063 	  79310
112063 	  37464
112063 	  37931
112063 	  74286
112063 	    514
112063 	  76438
112063 	 105523
112063 	 119884
112063 	  74664
112063 	  41611
112063 	  62617
112063 	  42495
100687 	  50275
100687 	  78533
100687 	  53672
100687 	   2332
100687 	  76449
100687 	  79310
100687 	  37931
100687 	  74286
100687 	  76438
100687 	 105523
100687 	 119884
100687 	  81503
100687 	  74664
100687 	  41611
100687 	  62617
130833 	 117976
130833 	  66388
130833 	 125052
130833 	  51213
130833 	  63310
130833 	   5646
130833 	 130218
130833 	 128492
130833 	 122251
130833 	 119617
130833 	 101673
130833 	 114259
130833 	 119717
130833 	  98469
130833 	 126248
130833 	 120346
130833 	 101486
130833 	 117950
130833 	  91740
130833 	 126646
130833 	  94837
130833 	  66016
130833 	 124365
130833 	  97422
130833 	 123702
130833 	 129520
130833 	  95496
130833 	  97373
114929 	  88141
114929 	  78533
114929 	  62372
114929 	   2332
114929 	  68681
114929 	  76449
114929 	  74286
114929 	  76438
114929 	  79171
114929 	 105523
114929 	  74664
114929 	  41611
114929 	  62617
114929 	  52076
114929 	  73555
114929 	  95496
114929 	  42495
123347 	  51213
123347 	  75641
123347 	  31770
123347 	 105733
123347 	  65192
123347 	  77148
123347 	  67993
123347 	  69636
 58385 	  51213
 58385 	  63310
 58385 	  65887
 58385 	 107568
 58385 	 101673
 58385 	  65978
 58385 	  95496
105144 	  78533
105144 	  67362
105144 	   2332
105144 	  76449
105144 	  74286
105144 	  76438
105144 	 105523
105144 	  74664
105144 	  41611
105144 	  62617
105144 	  42495
130531 	 114379
130531 	  52894
 69502 	 117976
 69502 	  63310
 69502 	  67362
 69502 	  72992
 69502 	  16479
 69502 	  65887
 69502 	  15972
 69502 	  86335
 69502 	  61797
 69502 	  52076
 69502 	  95496
 92655 	  10217
 92655 	  31770
 92655 	  95336
 92655 	  65192
 92655 	  70788
 92655 	  60615
  3476 	  88141
  3476 	  81305
  3476 	  78533
  3476 	   2986
  3476 	  62372
  3476 	  15511
  3476 	  18307
  3476 	  29716
  3476 	  63310
  3476 	  69026
  3476 	   2332
  3476 	  76449
  3476 	 107568
  3476 	   3208
  3476 	  79768
  3476 	  15972
  3476 	  81262
  3476 	  74286
  3476 	  48728
  3476 	  76438
  3476 	  79171
  3476 	 105523
  3476 	  74664
  3476 	  41611
  3476 	  62617
  3476 	  86570
  3476 	  95496
  3476 	  42495
113084 	  78533
113084 	   2332
113084 	 105523
113084 	  42495
 98306 	  92753
 98306 	  59539
 98306 	  93163
 98306 	  39079
 98306 	  91563
 98306 	 100225
 98306 	  95573
 98306 	  78533
 98306 	   2986
 98306 	  80370
 98306 	  76155
 98306 	 122022
 98306 	   8980
 98306 	 113027
 98306 	  28241
 98306 	 114379
 98306 	  90147
 98306 	  91926
 98306 	 117081
 98306 	  92865
 98306 	  92250
 98306 	  94332
 98306 	  51289
 98306 	 111407
 98306 	  65863
 98306 	 105970
 98306 	 131017
 98306 	  44074
 98306 	 116115
 98306 	  58481
 98306 	  70646
 98306 	 105815
 98306 	 126216
 98306 	   2332
 98306 	 105733
 98306 	 103296
 98306 	   5103
 98306 	   8179
 98306 	  97207
 98306 	   5133
 98306 	  76449
 98306 	 108127
 98306 	 120065
 98306 	 114673
 98306 	 101365
 98306 	 107458
 98306 	 120998
 98306 	 108174
 98306 	  90137
 98306 	  74286
 98306 	 105156
 98306 	 121308
 98306 	   2267
 98306 	 107890
 98306 	  95790
 98306 	  94015
 98306 	 123976
 98306 	  76438
 98306 	 105523
 98306 	 129421
 98306 	 121157
 98306 	   2268
 98306 	  92509
 98306 	  66563
 98306 	  62878
 98306 	  77586
 98306 	  74664
 98306 	 119890
 98306 	  41611
 98306 	 127382
 98306 	  62617
 98306 	  76123
 98306 	 128822
 98306 	  73555
 98306 	  50841
 98306 	 119808
 98306 	 121983
 98306 	  42495
 98306 	 123347
 98306 	 105144
 98306 	 130531
 98306 	  92655
 98306 	 113084
122256 	   9595
122256 	 106567
122256 	 113401
122256 	  94927
122256 	 118052
122256 	  96511
122256 	 117891
122256 	 117976
122256 	  95573
122256 	  76155
122256 	 127533
122256 	 110571
122256 	  88333
122256 	 125052
122256 	 107934
122256 	 124999
122256 	 114379
122256 	 126721
122256 	 101280
122256 	 103813
122256 	  63310
122256 	   7012
122256 	  82503
122256 	  31490
122256 	  69026
122256 	 102078
122256 	 130218
122256 	 119111
122256 	 129644
122256 	 101544
122256 	 105815
122256 	 129960
122256 	 101892
122256 	  85972
122256 	 129434
122256 	 115173
122256 	 128492
122256 	 122251
122256 	  16479
122256 	 130217
122256 	 125839
122256 	  96012
122256 	 111666
122256 	 125990
122256 	 129208
122256 	 118768
122256 	 128974
122256 	  99159
122256 	 119617
122256 	  96900
122256 	 114259
122256 	 119112
122256 	  93866
122256 	 110588
122256 	 122600
122256 	  94602
122256 	 117884
122256 	 124477
122256 	 124177
122256 	 116898
122256 	 105156
122256 	 119717
122256 	  95409
122256 	 124225
122256 	  99213
122256 	  98469
122256 	 119685
122256 	 126248
122256 	 120346
122256 	  95790
122256 	 101486
122256 	 101809
122256 	  95513
122256 	 117213
122256 	 123976
122256 	  65978
122256 	 129747
122256 	 117950
122256 	 113610
122256 	 103091
122256 	 110898
122256 	 110974
122256 	 121157
122256 	 100172
122256 	 101850
122256 	  91740
122256 	  59944
122256 	 103733
122256 	 100737
122256 	 126646
122256 	 108254
122256 	 103038
122256 	 126048
122256 	 127707
122256 	 124069
122256 	 127382
122256 	 117924
122256 	 128707
122256 	 105872
122256 	 101248
122256 	  95929
122256 	  66016
122256 	 124365
122256 	  97422
122256 	 113690
122256 	 123702
122256 	 102759
122256 	 113068
122256 	 125108
122256 	  52076
122256 	  94032
122256 	  98993
122256 	 129520
122256 	 117925
122256 	 125120
122256 	 101626
122256 	  92153
122256 	  95496
122256 	  97373
122256 	 122396
122256 	 118243
122256 	 100687
122256 	 130833
122256 	 130531
122256 	  98306
122256 	 122256
