113401 	 113401
 59539 	 100617
 59539 	  94908
118052 	 106567
  4793 	 106567
  4793 	  59539
  4793 	 130387
 39337 	 100617
 39337 	  94908
 39337 	 127102
117976 	 113401
117976 	 102380
 81305 	 100617
 81305 	   4793
 81305 	 117976
 93163 	 106567
 93163 	  94908
 93163 	  94927
 93163 	 117891
 93163 	 110641
 39079 	 117976
 91563 	  94908
100225 	 119680
130665 	  94908
130665 	 110641
 95573 	   4793
205919 	 100617
205919 	  94908
205919 	  94927
205919 	 117891
205919 	 117976
205919 	 130665
 80076 	 106567
 80076 	 100617
 80076 	 118052
 78533 	 117976
126869 	 106567
126869 	 100225
126869 	  80076
 80370 	  80076
 75030 	 130665
106302 	 118052
128844 	 106567
128844 	 113401
 15511 	  94908
 15511 	 130387
 15511 	 117891
 15511 	 117976
 15511 	 128397
 15511 	 126040
 66388 	 102380
 66388 	  90154
 66388 	 106205
127533 	 100617
127533 	 119680
114621 	 106567
114621 	 100617
114621 	  94908
114621 	  94927
114621 	 117891
114621 	 110641
109693 	 118052
109693 	 117976
109693 	  90154
109693 	 119680
109693 	 100225
109693 	  95573
109693 	  80076
109693 	 127242
 18307 	 106205
 96738 	 106567
  8980 	  94908
  8980 	  96511
  8980 	 117891
  8980 	  66388
  8980 	  88333
130780 	  97838
 91848 	  80076
125052 	 102380
107934 	 106567
107934 	 100617
107934 	  94908
107934 	  94927
107934 	 130387
107934 	 117891
107934 	 110641
107934 	 128397
107934 	 100225
107934 	 130665
107934 	 127533
107934 	  99902
129131 	 106567
129131 	  94908
129131 	  94927
129131 	 117891
129131 	 110641
129131 	 130665
129131 	 110571
131018 	  66388
105455 	 113401
105455 	 119680
105455 	  80076
105455 	  96738
105455 	 131018
126626 	   9595
126626 	  90154
126626 	  95182
  9967 	 127102
  9967 	  91563
  9967 	 128844
113027 	  80076
113027 	 107934
 28241 	 117976
 28241 	 113027
 93171 	   5543
 51213 	 118052
126721 	  80076
 29716 	 102380
 29716 	  90154
 29716 	  80076
 29716 	 106205
 29716 	 129131
101280 	 106567
101280 	  94908
101280 	 130665
101280 	 126626
110268 	  80076
110268 	  97838
110268 	 106205
110268 	  66388
110268 	 129131
103813 	  94908
103813 	  94927
103813 	 117891
103813 	 117976
103813 	 127533
103813 	  99902
103813 	 101280
103813 	 103813
 85402 	 106567
 85402 	  94908
 85402 	  94927
 85402 	  90154
 85402 	 130665
 85402 	  80076
 85402 	 126626
 85402 	  85402
101160 	 106567
101160 	 100617
101160 	 118052
101160 	 128397
101160 	 125052
101160 	 107934
101160 	 124999
127649 	  94908
127649 	 110641
127649 	 126626
 91926 	 106567
 91926 	 118052
 91926 	 117976
 91926 	 110641
 91926 	 130665
 91926 	 110571
 91926 	  91848
 91926 	 126626
 95442 	 130387
 95442 	 102380
 95442 	 128397
 95442 	 126869
 95442 	 126040
 95442 	  66388
 95442 	 125052
 95442 	 126200
 95442 	 124999
 95442 	 102278
 92865 	   4793
 92865 	  90154
 92865 	   9967
 94332 	 117976
 94332 	 119680
 94332 	 128397
 94332 	   7012
 31490 	   9967
114535 	  94927
114535 	 110641
114535 	 130665
114535 	 110571
114535 	 126626
 96113 	  80076
 96113 	   7012
 96113 	  92250
129859 	  90154
129859 	 126721
129859 	  85402
129859 	  95442
102078 	 118052
102078 	 117976
102078 	  90154
102078 	 119680
102078 	 100225
102078 	  95573
102078 	  80076
102078 	 106302
102078 	  66388
102078 	 129131
102078 	 131018
102078 	  85402
102078 	  95603
102078 	  96113
 94264 	  94908
 94264 	 110641
 94264 	  92014
113290 	 106567
113290 	  94908
113290 	 117891
113290 	   5646
113290 	 102503
122840 	 113401
122840 	 119680
122840 	 100225
122840 	  95573
122840 	 109693
122840 	 129131
122840 	 131018
122840 	 110268
122840 	 101160
122840 	  95603
122840 	  95442
122840 	 122840
108185 	 118052
108185 	 117976
108185 	 119680
108185 	 106302
108185 	 109693
 99477 	  96113
105970 	   5646
 75641 	  80076
 75641 	 127649
 75641 	   7012
129134 	 106567
129134 	  94908
129134 	 127102
129134 	 102380
129134 	 117891
129134 	  80076
129134 	 128844
129134 	  66388
129134 	  88333
129134 	  70752
129134 	 129131
129134 	 130983
129134 	  31490
131017 	 100617
131017 	   4793
131017 	 102380
131017 	  99902
131017 	   9967
131017 	 114379
131017 	 102503
131017 	  99477
 72459 	 106567
 72459 	 113401
 72459 	 118052
 72459 	  90154
 72459 	  95573
 72459 	 106302
 72459 	 101160
 72459 	 131017
 44074 	  94908
 44074 	 130387
 44074 	 117891
 44074 	 119680
 44074 	 106302
 44074 	 110571
 44074 	  88333
 44074 	  95603
 44074 	 100909
116115 	  80076
116115 	  66388
116115 	  31490
116115 	 127855
127451 	 127102
127451 	 130387
127451 	 128397
127451 	 126869
127451 	 130780
127451 	  31490
127451 	 129134
127451 	 131017
  4363 	   9595
  4363 	   4793
  4363 	  80076
  4363 	  99902
  4363 	   9967
  4363 	 101160
  4363 	 102503
 67362 	  81305
 67362 	  63310
 31770 	 127102
 31770 	  90154
 31770 	  80076
 31770 	  66388
 31770 	  85402
 31770 	  95442
119111 	 100617
119111 	  94908
119111 	  94927
119111 	 118052
119111 	 117891
119111 	 119680
119111 	 100225
119111 	 130665
119111 	 106302
119111 	 110571
119111 	  96738
119111 	  70752
119111 	 131018
119111 	 126626
119111 	 103813
119111 	 102078
119111 	 102503
119111 	 131017
119325 	 102380
119325 	 127242
119325 	  97838
119325 	 109693
119325 	 129131
119325 	 110268
119325 	 101160
119325 	 127649
119325 	 122840
119325 	 101510
 93950 	 101510
 70646 	 100617
 70646 	  95442
 70646 	 119325
101544 	 106567
101544 	 100617
101544 	 113401
101544 	 117976
101544 	  90154
101544 	 106302
101544 	 127533
101544 	 101280
101544 	 103813
101544 	 102078
101544 	 131017
101544 	 119111
101544 	 129644
101544 	 101544
118363 	  39337
118363 	  91848
 67846 	 118052
 67846 	 117976
 67846 	 110641
 67846 	 130665
 67846 	  91848
 67846 	 126626
 67846 	 102078
 67846 	 100909
 67846 	 119111
 67846 	 101544
100782 	  76155
 53106 	 128397
 53106 	 124999
 53106 	 129134
105815 	  94908
105815 	 130387
105815 	 117891
105815 	 117976
105815 	 119680
105815 	  80076
105815 	 126869
105815 	 106302
105815 	  88333
105815 	 127451
105815 	  93950
129960 	  63310
 81306 	 100617
 81306 	  94908
 81306 	 126200
 81306 	 126626
 81306 	 101510
 81306 	 118363
101892 	 119680
101892 	 131017
101892 	 130218
126216 	  96511
126216 	 100225
126216 	  95573
126216 	 126626
126216 	 102503
126216 	 117951
126216 	 101544
130986 	 128397
130986 	  80076
130986 	 125052
130986 	 124999
130986 	 129134
130986 	 130218
 85972 	  90154
 85972 	 119680
 85972 	  80076
 85972 	 109693
 85972 	 129131
 85972 	 131018
 85972 	  85402
 85972 	 131017
 94785 	 127242
 94785 	  97838
 94785 	 106205
 94785 	 129131
 94785 	 127649
 94785 	  95442
 94785 	  96113
 94785 	 101510
 94785 	 118363
 94785 	 100782
115173 	 113401
115173 	 119680
115173 	 100225
115173 	  95573
115173 	 109693
115173 	 129131
115173 	 131018
115173 	 110268
115173 	 101160
115173 	  95603
115173 	  95442
115173 	 122840
115173 	 100782
104295 	 127242
104295 	  97838
104295 	 129131
104295 	 126721
104295 	 127649
104295 	  95442
104295 	 101510
124419 	 119680
124419 	  80076
124419 	 109693
124419 	 130780
124419 	 129131
124419 	 131018
124419 	 110268
124419 	  85402
124419 	 101160
124419 	 122840
124419 	 131017
124419 	 127855
124419 	 119325
128492 	 127102
128492 	 130387
128492 	 117891
128492 	 119680
128492 	 128844
128492 	 130983
128492 	 100782
 91637 	 106567
 91637 	 100617
 91637 	  91848
 91637 	 131018
 91637 	 129644
 91637 	 101544
 91637 	  91637
  2332 	 100617
  2332 	 102380
  2332 	  90154
  2332 	  80076
  2332 	  66388
  2332 	  99902
  2332 	  85402
  2332 	  95442
  2332 	 102503
122251 	  88141
 68681 	 118052
 68681 	 117976
 68681 	  80076
 68681 	  66388
 68681 	   9967
 68681 	  85402
 68681 	  63310
 68681 	  72459
 68681 	  85890
 68681 	 119111
 72992 	 119325
  2911 	 125161
 16479 	  90154
 16479 	   5646
 16479 	  85890
 16479 	  31770
 65887 	 127102
 65887 	 128844
 65887 	 130983
 36327 	 102380
 36327 	  90154
 36327 	 129131
 36327 	  85402
 36327 	 100909
 36327 	 118363
130217 	 100617
130217 	  94908
130217 	  94927
130217 	 118052
130217 	 117891
130217 	 119680
130217 	 130665
130217 	  95573
130217 	 106302
130217 	 110571
130217 	  96738
130217 	  70752
130217 	 131018
130217 	 126626
130217 	 103813
130217 	  96113
130217 	 102078
130217 	 102503
130217 	 117951
130217 	 131017
130217 	 119111
130217 	 101544
130217 	 129434
130217 	 124419
130217 	 128492
130217 	   2911
119311 	 106567
119311 	 100617
119311 	  94908
119311 	  94927
119311 	 117891
119311 	 127533
119311 	 101280
119311 	 102078
119311 	  99477
119311 	 131017
119311 	 119111
119311 	 129644
119311 	 129434
119311 	 115173
119311 	 104295
119311 	 128492
119311 	 130217
128762 	 127242
128762 	  97838
128762 	 129131
128762 	 130983
128762 	 101160
128762 	 127649
128762 	  91926
128762 	  95442
128762 	 122840
128762 	 131017
128762 	 101510
128762 	 127855
128762 	 129960
128762 	 128762
125839 	  76155
125839 	 114535
  5103 	  76155
  5103 	   5646
 77153 	 113401
 77153 	 119680
 77153 	 106302
 77153 	 109693
 77153 	  96738
 77153 	 129131
 77153 	 131018
 77153 	 110268
 77153 	 101160
 77153 	  95603
 77153 	  96113
 77153 	 122840
 77153 	 119325
 77153 	 101892
 77153 	 130986
 77153 	 119311
 77153 	 128762
124080 	  39337
  8179 	 130387
  8179 	  80076
  8179 	 126869
  8179 	 126040
109370 	   4793
109370 	  90154
109370 	   9967
109370 	  63310
  2622 	  94927
  2622 	 130387
  2622 	 126869
  2622 	 126040
  2622 	   8980
  2622 	 130780
  2622 	 126721
  2622 	 131017
 97207 	 100617
 97207 	  94908
 97207 	 110641
 97207 	 106205
 97207 	  99902
 97207 	 126626
 97207 	  95442
 97207 	 102503
 97207 	 100909
 97207 	  99477
 97207 	 101510
 97207 	 104295
 97207 	 124080
 51513 	 101160
 91880 	 100617
 91880 	 119680
 91880 	 131018
 91880 	  95603
 91880 	  95442
 91880 	  96113
 91880 	 116522
103133 	 117951
103133 	 131017
103133 	 129960
120065 	  63310
107568 	 106567
107568 	  94927
107568 	 110641
107568 	 130665
107568 	 110571
107568 	 126626
107568 	 119325
107568 	 104295
107568 	 119311
107568 	 124080
 96012 	 127242
 96012 	  97838
 96012 	 109693
 96012 	  70752
 96012 	 129131
 96012 	 110268
 96012 	 101160
 96012 	 127649
 96012 	 122840
 96012 	 131017
 96012 	 101510
 96012 	 118363
 96012 	 102383
 96012 	 128762
111666 	 102380
111666 	  90154
111666 	  80076
111666 	 106205
111666 	 129131
111666 	  85402
111666 	 118363
111666 	 102383
111666 	 125161
111666 	 128762
125990 	  80076
125990 	  66388
125990 	 102278
125990 	 130218
125990 	  85972
125990 	  97207
129208 	 118052
129208 	 117976
129208 	  90154
129208 	 119680
129208 	 100225
129208 	  95573
129208 	  80076
129208 	 127242
129208 	 106302
129208 	 109693
129208 	 107934
129208 	  85402
129208 	 127649
129208 	 122251
129208 	 128762
129208 	 116522
129208 	 103133
 98252 	 100617
 98252 	 119680
 98252 	   5646
 98252 	 125839
 73957 	  94908
 73957 	  90154
 73957 	 127242
 73957 	  97838
 73957 	 126040
 73957 	 126626
 73957 	 126721
 73957 	  85402
 73957 	 127649
 73957 	  95442
 73957 	  99477
 73957 	 100782
 73957 	 104295
 73957 	 124080
 85142 	  95182
 69633 	 100617
 69633 	  96511
 69633 	 106302
 69633 	 102503
 69633 	  99477
 69633 	 130218
 69633 	 129644
 69633 	 124419
 69633 	 125839
 69633 	  96012
 69633 	 111666
 69633 	  98252
 79310 	 106567
 79310 	  94908
 79310 	  94927
 79310 	 117891
 79310 	 110641
 79310 	 128397
 79310 	 130665
 79310 	 110571
 79310 	 126626
 79310 	 102503
 79310 	 127451
 79310 	 129644
 79310 	 129434
 79310 	 104295
 79310 	 124419
 79310 	 128492
 79310 	 125839
 79310 	 124080
 79310 	 103133
 79310 	 111666
 79310 	  98252
101365 	  72459
101365 	  81306
101365 	  77153
101365 	   2622
  3208 	   4793
  3208 	   9967
 79768 	  90154
 79768 	 119680
 79768 	  80076
 79768 	 106302
 79768 	 129131
 79768 	 131018
 79768 	 110268
 79768 	  85402
 79768 	 122840
 79768 	  85890
 79768 	 119325
 79768 	 130986
 79768 	 119311
 79768 	 128762
 79768 	 128974
 79768 	 101365
 99159 	   4793
 99159 	   9967
 66221 	   9595
 66221 	 100617
 66221 	   4793
 66221 	 117976
 66221 	 127533
 66221 	   9967
 66221 	 101280
 66221 	 101160
 66221 	 101510
 66221 	 122251
 66221 	 125161
 66221 	  65887
 66221 	 130217
 66221 	 125990
 66221 	  98252
 66221 	 118768
 65192 	 110641
 65192 	 130665
 65192 	  80076
 65192 	 106302
 65192 	 110571
 65192 	 126626
 65192 	 100909
 65192 	 104295
 65192 	 124419
 65192 	 103133
 65192 	  65192
122945 	 130665
122945 	 110571
122945 	 126626
122945 	 119325
122945 	 119311
122945 	 124080
122945 	 103133
119617 	  97838
119617 	  99902
119617 	 129131
119617 	 101510
107458 	 117976
107458 	  90154
107458 	 119680
107458 	 100225
107458 	  95573
107458 	  80076
107458 	 106302
107458 	 129131
107458 	  85402
107458 	 105970
107458 	  72459
107458 	 122251
107458 	 128762
107458 	 128974
107458 	 101365
107458 	 107458
 99455 	 100617
 99455 	  90154
 99455 	  80076
 99455 	  97838
 99455 	  66388
 99455 	  99902
 99455 	  85402
 99455 	 102503
 99455 	 101510
 99455 	 125161
 99455 	  65192
101673 	 130218
 96900 	  68681
114259 	 113401
114259 	 118052
114259 	 117976
114259 	  90154
114259 	 119680
114259 	  95573
114259 	 106302
114259 	  72459
114259 	  85890
114259 	 122251
114259 	 116522
114259 	 118768
114259 	  65192
114259 	 107458
114259 	 101673
102481 	  94927
102481 	  99902
102481 	 100909
102481 	 125161
119112 	 100617
119112 	 118052
119112 	 117976
119112 	 119680
119112 	 117951
119112 	 131017
119112 	 122251
 37464 	  39337
 37464 	  90154
 37464 	  80076
 37464 	  97838
 37464 	  85402
 37464 	  95442
 37464 	 101510
 37464 	 100782
 37464 	 102383
 37464 	  99455
 93866 	  97838
115606 	 100617
115606 	  94908
115606 	  80076
115606 	  97838
115606 	 106205
115606 	  99902
115606 	 126626
115606 	 127649
115606 	  96113
115606 	 102503
115606 	 100909
115606 	  99477
115606 	 128762
115606 	 124080
115606 	 103133
115606 	  98252
115606 	  99455
115606 	 102481
 15972 	  80076
 15972 	  97838
 15972 	 106205
 15972 	 129131
 15972 	 126200
 15972 	  95442
 15972 	 101510
 15972 	 118363
 15972 	 100782
110588 	  99902
110588 	  79310
110588 	 107458
 92527 	 113401
 92527 	 119680
 92527 	 100225
 92527 	 109693
 92527 	 129131
 92527 	 131018
 92527 	 110268
 92527 	 101160
 92527 	  95603
 92527 	  95442
 92527 	  96113
 92527 	 122840
 92527 	 100782
 92527 	 128762
 92527 	 116522
 92527 	  96012
 92527 	 101365
 92527 	 122945
108174 	  68681
  2251 	  97838
  2251 	  91637
 75566 	  63310
 75566 	   3208
 52224 	 113401
 52224 	 118052
 52224 	 117976
 52224 	 119680
 52224 	 100225
 52224 	  95573
 52224 	 109693
 52224 	 130780
 52224 	 129131
 52224 	 131018
 52224 	 110268
 52224 	 101160
 52224 	  95603
 52224 	 111407
 52224 	 122840
 52224 	 131017
 52224 	 127855
 52224 	 119325
 52224 	 129960
 52224 	 101892
 52224 	 119311
 52224 	 128762
 52224 	 116522
 52224 	 118768
 52224 	 101365
 52224 	 120998
103677 	 109693
103677 	 129131
103677 	 131018
103677 	 130983
103677 	 110268
103677 	 101160
103677 	  95442
103677 	  96113
103677 	 122840
103677 	 131017
103677 	 127855
103677 	 100782
103677 	 129960
103677 	 128762
103677 	 122945
  1531 	   4793
  1531 	 117976
  1531 	  99902
  1531 	   9967
  1531 	 101280
  1531 	 102078
  1531 	 102503
  1531 	 101510
  1531 	 119111
  1531 	 122251
  1531 	  65887
  1531 	 125990
  1531 	  98252
  1531 	  99159
  1531 	  99455
  1531 	 101673
  1531 	 102481
 90137 	 130780
 90137 	 126200
 90137 	 102278
 90137 	 131017
 90137 	 127451
 90137 	 109370
 90137 	 129208
 94602 	  76155
 94602 	  90147
 94602 	  90137
 64266 	 119680
 58632 	  97838
 58632 	  95182
 58632 	  80370
 58632 	 110268
 58632 	   5646
 58632 	  94332
 58632 	 114535
 58632 	 118363
 58632 	  81306
 58632 	  91637
 58632 	 102383
 58632 	  65887
 58632 	  43129
 58632 	   2622
 58632 	  85142
 58632 	  75566
 83275 	  94908
 83275 	  94927
 83275 	 117891
 83275 	 128492
 83275 	  99455
 83275 	 103677
 83275 	 122600
 62268 	 113401
 62268 	 102380
 62268 	 119680
 62268 	  95573
 62268 	 109693
 62268 	 129131
 62268 	 131018
 62268 	  95603
 62268 	  95442
 62268 	  96113
 62268 	 111407
 62268 	 100782
 62268 	 116522
 62268 	  96012
 62268 	 101365
 62268 	 122945
 52786 	   4793
 52786 	   9967
 16404 	  80076
 16404 	  97838
 16404 	  95442
 16404 	 101510
 16404 	 127855
 16404 	 118363
 16404 	 100782
 16404 	 130986
 16404 	 102383
 16404 	 128762
105413 	 130387
105413 	 127242
105413 	   8980
105413 	 129131
105413 	 126200
105413 	 124999
105413 	 101160
105413 	 127649
105413 	  91926
105413 	 102503
105413 	 122840
105413 	 131017
105413 	 101510
105413 	 127855
105413 	 129960
105413 	 128762
105413 	  73957
105413 	 128974
105413 	 101365
 37931 	 106567
 37931 	 118052
 37931 	 117976
 37931 	 110641
 37931 	 130665
 37931 	  95573
 37931 	 106302
 37931 	 110571
 37931 	  91848
 37931 	 129131
 37931 	 131018
 37931 	 126626
 37931 	 126721
 37931 	 103813
 37931 	 100909
 37931 	 119111
 37931 	 129644
 37931 	 101544
 37931 	 115173
 37931 	 104295
 37931 	  91637
 37931 	 111666
 37931 	  65192
 37931 	 101673
 37931 	  93866
 37931 	 108273
 37931 	 110588
 37931 	 101749
 37931 	 122600
 37931 	 115220
 37931 	 117884
111297 	 127102
111297 	 130387
111297 	  80076
111297 	 127242
111297 	  97838
111297 	  66388
111297 	 129131
111297 	 130983
111297 	 126721
111297 	 127649
111297 	  95442
111297 	 102503
111297 	 101510
111297 	 127855
111297 	 118363
111297 	 129960
111297 	 102383
111297 	 128762
111297 	 101648
127221 	 113401
127221 	  96511
127221 	 119680
127221 	  95573
127221 	 127242
127221 	  97838
127221 	 106205
127221 	 129131
127221 	 131018
127221 	 101160
127221 	 127649
127221 	  95603
127221 	  95442
127221 	  96113
127221 	 102078
127221 	 105970
127221 	 101510
127221 	 119111
127221 	  96012
127221 	 101365
127221 	 122945
127221 	 107458
 34379 	  94927
 34379 	 130665
 34379 	 126626
 34379 	 102503
 34379 	  99477
 34379 	 127855
 34379 	 119325
 34379 	 119311
 34379 	 124080
 34379 	 128974
 34379 	  99455
 95781 	 130387
 95781 	 127242
 95781 	  97838
 95781 	 126626
 95781 	 126721
 95781 	 127649
 95781 	  95442
 95781 	 102503
 95781 	 100909
 95781 	  99477
 95781 	 102383
 95781 	 103133
 95781 	  99455
124177 	  83275
116898 	 130387
116898 	  58481
 51767 	  83275
 28201 	 100617
 28201 	  94908
 28201 	 117976
 28201 	  80076
 28201 	  62372
 28201 	 127533
 28201 	 101280
 28201 	 103813
 28201 	  63310
 28201 	   5646
 28201 	 102078
 28201 	 102503
 28201 	  99477
 28201 	 101510
 28201 	 119111
 28201 	  68681
 28201 	 125161
 28201 	 130217
 28201 	 124080
 28201 	 125990
 28201 	  98252
 28201 	 118768
 28201 	  99455
 28201 	 101673
 28201 	 102481
105156 	 126626
105156 	 102503
105156 	 119325
105156 	 102383
105156 	 119311
105156 	 124080
105156 	 103133
119717 	 109693
119717 	 129131
119717 	 126200
119717 	 110268
119717 	 101160
119717 	  91926
119717 	 122840
119717 	 131017
119717 	 127855
119717 	 128762
119717 	 128974
119717 	 101365
119717 	 101648
 95409 	 102380
 95409 	 127242
 95409 	  97838
 95409 	 129131
 95409 	 127649
 95409 	  95442
 95409 	 101510
 95409 	 118363
 95409 	 102383
 95409 	 128762
 95409 	 101648
124225 	 106567
124225 	  94908
124225 	  94927
124225 	 117891
124225 	 128397
124225 	 130665
124225 	 106302
124225 	 106205
124225 	 110571
124225 	 126200
124225 	 126626
124225 	  96113
124225 	 102503
124225 	 131017
124225 	 127451
124225 	 129644
124225 	 129434
124225 	 128492
124225 	 125839
124225 	 124080
124225 	  96012
124225 	 111666
124225 	  98252
124225 	 128974
124225 	 101365
124225 	  99455
124225 	 103677
124225 	 122600
124225 	 124477
124225 	  95781
124225 	  95409
 99213 	  94908
 99213 	  94927
 99213 	  96511
 99213 	 117891
 99213 	 130665
 99213 	 106302
 99213 	 106205
 99213 	 110571
 99213 	 126200
 99213 	 126626
 99213 	  96113
 99213 	 102503
 99213 	  99477
 99213 	 129644
 99213 	 124419
 99213 	 125839
 99213 	 124080
 99213 	  96012
 99213 	 111666
 99213 	  98252
 99213 	 101365
 99213 	  99159
 99213 	  99455
 99213 	  96900
 99213 	 103677
 99213 	 122600
 99213 	 124477
 99213 	  95781
 99213 	  95409
 98469 	  94927
 98469 	 130665
 98469 	 130780
 98469 	 126626
 98469 	 124080
 98469 	  73957
 98469 	  99213
 98469 	  98469
121308 	 113401
121308 	 100225
121308 	  95573
121308 	  80076
121308 	 106302
121308 	 109693
121308 	  96738
121308 	 131018
121308 	 101160
121308 	  95603
121308 	  95442
121308 	  96113
121308 	 119325
121308 	 100782
121308 	 101892
121308 	 119311
121308 	  96012
121308 	 118768
121308 	 101365
121308 	 122945
121308 	 120998
121308 	 124477
121308 	 101648
121308 	 127221
121308 	  95781
121308 	 124177
121308 	  99213
121308 	  98469
121308 	 119685
128471 	  76155
128471 	   3208
 77148 	 126626
 77148 	  95442
 77148 	 102503
 77148 	  99477
 77148 	 101510
 77148 	 119325
 77148 	 119311
 77148 	  99455
 77148 	 128471
 96223 	  83275
  3715 	 119680
  3715 	 129131
  3715 	  95442
  3715 	 118363
  3715 	 100782
  3715 	 101365
  3715 	 122945
  3715 	 119617
  3715 	 101648
115258 	   5646
115258 	  83275
 69513 	   9595
 69513 	 100617
 69513 	  94927
 69513 	   4793
 69513 	 117891
 69513 	 117976
 69513 	  80076
 69513 	 127533
 69513 	  99902
 69513 	   9967
 69513 	 101280
 69513 	 101160
 69513 	 102078
 69513 	 102503
 69513 	  99477
 69513 	 101510
 69513 	 119111
 69513 	 129434
 69513 	 122251
 69513 	 125161
 69513 	  65887
 69513 	 130217
 69513 	 125990
 69513 	  98252
 69513 	 118768
 69513 	  99159
 69513 	 122945
 69513 	  99455
 69513 	 101673
 69513 	 102481
 87759 	 109693
 87759 	 129131
 87759 	 114379
 87759 	 110268
 87759 	 101160
 87759 	  95442
 87759 	 122840
 87759 	 100782
 87759 	 130986
 87759 	 128762
 87759 	 128974
 87759 	 122945
 87759 	 101648
 87759 	  99213
 87759 	  98469
126248 	  96511
126248 	 119680
126248 	 100225
126248 	  95573
126248 	 127242
126248 	  97838
126248 	 106205
126248 	  70752
126248 	 129131
126248 	 131018
126248 	 127649
126248 	  95603
126248 	  95442
126248 	  96113
126248 	 102078
126248 	 102503
126248 	 101510
126248 	  96012
126248 	 101365
126248 	 122945
126248 	 107458
126248 	 120998
102995 	 100617
102995 	  90154
102995 	  80076
102995 	  95442
102995 	 102503
102995 	 100782
102995 	 125161
102995 	 128762
102995 	  95336
102995 	  62649
102995 	  74885
120346 	 110268
120346 	 101160
120346 	 122840
120346 	 119325
120346 	 100782
120346 	 119311
120346 	  98252
120346 	 122945
118432 	  82318
   514 	   9595
   514 	  95182
   514 	  91848
   514 	  31770
   514 	  81306
   514 	  72992
   514 	  65887
 82463 	 130387
 82463 	 128397
 82463 	  80076
 82463 	 130780
 82463 	 125052
 82463 	 126200
 82463 	 124999
 82463 	  31490
 82463 	 131017
 82463 	 101510
 82463 	 105815
 82463 	 109370
 82463 	 129208
107890 	 126626
107890 	 119325
107890 	 119311
107890 	 124080
107890 	 103133
 95790 	   4793
 95790 	 102503
 95790 	 102383
 95790 	  83275
 95790 	 101648
 95350 	  94908
 95350 	  94927
 95350 	  96511
 95350 	 117891
 95350 	  90154
 95350 	  80076
 95350 	  97838
 95350 	 106205
 95350 	  66388
 95350 	 110571
 95350 	 131018
 95350 	 110268
 95350 	  85402
 95350 	 101160
 95350 	  99477
 95350 	  72459
 95350 	  85890
 95350 	 119325
 95350 	 129644
 95350 	 118363
 95350 	 130986
 95350 	 129434
 95350 	 128492
 95350 	 102383
 95350 	 119311
 95350 	 103133
 95350 	  95336
 95350 	  96012
 95350 	  65192
 95350 	 119617
 95350 	 103677
 95350 	  62649
 95350 	  74885
 95350 	 128471
 95350 	 115258
 95350 	  87759
101486 	 106567
101486 	  94908
101486 	 117891
101486 	 130665
101486 	 106302
101486 	 110571
101486 	 131018
101486 	 126626
101486 	 102503
101486 	  99477
101486 	 129644
101486 	 129434
101486 	 128492
101486 	 125839
101486 	 124080
101486 	  97207
101486 	 111666
101486 	  98252
101486 	 128974
101486 	  99455
101486 	 119112
101486 	 103677
101486 	 122600
101486 	 124477
101486 	  95781
101486 	  95409
101486 	 128471
101486 	 115258
101486 	 126248
109399 	 100617
109399 	  94908
109399 	  99902
109399 	 102503
109399 	  99477
109399 	 101510
109399 	 125161
109399 	  98252
109399 	  99455
109399 	 102481
 86335 	   4793
 86335 	  99902
 86335 	   9967
 86335 	 102503
 86335 	 101510
 86335 	  65887
 86335 	  98252
 86335 	  99455
 86335 	 102481
 61797 	  96511
 61797 	 106302
 61797 	 106205
 61797 	 130218
 61797 	 129644
 61797 	 118363
 61797 	 124419
 61797 	 125839
 61797 	  96012
 61797 	 111666
 61797 	 102481
 61797 	 124477
 61797 	  95781
 61797 	  95409
 61797 	 119685
 61797 	 126248
 94015 	  70752
 94015 	 131017
 94015 	  58632
 94005 	  92014
 94005 	 127242
 94005 	  97838
 94005 	 129131
 94005 	  95442
 94005 	 101510
 94005 	 100782
 94005 	 130986
 94005 	 102383
 94005 	 101648
123976 	  91637
 18023 	  95182
 18023 	  85402
 18023 	  85890
 18023 	  31770
 18023 	  66221
 18023 	  65192
 18023 	  52224
 18023 	  87759
 65978 	  90154
 65978 	  80076
 65978 	  97838
 65978 	 106205
 65978 	 129131
 65978 	  85402
 65978 	 118363
 65978 	 102383
 65978 	 125161
 65978 	 128762
 65978 	  95336
 65978 	  65192
 65978 	  62649
 65978 	  74885
 65978 	  87759
129747 	 100617
129747 	  80076
129747 	  99902
129747 	  95442
129747 	 100782
129747 	 119311
129747 	  98252
129747 	  99455
129747 	 102481
129747 	 101648
 76438 	 118052
 76438 	 117976
 76438 	  80076
 76438 	  91848
 76438 	 102078
 76438 	 119111
 76438 	 101544
 76438 	 115173
 76438 	 122251
 76438 	  93866
 76438 	 110588
 76438 	 117884
 76438 	 115258
 76438 	 120346
 76438 	 101486
 76438 	 123976
 76438 	 117950
 79171 	 127242
 79171 	  97838
 79171 	 129131
 79171 	 127649
 79171 	  95442
 79171 	 101510
 79171 	 128974
 79171 	 101365
 79171 	 122945
 79171 	  99213
 79171 	  95513
124881 	 106567
124881 	  96511
124881 	 110641
124881 	 130665
124881 	  95573
124881 	  66388
124881 	 127533
124881 	  99902
124881 	 107934
124881 	 126626
124881 	 101280
124881 	 103813
124881 	   7012
124881 	 129859
124881 	 129644
124881 	 129960
124881 	 129434
124881 	 115173
124881 	 104295
124881 	 130217
124881 	 125839
124881 	  97207
124881 	 103133
124881 	  96012
124881 	 111666
124881 	 125990
124881 	  98252
124881 	 110588
124881 	 101749
124881 	  94602
124881 	 115220
124881 	 117884
124881 	 124477
124881 	 106697
124881 	  95409
124881 	 124225
124881 	  96223
124881 	 115258
124881 	 102995
124881 	 115465
124881 	 129747
124881 	 122891
124881 	 124881
105523 	 106567
105523 	  94908
105523 	  94927
105523 	 117891
105523 	 110641
105523 	 130780
105523 	 100909
105523 	 131017
105523 	 129644
105523 	 129434
105523 	 104295
105523 	 128492
105523 	 125839
105523 	 124080
105523 	 111666
105523 	 129208
105523 	  99159
105523 	  99455
105523 	 101749
105523 	 103677
105523 	 122600
105523 	 115220
105523 	 124477
105523 	 106697
105523 	  95409
105523 	  99213
105523 	  98469
105523 	 115258
105523 	 102995
105523 	 101809
105523 	 124881
129421 	 129131
129421 	  95442
129421 	 127855
129421 	 119325
129421 	 100782
129421 	 130986
129421 	 119311
129421 	 128974
129421 	 101365
129421 	 122945
129421 	 101648
129421 	  99213
129421 	  98469
129421 	 101486
129421 	 101809
129421 	  95513
129421 	 126974
113610 	 100617
113610 	  80076
113610 	 131018
113610 	 110268
113610 	  96113
113610 	 122840
113610 	  72459
113610 	 130218
113610 	 119325
113610 	 100782
113610 	 119311
113610 	  91880
113610 	  96012
113610 	  98252
113610 	 122945
113610 	 101648
103091 	   4793
103091 	   9967
103091 	  63310
 67993 	 130387
 67993 	 126040
 67993 	 107934
 67993 	   7012
 67993 	  31490
 67993 	 131017
 67993 	 129208
 98991 	  80076
 98991 	  97838
 98991 	 106205
 98991 	 129131
 98991 	  85402
 98991 	 119325
 98991 	 118363
 98991 	 100782
 98991 	 119311
 98991 	 101648
 98991 	  74885
 98991 	 122891
 98991 	 126974
110898 	   9595
110898 	 117976
110898 	  99902
110898 	 102078
110898 	 102503
110898 	  72459
110898 	 101510
110898 	 119111
110898 	 122251
110898 	   2622
110898 	 125990
110898 	  98252
110898 	   3208
110898 	  99159
110898 	  66221
110898 	  99455
110898 	 101673
110898 	 102481
110898 	 120346
110898 	  95350
110898 	 101486
110898 	 129747
 93696 	   9967
 93696 	  65978
119884 	  90154
119884 	  80076
119884 	  97838
119884 	 106205
119884 	  66388
119884 	 129131
119884 	 130983
119884 	  85402
119884 	 127649
119884 	  96113
119884 	 127855
119884 	 119325
119884 	 118363
119884 	 129960
119884 	 102383
119884 	 119311
119884 	 128762
119884 	  62268
119884 	 101648
119884 	  74885
119884 	 122891
119884 	 126974
110974 	 118052
110974 	 117976
110974 	 119680
110974 	 106302
110974 	  66388
110974 	  91848
110974 	 103813
110974 	  85890
110974 	 101544
110974 	 115173
110974 	 124419
110974 	  91637
110974 	 122251
110974 	 125839
110974 	 118768
110974 	  65192
110974 	 101673
110974 	  93866
110974 	 120998
110974 	 110588
110974 	 117884
110974 	 106697
110974 	  95781
110974 	 124177
110974 	  96223
110974 	 115258
110974 	  87759
110974 	 102995
110974 	 120346
110974 	 101486
110974 	  86335
110974 	 123976
110974 	 117950
110974 	 124881
110974 	 110898
123022 	 117976
123022 	 127649
123022 	 124177
123022 	  99213
100744 	 100617
100744 	 117976
100744 	  90154
100744 	 100225
100744 	  95573
100744 	 127533
100744 	  96738
100744 	 131018
100744 	 101280
100744 	 103813
100744 	  85402
100744 	 101160
100744 	  95603
100744 	  95442
100744 	  96113
100744 	 119325
100744 	 100782
100744 	 130986
100744 	 130217
100744 	 119311
100744 	  96012
100744 	 125990
100744 	  98252
100744 	 118768
100744 	 122945
100744 	 119617
100744 	  93866
100744 	 101648
100744 	  74885
100744 	  87759
100744 	  95790
100744 	  86335
100744 	 123976
100744 	 129747
122171 	 118052
122171 	 119680
122171 	 100225
122171 	  95573
122171 	 106302
122171 	 127533
122171 	 129131
122171 	 131018
122171 	 101280
122171 	  95603
122171 	  96113
122171 	 131017
122171 	 129960
122171 	 130217
122171 	  96012
122171 	 125990
122171 	 118768
122171 	 120998
122171 	  62268
122171 	 124177
122171 	  96223
122171 	 129747
115883 	 130780
115883 	 107934
115883 	 131017
115883 	 127221
115883 	 110974
103973 	  81305
103973 	  90154
103973 	  95182
103973 	  65408
103973 	  85402
103973 	  85890
103973 	  31770
103973 	  72992
103973 	  16479
103973 	   2622
103973 	  95336
103973 	  69633
103973 	   3208
103973 	  10274
103973 	  65192
103973 	  62649
103973 	  16404
103973 	  70314
103973 	  87759
103973 	  82463
103973 	  86335
103973 	  61797
103973 	  61753
111227 	 127102
111227 	 130387
111227 	 117976
111227 	  80076
111227 	 128844
111227 	  66388
111227 	 130983
111227 	 129859
111227 	 130218
111227 	  91637
111227 	  93866
111227 	 127221
111227 	 100142
 52250 	 106567
 52250 	 129644
 52250 	 125839
 52250 	 111666
 52250 	 124477
 52250 	 106697
 52250 	 102995
 52250 	 124881
 81503 	  39337
 81503 	  83275
116540 	 117976
116540 	 110641
116540 	 130665
116540 	  80076
116540 	  91848
116540 	 126626
116540 	 103813
116540 	 102078
116540 	 100909
116540 	 105970
116540 	 101510
116540 	  85890
116540 	 119111
116540 	 101544
116540 	 115173
116540 	 104295
116540 	 124419
116540 	 125839
116540 	  91880
116540 	 118768
116540 	  65192
116540 	 101673
116540 	  93866
116540 	 120998
116540 	 110588
116540 	 101749
116540 	 122600
116540 	  83275
116540 	 115220
116540 	 117884
116540 	 106697
116540 	 124177
116540 	 128471
116540 	  87759
116540 	 126248
116540 	 120346
116540 	 118432
116540 	 101486
116540 	  86335
116540 	 123976
116540 	 117950
116540 	 124881
116540 	 110898
116540 	 110974
116540 	 118234
116540 	 115883
  2268 	 128397
  2268 	  80076
  2268 	 125052
  2268 	 126200
  2268 	 124999
  2268 	 129134
  2268 	 127451
  2268 	 129208
  2268 	  52250
  7303 	 102380
  7303 	 117976
  7303 	  66388
  7303 	 102278
  7303 	 101160
  7303 	   7012
  7303 	  31490
  7303 	 101510
  7303 	 130218
  7303 	 105815
  7303 	 129960
  7303 	  85972
  7303 	 128762
  7303 	  97207
  7303 	  93866
  7303 	  94602
  7303 	 127221
  7303 	 124177
  7303 	 100142
  7303 	  74885
  7303 	 120346
  7303 	 115465
  7303 	 129747
  7303 	 129421
  7303 	 103091
  7303 	  98991
  7303 	 100744
  7303 	   7303
126651 	 102503
126651 	  72459
126651 	 130986
 82242 	 113401
 82242 	 130387
 82242 	  80076
 82242 	 127533
 82242 	 101280
 82242 	 105970
 82242 	 101892
 82242 	  36327
 82242 	 130217
 82242 	 116522
 82242 	 125990
 82242 	  73957
 82242 	 107458
 82242 	  99213
 82242 	  98469
 82242 	 128471
 82242 	 101809
 82242 	  95513
 82242 	 129747
113681 	 102383
113681 	  83275
113681 	 123045
 75661 	  97838
 75661 	  83275
 62878 	  94908
 62878 	  94927
 62878 	 117891
 62878 	  90154
 62878 	 130665
 62878 	  80076
 62878 	  97838
 62878 	 126626
 62878 	  85402
 62878 	 101160
 62878 	  95442
 62878 	  92865
 62878 	  72459
 62878 	 129434
 62878 	 128492
 62878 	 128762
 62878 	 124080
 62878 	  95336
 62878 	  65192
 62878 	 122945
 62878 	 103677
 62878 	 122600
 62878 	  62649
 62878 	  74885
 62878 	 128471
 62878 	  87759
 62878 	 118432
 62878 	 129421
 62878 	 103091
 62878 	  61753
 62878 	 123022
 62878 	 123045
100172 	  99477
100172 	 125990
100172 	  98252
 77586 	 113401
 77586 	 117976
 77586 	 119680
 77586 	  80076
 77586 	  96738
 77586 	 129131
 77586 	 131018
 77586 	 110268
 77586 	 101160
 77586 	  95603
 77586 	  95442
 77586 	  96113
 77586 	 119325
 77586 	 100782
 77586 	 101892
 77586 	 130986
 77586 	 119311
 77586 	 116522
 77586 	  96012
 77586 	 118768
 77586 	 101365
 77586 	 122945
 77586 	 119617
 77586 	 120998
 77586 	 101648
 77586 	  95781
 77586 	 124177
 77586 	 119717
 77586 	  99213
 77586 	  98469
 77586 	 119685
 77586 	  96223
 77586 	  95790
 77586 	 101809
 77586 	 126974
 77586 	 123045
 77586 	 100172
128300 	  94908
128300 	 110641
128300 	  90154
128300 	  80076
128300 	 127242
128300 	  97838
128300 	 126626
128300 	  85402
128300 	 127649
128300 	 104295
128300 	 102383
128300 	 128762
128300 	 124080
128300 	 101749
128300 	 103677
128300 	  62649
128300 	 115220
128300 	  74885
128300 	 128471
128300 	  61753
128300 	 123022
128300 	 123045
128300 	 113681
128300 	 128300
 50309 	 106567
 50309 	 100617
 50309 	  94927
 50309 	 130387
 50309 	 117891
 50309 	 110641
 50309 	 128397
 50309 	  80076
 50309 	 101160
 50309 	 102503
 50309 	  99477
 50309 	 129434
 50309 	 104295
 50309 	 124419
 50309 	 125839
 50309 	 103133
 50309 	 111666
 50309 	  99159
 50309 	  99455
 50309 	 101749
 50309 	 122600
 50309 	  82318
 50309 	 115220
 50309 	 124477
 50309 	 106697
 50309 	  95409
 50309 	 102995
 50309 	 115465
 50309 	 124881
 50309 	 113610
 50309 	 103091
 50309 	 123045
 50309 	 126651
 91740 	   5646
 91740 	  65978
 91740 	  67672
 59944 	  61753
 59944 	  67672
 80885 	  63310
 80885 	  83275
 80885 	  82463
 80885 	  61753
 70788 	  81305
 70788 	  76155
 70788 	  63310
 70788 	   5646
 70788 	  65887
 70788 	  82463
 70788 	  65978
 70788 	  67672
 66886 	 130387
 66886 	 128397
 66886 	  80076
 66886 	  97838
 66886 	 125052
 66886 	 126626
 66886 	 127649
 66886 	  95442
 66886 	 102503
 66886 	  99477
 66886 	 101510
 66886 	 118363
 66886 	 100782
 66886 	 102383
 66886 	 124080
 66886 	 103133
 66886 	 100142
 66886 	 128471
 66886 	 126974
 66886 	 123022
 66886 	 100744
 66886 	 115883
 66886 	 126651
 66886 	 128300
 74664 	  94927
 74664 	 130665
 74664 	 130983
 74664 	 102503
 74664 	  99477
 74664 	 127855
 74664 	 119325
 74664 	 129960
 74664 	 119311
 74664 	 124080
 74664 	 128974
 74664 	  99455
 74664 	  99213
 74664 	  98469
 74664 	 128471
 74664 	 101809
 74664 	  95513
 74664 	 123022
 74664 	 128300
106244 	 106567
106244 	  94908
106244 	 117891
106244 	 130665
106244 	 106302
106244 	 110571
106244 	 131018
106244 	 126626
106244 	 102503
106244 	  99477
106244 	 129644
106244 	 129434
106244 	 128492
106244 	 125839
106244 	 124080
106244 	  97207
106244 	 111666
106244 	  98252
106244 	 128974
106244 	  99455
106244 	 119112
106244 	 103677
106244 	 122600
106244 	 124477
106244 	  95781
106244 	  95409
106244 	 128471
106244 	 115258
106244 	 126248
106244 	  95513
106244 	 129421
106244 	 113610
106244 	 113681
106244 	 128300
106244 	 106244
100737 	 129131
100737 	  95442
100737 	 127855
100737 	 119325
100737 	 100782
100737 	 101892
100737 	 130986
100737 	 119311
100737 	 116522
100737 	 128974
100737 	 101365
100737 	 122945
100737 	 120998
100737 	 101648
100737 	  99213
100737 	  98469
100737 	 101809
100737 	  95513
100737 	 100737
108765 	 106567
108765 	 100617
108765 	  94908
108765 	  94927
108765 	  96511
108765 	 117891
108765 	 119680
108765 	 130665
108765 	 106302
108765 	 110571
108765 	  70752
108765 	 126626
108765 	 113027
108765 	  96113
108765 	 131017
108765 	 127451
108765 	 129644
108765 	 129434
108765 	 124419
108765 	 128492
108765 	   2911
108765 	 125839
108765 	 124080
108765 	 111666
108765 	 103677
108765 	 122600
108765 	 124477
108765 	  95781
108765 	 128471
108765 	 126248
108765 	 124881
108765 	 113610
108765 	 128300
108765 	 106244
108765 	 108765
119270 	 102380
119270 	  90154
119270 	 119680
119270 	  80076
119270 	 109693
119270 	 129131
119270 	 131018
119270 	  85402
119270 	 131017
119270 	 125161
119270 	 119311
119270 	 128762
119270 	 101365
119270 	  62268
119270 	  99213
119270 	 119685
119270 	  87759
119270 	 101486
119270 	 101809
119270 	 126974
119270 	 129421
119270 	 126651
119270 	 100172
119270 	  91740
119270 	 100737
119270 	 119270
126646 	  94908
126646 	 110641
126646 	  90154
126646 	 126200
126646 	 124999
126646 	   4363
126646 	 118363
126646 	 104295
126646 	 124080
126646 	 103133
126646 	  98252
126646 	  99455
126646 	 101749
126646 	 103677
126646 	  62649
126646 	 115220
126646 	 106697
126646 	 102995
126646 	 115465
126646 	 126974
126646 	 128300
108254 	 100617
108254 	 127102
108254 	 127242
108254 	 128844
108254 	 106205
108254 	  99902
108254 	 130983
108254 	 126721
108254 	 127649
108254 	  95442
108254 	  96113
108254 	 102503
108254 	 101510
108254 	 127855
108254 	 100782
108254 	 129960
108254 	 101648
108254 	 122891
108254 	 123022
103038 	 127242
103038 	  97838
103038 	 109693
103038 	  70752
103038 	 129131
103038 	 110268
103038 	 101160
103038 	 127649
103038 	 122840
103038 	 119325
103038 	 118363
103038 	 119311
103038 	 128762
103038 	 128974
103038 	 101365
103038 	  99213
103038 	  95513
103038 	 122891
103038 	 129421
103038 	 121157
103038 	 123045
103038 	  91740
103038 	 119270
126048 	 130387
126048 	  80076
126048 	 126869
126048 	 126040
126048 	  66388
126048 	 131017
126048 	 129208
126048 	 126651
126048 	 108160
 86131 	  83275
  7854 	 106567
  7854 	 130665
  7854 	 110571
  7854 	 126626
  7854 	 102503
  7854 	 119325
  7854 	 102383
  7854 	 119311
  7854 	 124080
  7854 	 103133
  7854 	 115258
  7854 	 118234
  7854 	  52250
  7854 	 128300
126574 	  83275
 66058 	  80076
 66058 	 106302
 66058 	  66388
 66058 	 109693
 66058 	 131018
 66058 	 101160
 66058 	  95442
 66058 	  96113
 66058 	 119325
 66058 	 100782
 66058 	  91637
 66058 	 119311
 66058 	 101365
 66058 	 122945
 66058 	 124477
 66058 	 101648
 66058 	  95781
 66058 	  99213
 66058 	  98469
 66058 	 119685
 66058 	 101486
 66058 	 101809
 66058 	 126974
 66058 	 123045
 66058 	 113681
 66058 	 100172
 66058 	 106244
 66058 	 100737
 66058 	 119270
 94837 	 113401
 94837 	 118052
 94837 	  96511
 94837 	 117976
 94837 	 119680
 94837 	 100225
 94837 	  95573
 94837 	 106302
 94837 	 129131
 94837 	 131018
 94837 	 119111
 94837 	 101544
 94837 	 101892
 94837 	 122251
 94837 	  96012
 94837 	  73957
 94837 	 120998
 94837 	  95781
 94837 	  74885
 94837 	  96223
 94837 	 120346
 94837 	 101486
 94837 	 106244
 94837 	 108254
126274 	 127242
126274 	  97838
126274 	 129131
126274 	 126721
126274 	 101160
126274 	 127649
126274 	  95442
126274 	 101510
126274 	 127855
126274 	 128762
126274 	  97207
126274 	 128974
126274 	 101365
126274 	 122945
126274 	  99213
126274 	  98469
126274 	  95513
126274 	 129421
126274 	 123022
126274 	 123045
126274 	  91740
126274 	 119270
124069 	 126200
 41611 	 106567
 41611 	 102380
 41611 	  66388
 41611 	 129131
 41611 	 131018
 41611 	 102278
 41611 	 110268
 41611 	 129859
 41611 	 130218
 41611 	 129644
 41611 	 100782
 41611 	 129960
 41611 	  85972
 41611 	 124419
 41611 	 128762
 41611 	 125839
 41611 	 109370
 41611 	 111666
 41611 	  98252
 41611 	  94602
 41611 	 124477
 41611 	 101648
 41611 	 106697
 41611 	 102995
 41611 	 101809
 41611 	 124881
 41611 	 129421
 41611 	 123045
 41611 	 113681
 41611 	 100737
 41611 	 126274
 41611 	 124069
127382 	 100617
127382 	 117976
127382 	  80076
127382 	  62372
127382 	  66388
127382 	 127533
127382 	 101280
127382 	 103813
127382 	  63310
127382 	 102078
127382 	 101510
127382 	 119111
127382 	  68681
127382 	 125161
127382 	 130217
127382 	 125990
127382 	  98252
127382 	 118768
127382 	 101673
127382 	  93866
127382 	 120346
127382 	 101486
127382 	 129747
127382 	 117950
127382 	 126651
127382 	 100172
127382 	 101850
 60615 	 113401
 60615 	  96511
 60615 	 119680
 60615 	 100225
 60615 	  95573
 60615 	 127242
 60615 	  97838
 60615 	 106205
 60615 	   8980
 60615 	 107934
 60615 	 129131
 60615 	 131018
 60615 	 126200
 60615 	 124999
 60615 	 130983
 60615 	 101160
 60615 	 127649
 60615 	  95603
 60615 	  91926
 60615 	  95442
 60615 	 102078
 60615 	 122840
 60615 	 105970
 60615 	 131017
 60615 	 101510
 60615 	 127855
 60615 	 119111
 60615 	 129960
 60615 	 128762
 60615 	  96012
 60615 	 101365
 60615 	 107458
 60615 	 126974
 60615 	 129421
 60615 	 121157
 60615 	 123045
 60615 	  91740
 60615 	 108254
 60615 	 127382
103084 	 119680
103084 	  95603
103084 	 128471
103084 	 118432
103084 	  52250
103084 	 127707
130419 	 127382
 68575 	 100617
 68575 	  90154
 68575 	  99902
 68575 	  95442
 68575 	 102503
 68575 	   4363
 68575 	  98252
 68575 	  99455
 68575 	 102481
 68575 	   2524
 68575 	  62649
 68575 	 101648
 68575 	 102995
 68575 	 126274
 68575 	 103084
 62617 	  96511
 62617 	  80076
 62617 	 106205
 62617 	  66388
 62617 	 131018
 62617 	 114379
 62617 	 127649
 62617 	  96113
 62617 	  72459
 62617 	 119325
 62617 	 119311
 62617 	 109370
 62617 	  97207
 62617 	  96012
 62617 	 126248
 62617 	 101486
 62617 	 126574
128707 	 117976
128707 	  66388
128707 	   7012
128707 	 130218
128707 	 105815
128707 	 129960
128707 	 124177
128707 	 115465
128707 	   7303
128707 	  91740
128707 	 103733
126992 	  94908
126992 	 110641
126992 	 126626
126992 	 102503
126992 	 100909
126992 	 119325
126992 	 130986
126992 	 104295
126992 	 119311
126992 	 103133
126992 	 101749
126992 	 103677
126992 	 115220
126992 	 101648
126992 	 106697
126992 	 128471
126992 	 102995
126992 	 122891
126992 	 118234
126992 	 115883
126992 	 128300
126992 	 126274
126992 	 103084
 96495 	  99548
105872 	 100617
105872 	  80076
105872 	  66388
105872 	 101160
105872 	 131017
105872 	 119311
105872 	   2524
105872 	  95350
105872 	 101486
105872 	 100172
105872 	 119270
101248 	  97838
101248 	  96738
101248 	 127649
101248 	  95442
101248 	 102078
101248 	 101510
101248 	 119325
101248 	 101544
101248 	 101892
101248 	 130217
101248 	 119311
101248 	 122945
101248 	 120998
101248 	  99213
101248 	  98469
101248 	 129421
101248 	 123022
101248 	 123045
101248 	  91740
101248 	 119270
124765 	 106205
124765 	 101510
124765 	 118363
124765 	 102481
124765 	 113681
124765 	 108765
 95929 	 117951
 95929 	 131017
 95929 	 129960
 95929 	 130419
 97187 	  39337
 76123 	 130387
 76123 	 126869
 76123 	 126040
 76123 	  66388
 76123 	 125052
 76123 	 126200
 76123 	 124999
 76123 	  31490
 76123 	 129859
 76123 	 129134
 76123 	  72459
 76123 	 115465
 76123 	 126974
 66016 	 118052
 66016 	 102380
 66016 	 117976
 66016 	  90154
 66016 	 119680
 66016 	  95573
 66016 	  80076
 66016 	 106302
 66016 	  66388
 66016 	 129131
 66016 	 131018
 66016 	 110268
 66016 	  85402
 66016 	  95603
 66016 	 122840
 66016 	  85890
 66016 	 119325
 66016 	 130986
 66016 	 122251
 66016 	 119311
 66016 	 116522
 66016 	 128974
 66016 	 101365
 66016 	 119617
 66016 	 101673
 66016 	 110588
 66016 	 124477
 66016 	 127221
 66016 	  95781
 66016 	 124177
 66016 	  74885
 66016 	 119717
 66016 	  99213
 66016 	  98469
 66016 	  96223
 66016 	  87759
 66016 	  95790
 66016 	 101809
 66016 	  86335
 66016 	 126974
 66016 	  92509
 66016 	  91740
 66016 	 103733
 66016 	 106244
 66016 	 100737
 66016 	 103038
 66016 	 126574
 66016 	 117924
 66016 	  96495
131601 	 100225
131601 	 127533
131601 	 109693
131601 	 101280
131601 	  95442
131601 	 127855
131601 	 119325
131601 	 100782
131601 	 130217
131601 	 119311
131601 	 116522
131601 	 125990
131601 	 128974
131601 	 122945
131601 	 120998
131601 	 101648
131601 	  98469
131601 	 101809
131601 	  95513
131601 	 129747
131601 	 123045
131601 	 100737
131601 	 119270
131601 	  95929
111569 	 131017
111569 	 130419
101342 	 106567
101342 	 100617
101342 	  94927
101342 	 117891
101342 	  97838
101342 	 122840
101342 	 105970
101342 	 129644
101342 	  81306
101342 	 129434
101342 	 115173
101342 	 111666
101342 	  10274
101342 	  79768
101342 	  99455
101342 	 102481
101342 	 122600
101342 	  83275
101342 	  16404
101342 	 124225
101342 	  70314
101342 	  31394
101342 	 123045
101342 	  80885
101342 	 126646
101342 	  68575
 68241 	 106567
 68241 	  94927
 68241 	  96511
 68241 	 117891
 68241 	  90154
 68241 	 110571
 68241 	 131018
 68241 	  85402
 68241 	 101160
 68241 	  96113
 68241 	 131017
 68241 	  85890
 68241 	 129644
 68241 	 124419
 68241 	 128492
 68241 	 125839
 68241 	  96012
 68241 	 111666
 68241 	  65192
 68241 	 119617
 68241 	 122600
 68241 	  62649
 68241 	 124477
 68241 	 106697
 68241 	  74885
 68241 	  95409
 68241 	  98469
 68241 	 115258
 68241 	  87759
 68241 	 126248
 68241 	 102995
 68241 	 118432
 68241 	  95513
 68241 	 124881
 68241 	 113610
 68241 	  61753
 68241 	 123045
 68241 	 126048
 68241 	 126574
 68241 	 124069
 68241 	  60615
 68241 	 103084
 68241 	 128707
 68241 	 124765
 86570 	 106567
 86570 	  94908
 86570 	  94927
 86570 	  96511
 86570 	 117891
 86570 	 128397
 86570 	 130665
 86570 	 106302
 86570 	 106205
 86570 	 110571
 86570 	 126200
 86570 	 126626
 86570 	 102503
 86570 	 131017
 86570 	 129644
 86570 	 129434
 86570 	 124419
 86570 	 128492
 86570 	 125839
 86570 	 124080
 86570 	  96012
 86570 	 111666
 86570 	  98252
 86570 	 101365
 86570 	  99455
 86570 	  96900
 86570 	 103677
 86570 	 122600
 86570 	 124477
 86570 	  95781
 86570 	  95409
 86570 	 119685
 86570 	 128471
 86570 	 115258
 86570 	 126248
 86570 	 115465
 86570 	 124881
 86570 	 129421
 86570 	 113610
 86570 	 113681
 86570 	 128300
 86570 	 106244
 86570 	 108765
 86570 	 126646
 86570 	 127707
 86570 	 124069
 86570 	 124765
 86570 	 102704
 86570 	 111569
 86570 	 124365
 97422 	 130387
 97422 	 127242
 97422 	   8980
 97422 	 129131
 97422 	 126200
 97422 	 124999
 97422 	 101160
 97422 	 127649
 97422 	  91926
 97422 	 102503
 97422 	 122840
 97422 	 131017
 97422 	 101510
 97422 	 127855
 97422 	 129960
 97422 	 128762
 97422 	  73957
 97422 	 128974
 97422 	 101365
 97422 	  99213
 97422 	  98469
 97422 	 128471
 97422 	 101809
 97422 	  95513
 97422 	 126974
 97422 	 129421
 97422 	 121157
 97422 	  91740
 97422 	 100737
 97422 	 119270
 97422 	 127707
 97422 	 127382
 97422 	 124365
 97422 	  97422
113690 	  80076
113690 	  66388
113690 	  99902
113690 	 102503
113690 	 118363
113690 	 100782
113690 	 125161
113690 	  98252
113690 	  99159
113690 	 122945
113690 	  99455
113690 	 102481
113690 	   2524
113690 	 101648
113690 	 101486
113690 	 122891
113690 	 100172
113690 	 126274
113690 	 102704
 94367 	  94908
 94367 	 110641
 94367 	  97838
 94367 	 126626
 94367 	 127649
 94367 	  95442
 94367 	 102503
 94367 	  99477
 94367 	 100782
 94367 	 104295
 94367 	 102383
 94367 	 124080
 94367 	 103133
 94367 	  99455
 94367 	 103677
 94367 	 115220
 94367 	 101648
 94367 	 128471
 94367 	 102995
 94367 	 122891
 94367 	 123022
 94367 	 115883
 94367 	 123045
 94367 	 128300
 94367 	 126274
108883 	 106567
108883 	  80076
108883 	 125052
108883 	 124999
108883 	 129134
108883 	 131017
108883 	  72459
108883 	 130218
108883 	 129644
108883 	 125839
108883 	 111666
108883 	  98252
108883 	 101365
108883 	  99455
108883 	 124477
108883 	 101648
108883 	 106697
108883 	  95409
108883 	 102995
108883 	 101809
108883 	  98991
108883 	 123045
108883 	 113681
108883 	 100737
108883 	  99548
108883 	 126274
108883 	 124069
108883 	 103084
108883 	 124765
108883 	 113690
128822 	 106567
128822 	 100617
128822 	  94908
128822 	  94927
128822 	 118052
128822 	 117891
128822 	 110641
128822 	 128397
128822 	  97838
128822 	  99902
128822 	 124999
128822 	 126721
128822 	 102078
128822 	 100909
128822 	  99477
128822 	 129134
128822 	 129644
128822 	 126216
128822 	 129434
128822 	 115173
128822 	 104295
128822 	 124419
128822 	 128492
128822 	 125839
128822 	 124080
128822 	 111666
128822 	  98252
128822 	 118768
128822 	  99455
128822 	 120998
128822 	 110588
128822 	 101749
128822 	 103677
128822 	 122600
128822 	  62268
128822 	 115220
128822 	 124477
128822 	 127221
128822 	 106697
128822 	 124177
128822 	  95409
128822 	 124225
128822 	 102995
128822 	 120346
128822 	 124881
128822 	 113610
128822 	 110974
128822 	 100744
128822 	 126651
128822 	 101850
128822 	 103733
128822 	 126646
128822 	 103038
128822 	 126048
128822 	 127707
128822 	 124069
128822 	 103084
128822 	 130419
128822 	 124765
128822 	 111569
128822 	 113690
128822 	 108883
128975 	  96511
128975 	 119680
128975 	  80076
128975 	 106302
128975 	 131018
128975 	  85402
128975 	  96113
128975 	  96012
128975 	  73957
128975 	  95781
128975 	  74885
128975 	  99213
128975 	 101486
128975 	 101809
128975 	 103091
128975 	 100172
128975 	 106244
128975 	 100737
123702 	 106567
123702 	  94908
123702 	  94927
123702 	 117891
123702 	 119680
123702 	 130665
123702 	 106302
123702 	 106205
123702 	 110571
123702 	 131018
123702 	 126626
123702 	  96113
123702 	 102503
123702 	 129644
123702 	 129434
123702 	 124419
123702 	 128492
123702 	 125839
123702 	 111666
123702 	  99159
123702 	 119617
123702 	  99455
123702 	 103677
123702 	 122600
123702 	 124477
123702 	  95781
123702 	 119685
123702 	 128471
123702 	 115258
123702 	 118432
123702 	 124881
123702 	 113610
123702 	 103091
123702 	 118234
123702 	 128300
123702 	 106244
123702 	 108765
123702 	 126646
123702 	 126048
123702 	 126574
123702 	 127707
123702 	 124069
123702 	 128707
123702 	 124765
123702 	 102704
123702 	 124365
123702 	 113690
123702 	 123702
102759 	  94927
102759 	 100225
102759 	 130665
102759 	 127533
102759 	 126626
102759 	 101280
102759 	 103813
102759 	 102078
102759 	 102503
102759 	  99477
102759 	 127855
102759 	 119111
102759 	 119325
102759 	 129960
102759 	 101892
102759 	 130217
102759 	 119311
102759 	 124080
102759 	 116522
102759 	 125990
102759 	  99455
102759 	 117884
102759 	  99213
102759 	  98469
102759 	 128471
102759 	 101809
102759 	 110898
102759 	 123022
102759 	 115883
102759 	 128300
102759 	 100737
102759 	 119270
102759 	 127707
102759 	 126274
102759 	  97422
102759 	 123702
102759 	 102759
126225 	  96511
126225 	  96113
126225 	 126248
126225 	 101486
126225 	 118234
126225 	 102759
113068 	 130665
113068 	   8980
113068 	 126626
113068 	 126721
113068 	 127649
113068 	 102503
113068 	  99477
113068 	 119325
113068 	 119311
113068 	  99455
113068 	 101648
113068 	  99213
113068 	  98469
113068 	 128471
113068 	 123022
113068 	 128300
113068 	 119270
113068 	 127707
113068 	  97422
113068 	 128975
113068 	 123702
113068 	 102759
 95748 	  79171
 76053 	 100617
 76053 	 117976
 76053 	 127533
 76053 	 101280
 76053 	 103813
 76053 	 101160
 76053 	   5646
 76053 	 102078
 76053 	 101510
 76053 	 119111
 76053 	 122251
 76053 	 125161
 76053 	 130217
 76053 	 125990
 76053 	  98252
 76053 	 118768
 76053 	 101673
 76053 	 102481
 76053 	  93866
 76053 	 101486
 76053 	  65978
 76053 	 129747
 76053 	 110898
 76053 	 110974
 76053 	  67672
 76053 	 100172
 76053 	 101850
 76053 	 126274
 76053 	 124365
 76053 	 123702
 90406 	 113401
 90406 	 119680
 90406 	  80076
 90406 	 106302
 90406 	 109693
 90406 	  96738
 90406 	 131018
 90406 	 110268
 90406 	 101160
 90406 	  95603
 90406 	  95442
 90406 	  96113
 90406 	 119325
 90406 	 100782
 90406 	 101892
 90406 	 130986
 90406 	 119311
 90406 	 116522
 90406 	  96012
 90406 	 118768
 90406 	 101365
 90406 	 122945
 90406 	 119617
 90406 	 120998
 90406 	 101648
 90406 	 127221
 90406 	  95781
 90406 	 124177
 90406 	 119717
 90406 	  99213
 90406 	  98469
 90406 	 119685
 90406 	  96223
 90406 	  95790
 90406 	 101486
 90406 	 101809
 90406 	 126974
 90406 	 123045
 90406 	 113681
 90406 	 100172
 90406 	 101850
 90406 	 103733
 90406 	 106244
 90406 	 100737
 90406 	 119270
 90406 	 126574
 90406 	  96495
 90406 	  97422
 90406 	 108883
 90406 	 102759
 90406 	 126225
 90406 	  95748
117793 	 110641
117793 	 100225
117793 	  80076
117793 	 126869
117793 	 127649
117793 	   7012
117793 	 118363
117793 	 105815
117793 	  85972
117793 	  36327
117793 	 115220
117793 	  95409
117793 	  98469
117793 	   7303
117793 	 113681
117793 	 103084
117793 	 124365
117793 	  97422
117793 	 128975
125108 	 110641
125108 	  90154
125108 	 130665
125108 	  80076
125108 	 126626
125108 	  85402
125108 	 100909
125108 	 101510
125108 	 130218
125108 	  85890
125108 	 104295
125108 	 124419
125108 	  91880
125108 	  65192
125108 	 119112
125108 	 101749
125108 	 122600
125108 	  62649
125108 	 115220
125108 	 106697
125108 	  74885
125108 	 128471
125108 	  87759
125108 	 126248
125108 	 102995
125108 	 118432
125108 	 101486
125108 	 124881
125108 	 113610
125108 	 103091
125108 	  61753
125108 	 118234
125108 	 115883
125108 	 100172
125108 	 128300
125108 	  91740
125108 	 126574
125108 	 127707
125108 	 124069
125108 	 101248
125108 	 124765
125108 	 111569
125108 	  68241
125108 	 124365
125108 	  94367
125108 	 123702
125108 	  90406
125108 	 117793
117490 	 118052
117490 	 117976
117490 	 110641
117490 	 130665
117490 	  80076
117490 	 106302
117490 	 130780
117490 	  91848
117490 	 126626
117490 	 103813
117490 	 102078
117490 	 100909
117490 	 105970
117490 	 119111
117490 	 101544
117490 	 104295
117490 	 124419
117490 	  91637
117490 	 122251
117490 	 118768
117490 	 101673
117490 	 119112
117490 	  93866
117490 	 120998
117490 	 110588
117490 	 101749
117490 	 115220
117490 	 117884
117490 	 106697
117490 	 124177
117490 	  95409
117490 	 128471
117490 	  96223
117490 	 126248
117490 	 102995
117490 	 120346
117490 	 118432
117490 	 123976
117490 	 117950
117490 	 124881
117490 	 113610
117490 	 103091
117490 	 110898
117490 	 118234
117490 	  52250
117490 	 100172
117490 	 128300
117490 	 101850
117490 	 103733
117490 	 103038
117490 	 127707
117490 	 124069
117490 	 101248
117490 	 124765
117490 	 111569
117490 	  94367
117490 	 108883
117490 	  95748
117490 	 117793
117344 	 106567
117344 	 118052
117344 	 110641
117344 	 130665
117344 	  95573
117344 	 110571
117344 	 131018
117344 	 126626
117344 	 103813
117344 	 102078
117344 	 100909
117344 	 119111
117344 	 129644
117344 	 115173
117344 	 104295
117344 	 128492
117344 	 124080
117344 	 111666
117344 	 118768
117344 	  93866
117344 	 110588
117344 	 101749
117344 	 103677
117344 	 122600
117344 	 115220
117344 	 117884
117344 	 127221
117344 	  95409
117344 	 124225
117344 	 128471
117344 	 126248
117344 	 120346
117344 	 118432
117344 	 123976
117344 	 129747
117344 	 117950
117344 	 113610
117344 	 103091
117344 	 110898
117344 	 110974
117344 	 118234
117344 	 128300
117344 	 103733
117344 	 108765
117344 	 103038
117344 	 127707
117344 	 117924
117344 	 111569
117344 	  94367
117344 	 108883
117344 	  95748
117344 	 117793
 97464 	  95182
 97464 	  67672
 69636 	 127242
 69636 	  97838
 69636 	 129131
 69636 	 127649
 69636 	  95442
 69636 	 101510
 69636 	 100782
 69636 	 122891
 69636 	 123022
 69636 	 123045
 69636 	 128975
 69636 	 117344
 69636 	  97464
113639 	  95182
113639 	  31770
113639 	 125161
113639 	  72992
113639 	  16479
113639 	   2622
113639 	  66221
113639 	  65192
113639 	  87759
113639 	  82463
113639 	  86335
113639 	  61797
113639 	  66886
113639 	  90406
 52076 	  85890
 52076 	  65192
 52076 	  87759
 52076 	 120346
 52076 	 108254
 94032 	  90154
 94032 	 119680
 94032 	  80076
 94032 	 106302
 94032 	 129131
 94032 	 131018
 94032 	 110268
 94032 	  85402
 94032 	 122840
 94032 	  85890
 94032 	 119325
 94032 	 130986
 94032 	 119311
 94032 	 128762
 94032 	 128974
 94032 	 101365
 94032 	 119617
 94032 	  62649
 94032 	 124477
 94032 	  95781
 94032 	  98469
 94032 	  87759
 94032 	 129421
 94032 	  61753
 94032 	  91740
 94032 	 106244
 94032 	 126574
 94032 	 113690
 94032 	  94367
 94032 	 102759
 94032 	  95748
 98993 	 100617
 98993 	  94908
 98993 	  94927
 98993 	 117891
 98993 	 100225
 98993 	 130665
 98993 	  80076
 98993 	   5543
 98993 	 127533
 98993 	 110571
 98993 	 125052
 98993 	 126626
 98993 	 124999
 98993 	 101280
 98993 	 103813
 98993 	   7012
 98993 	  31490
 98993 	 102503
 98993 	 100909
 98993 	  99477
 98993 	 129134
 98993 	  72459
 98993 	 127451
 98993 	 130218
 98993 	 129644
 98993 	 115173
 98993 	 104295
 98993 	 124419
 98993 	 128492
 98993 	 124080
 98993 	  97207
 98993 	 103133
 98993 	 111666
 98993 	 125990
 98993 	  98252
 98993 	  99159
 98993 	 107458
 98993 	  99455
 98993 	 120998
 98993 	 110588
 98993 	 101749
 98993 	 103677
 98993 	 122600
 98993 	 117884
 98993 	 124477
 98993 	 127221
 98993 	 106697
 98993 	 124177
 98993 	 124225
 98993 	  98469
 98993 	 128471
 98993 	 115258
 98993 	 126248
 98993 	 102995
 98993 	 115465
 98993 	 123976
 98993 	 129747
 98993 	 124881
 98993 	 113610
 98993 	 110898
 98993 	 110974
 98993 	  92509
 98993 	 128300
 98993 	 103733
 98993 	 108765
 98993 	 103038
 98993 	 126048
 98993 	  99548
 98993 	 127707
 98993 	 124069
 98993 	 124765
 98993 	  66016
 98993 	 102704
 98993 	 111569
 98993 	 113690
 98993 	 108883
 98993 	 117793
 98993 	 113639
 98993 	  98993
 50841 	 130387
 50841 	 127451
 50841 	  97207
 50841 	  18023
 50841 	  52250
 91849 	 100617
 91849 	 127102
 91849 	  90154
 91849 	  80076
 91849 	 126869
 91849 	  66388
 91849 	  99902
 91849 	  95442
 91849 	  96113
 91849 	  72459
 91849 	 119325
 91849 	 118363
 91849 	 100782
 91849 	 119311
 91849 	  98252
 91849 	  99455
 91849 	 102481
 91849 	 101648
 91849 	 122891
 91849 	  52250
 91849 	 123045
 91849 	 130419
 91849 	 117344
 91849 	  97464
107802 	 130387
107802 	 126869
107802 	 126040
119808 	 126869
119808 	 127649
119808 	 119111
119808 	 122600
119808 	   7303
119808 	  94837
119808 	 128975
119808 	 129520
125120 	 127242
125120 	  97838
125120 	 106205
125120 	 129131
125120 	 127649
125120 	  95442
125120 	 101510
125120 	 118363
125120 	 100782
125120 	 128762
125120 	 101648
125120 	 122891
125120 	 123022
125120 	 123045
125120 	  68241
125120 	 128975
125120 	 117344
125120 	  97464
125120 	 129520
101626 	  66388
101626 	   7012
101626 	 127855
101626 	 130218
101626 	 129960
101626 	   2524
101626 	  94602
101626 	 127221
101626 	 115465
101626 	 117213
101626 	  18023
101626 	  52250
101626 	   7303
101626 	 103733
101626 	  68575
101626 	  66016
101626 	 129520
129161 	 107458
 31821 	 128397
 31821 	 126200
 31821 	 129859
 31821 	 126974
 31821 	   7303
 31821 	 126651
 31821 	 119890
 98813 	  97838
 98813 	  80370
 98813 	  99902
 98813 	 110268
 98813 	  67846
 98813 	  53106
 98813 	 122945
 98813 	 102481
 98813 	  83275
 98813 	  28201
 98813 	 123022
 98813 	  66058
 98813 	 117344
121983 	 113401
121983 	 100225
121983 	 127533
121983 	   8980
121983 	 129131
121983 	 126200
121983 	 101280
121983 	 101160
121983 	  95442
121983 	 102078
121983 	 122840
121983 	 131017
121983 	 130217
121983 	 128762
121983 	  97207
121983 	 125990
121983 	 128974
121983 	 101365
121983 	 120998
121983 	  99213
121983 	  98469
121983 	 101809
121983 	  95513
121983 	 129747
121983 	 126974
121983 	 129421
121983 	 123045
121983 	  91740
121983 	 100737
121983 	 108254
121983 	  95929
121983 	 124365
121983 	  97422
121983 	 128822
121983 	 128975
121983 	 123702
121983 	 117490
121983 	 117344
121983 	 129520
125231 	 110571
125231 	  70752
125231 	 104295
125231 	 101749
125231 	 106244
125231 	 108765
125231 	  94837
 95496 	  66388
 95496 	  62268
 95496 	  52250
 92477 	   4793
 92477 	 205919
 92477 	  95182
 92477 	  81306
 92477 	  65887
 92477 	  10274
 92477 	  79768
 92477 	  16404
 92477 	  70314
 92477 	  80885
 66612 	 106567
 66612 	  94908
 66612 	  94927
 66612 	 117891
 66612 	 128397
 66612 	 130665
 66612 	 106302
 66612 	 110571
 66612 	 130780
 66612 	 125052
 66612 	 126200
 66612 	 126626
 66612 	 124999
 66612 	 102503
 66612 	 129134
 66612 	 131017
 66612 	 127451
 66612 	 129644
 66612 	 129434
 66612 	 124419
 66612 	 128492
 66612 	 124080
 66612 	 109370
 66612 	 111666
 66612 	 129208
 66612 	 128974
 66612 	 101365
 66612 	  99455
 66612 	 103677
 66612 	 122600
 66612 	  95781
 66612 	 128471
 66612 	 115258
 66612 	 126248
 66612 	 115465
 66612 	  95513
 66612 	 124881
 66612 	 129421
 66612 	 113610
 66612 	 100744
 66612 	 126651
 66612 	 113681
 66612 	 128300
 66612 	 106244
 66612 	 108765
 66612 	 126646
 66612 	 126048
 66612 	 127707
 66612 	 124069
 66612 	 126992
 66612 	 101248
 66612 	 124765
 66612 	 123702
 66612 	 126225
 66612 	 117793
 66612 	 125108
 66612 	 129520
 66612 	 125120
 66612 	 129161
 66612 	 125231
 97373 	 127242
 97373 	  97838
 97373 	 129131
 97373 	 130983
 97373 	 127649
 97373 	  95442
 97373 	 101510
 97373 	 127855
 97373 	 119325
 97373 	 118363
 97373 	 100782
 97373 	 129960
 97373 	 119311
 97373 	 128762
 97373 	 101648
 97373 	 122891
 97373 	 123045
 97373 	  68241
 97373 	 128975
 97373 	  97464
 97373 	 129520
124281 	 118052
124281 	 130665
124281 	 127533
124281 	 126626
124281 	 101280
124281 	 103813
124281 	 119111
124281 	 101892
124281 	 130217
124281 	 116522
124281 	 125990
124281 	 118768
124281 	 120998
124281 	 117884
124281 	  99213
124281 	  98469
124281 	 128471
124281 	 129747
124281 	 110898
124281 	 128300
124281 	 101850
124281 	 127707
124281 	  97422
124281 	 102759
124281 	 117793
124281 	  97373
 96106 	 130665
 96106 	 110571
 96106 	 126626
 96106 	 102503
 96106 	 103133
 96106 	  99159
 96106 	 105156
 96106 	 126248
 96106 	 129421
 96106 	 113610
 96106 	 128300
 96106 	 108765
 96106 	 117793
 96106 	  98993
 64212 	  66612
 42495 	 127102
 42495 	 126040
 42495 	 128844
 42495 	 130780
 42495 	 126200
 42495 	 124999
 42495 	 130983
 42495 	 131017
 42495 	 127451
 42495 	 129960
 42495 	 101463
 42495 	 117213
 42495 	  93696
 42495 	 103973
 42495 	  97187
 42495 	 128975
 42495 	 125120
116362 	  97207
116362 	  62268
116362 	 117213
116362 	  94837
116362 	 130419
105591 	 127533
105591 	  96738
105591 	 101280
105591 	 110268
105591 	 101160
105591 	  95442
105591 	 122840
105591 	 100782
105591 	 130217
105591 	 116522
105591 	 125990
105591 	 101365
105591 	 122945
105591 	 120998
105591 	 110588
105591 	 101648
105591 	 106697
105591 	 102995
105591 	 129747
105591 	 110974
105591 	 123045
105591 	  91740
105591 	 103038
105591 	 126274
105591 	 128707
105591 	 102759
105591 	 117490
105591 	 117344
105591 	  97464
105591 	 129520
105591 	 101626
105591 	  97373
128928 	 130387
128928 	  80076
128928 	 126040
128928 	 124999
128928 	 127649
128928 	 130218
128928 	 105815
128928 	 130986
128928 	 109370
128928 	 119717
128928 	 126974
128928 	 103091
128928 	  52250
128928 	   7303
128928 	  99548
128928 	 126574
128928 	  66016
128928 	 128975
128928 	 125108
128928 	 129520
128928 	 117925
128928 	 125120
128928 	 129161
128079 	 126040
128079 	  99477
128079 	 119325
128079 	 129960
128079 	 125161
128079 	 119311
128079 	 101463
128079 	  98252
128079 	  99455
128079 	 102481
128079 	   2524
128079 	 101648
128079 	 123022
128079 	  97187
128079 	 101342
128079 	  97464
 88019 	 100617
 88019 	  80076
 88019 	  66388
 88019 	  99902
 88019 	  95442
 88019 	  96113
 88019 	  72459
 88019 	 119325
 88019 	 100782
 88019 	 130986
 88019 	 119311
 88019 	  99455
 88019 	 102481
 88019 	 101648
 88019 	 122891
 88019 	  52250
 88019 	 123045
 88019 	 117344
 88019 	  97464
 88019 	 128079
118243 	 113401
118243 	 119680
118243 	 100225
118243 	  95573
118243 	 109693
118243 	 107934
118243 	 129131
118243 	 131018
118243 	 126200
118243 	 110268
118243 	 101160
118243 	  95603
118243 	  95442
118243 	 122840
118243 	 131017
118243 	 100782
118243 	 128762
118243 	 116522
118243 	  96012
118243 	 118768
118243 	 101365
118243 	 122945
118243 	 101648
118243 	 126974
118243 	 129421
118243 	 123045
118243 	 101850
118243 	  91740
118243 	 108254
118243 	  96495
118243 	 108883
118243 	 128975
118243 	 117490
118243 	 117344
118243 	  97464
118243 	 129520
112063 	 130387
112063 	  90154
112063 	  80076
112063 	 106205
112063 	  66388
112063 	 126200
112063 	 124999
112063 	  85402
112063 	 118363
112063 	 102383
112063 	 125161
112063 	  65192
112063 	  62649
112063 	 101648
112063 	  74885
112063 	  87759
112063 	 115465
112063 	 122891
112063 	 126974
112063 	  61753
112063 	 118234
112063 	 115883
112063 	 123045
112063 	 126651
112063 	 113681
112063 	 108765
112063 	  60615
112063 	 124765
112063 	 111569
112063 	 126225
112063 	  90406
112063 	 117344
112063 	  97464
112063 	 129520
112063 	 125231
112063 	  96106
112063 	 128928
100687 	  66388
100687 	 130218
100687 	 129960
100687 	  85972
100687 	 128762
100687 	  97207
100687 	  94602
100687 	  99213
100687 	 115465
100687 	 129421
100687 	  98991
100687 	   7303
100687 	  91740
100687 	  99548
100687 	 125108
100687 	 125120
100687 	  97373
114929 	 125108
123347 	  97838
123347 	  99902
123347 	 102481
123347 	  83275
105144 	  80076
105144 	  66388
105144 	 129131
105144 	 131018
105144 	 102278
105144 	 129859
105144 	 128762
105144 	 109370
105144 	  98252
105144 	  94602
105144 	 101648
105144 	 102995
105144 	 101809
105144 	 129421
105144 	  98991
105144 	 100737
105144 	  99548
105144 	 124069
130531 	  95182
130531 	  66612
 69502 	 106567
 69502 	 129644
 69502 	 124419
 69502 	 125839
 69502 	 111666
 69502 	 106697
 69502 	 102995
 69502 	 124881
 69502 	 126048
 69502 	 103084
 69502 	  92153
 92655 	 100617
 92655 	 118052
 92655 	 119680
 92655 	 106302
 92655 	 102503
 92655 	  99477
 92655 	  99159
 92655 	  66221
 92655 	  99455
 92655 	  96223
 92655 	  95350
 92655 	 102704
 92655 	  98993
 92655 	 122396
  8991 	 100617
  8991 	   4793
  8991 	  76155
  8991 	  75030
  8991 	  99902
  8991 	  91848
  8991 	   9967
  8991 	 110268
  8991 	   5646
  8991 	 100782
  8991 	 102383
  8991 	  65887
  8991 	  73957
  8991 	 122945
  8991 	 102481
  8991 	 108273
  8991 	  75566
  8991 	 101648
  8991 	 122891
  8991 	 123022
  8991 	  75661
  8991 	  66563
  8991 	 117344
  8991 	  97464
  8991 	  58385
 66646 	 106567
 66646 	 102380
 66646 	 110641
 66646 	 126869
 66646 	  97838
 66646 	 126040
 66646 	 106205
 66646 	  66388
 66646 	 130780
 66646 	 125052
 66646 	 126200
 66646 	 124999
 66646 	 102278
 66646 	 101160
 66646 	  31490
 66646 	  96113
 66646 	 129134
 66646 	 131017
 66646 	 127451
 66646 	 129644
 66646 	 118363
 66646 	  85972
 66646 	 115173
 66646 	 125839
 66646 	 109370
 66646 	 116522
 66646 	 103133
 66646 	 111666
 66646 	 125990
 66646 	 129208
 66646 	  98252
 66646 	  73957
 66646 	 101365
 66646 	 110588
 66646 	 115220
 66646 	 124477
 66646 	 127221
 66646 	 124177
 66646 	 119717
 66646 	  95409
 66646 	 124225
 66646 	 102995
 66646 	 115465
 66646 	 129747
 66646 	 122891
 66646 	 103091
 66646 	  98991
 66646 	 123045
 66646 	 113681
 66646 	 103733
 66646 	  99548
 66646 	 126574
 66646 	 127382
 66646 	 103084
 66646 	 128707
 66646 	  96495
 66646 	 113690
 66646 	 108883
 66646 	 128822
 66646 	 125108
 66646 	 117490
 66646 	 129520
 66646 	 129161
 66646 	 125231
 66646 	 128928
 66646 	 128079
 66646 	 112063
 66646 	 100687
 66646 	 130833
 66646 	 130531
113084 	 127102
113084 	 130387
113084 	 126869
113084 	  97838
113084 	 128844
113084 	 106205
113084 	  66388
113084 	 129131
113084 	 130983
113084 	 126721
113084 	 127649
113084 	  95442
113084 	  96113
113084 	 102503
113084 	 101510
113084 	 127855
113084 	 118363
113084 	 100782
113084 	 129960
113084 	 128762
113084 	  62268
113084 	 101648
113084 	 122891
113084 	 126974
113084 	 123022
113084 	 103973
113084 	 123045
113084 	  94837
113084 	 102704
113084 	 128975
113084 	 117344
113084 	  97464
113084 	 129520
113084 	   3476
 98306 	 100617
 98306 	 128397
 98306 	  97838
 98306 	  99902
 98306 	  95442
 98306 	 102503
 98306 	  99477
 98306 	  95336
 98306 	 102481
 98306 	  62649
 98306 	  61753
 98306 	 123022
 98306 	 123045
 98306 	 126992
 98306 	 102704
 98306 	   3476
 87194 	 113401
 87194 	 100225
 87194 	  95573
 87194 	  80076
 87194 	 106302
 87194 	 109693
 87194 	  96738
 87194 	 131018
 87194 	 101160
 87194 	  95603
 87194 	  95442
 87194 	  96113
 87194 	 119325
 87194 	 100782
 87194 	 101892
 87194 	 119311
 87194 	  96012
 87194 	 118768
 87194 	 101365
 87194 	 122945
 87194 	 124477
 87194 	 101648
 87194 	 127221
 87194 	  95781
 87194 	 124177
 87194 	  99213
 87194 	  98469
 87194 	 119685
 87194 	  96223
 87194 	 101486
 87194 	 101809
 87194 	 113681
 87194 	 100172
 87194 	 101850
 87194 	 103733
 87194 	 106244
 87194 	 100737
 87194 	 119270
 87194 	 130419
 87194 	  96495
 87194 	  97422
 87194 	 113690
 87194 	 108883
 87194 	 102759
 87194 	 126225
 87194 	  95748
 87194 	 117490
 87194 	 117344
 87194 	  97464
 87194 	 129520
 87194 	  97373
 87194 	  96106
