 88141 	   9595
  4793 	   9595
110641 	 113401
110641 	 118052
 90154 	  81305
 50275 	   9595
 92014 	   9595
 92014 	  81305
 91563 	  81305
130665 	  81305
 95573 	 113401
 95573 	  50275
 95573 	 100225
 95573 	  95573
 97838 	   9595
 97838 	 113401
 97838 	  88141
 97838 	 118052
 97838 	  96511
 97838 	 117976
 97838 	  93163
 97838 	 119680
 97838 	 100225
 97838 	  95573
 82555 	  93163
 82555 	  95573
  2986 	   9595
  2986 	  81305
126040 	 205919
126040 	  82555
 62372 	  82555
 75030 	  82555
106302 	   9595
128844 	   9595
106205 	  88141
106205 	  62372
105200 	  82555
105200 	 105200
 15511 	   9595
 15511 	  82555
 66388 	  82555
127533 	  95182
110571 	  81305
110571 	  82555
122022 	  82555
 88333 	  82555
 88333 	 105200
 18307 	  81305
 18307 	 205919
 18307 	  82555
 96738 	   9595
 96738 	  81305
 96738 	 205919
  8980 	  82555
  8980 	  95182
125052 	  81305
129131 	  82555
129131 	  95182
126200 	   9595
  9967 	   9595
  9967 	  82555
  9967 	  95182
124999 	   9595
124999 	  62372
 28241 	   9595
130983 	   9595
130983 	 102380
130983 	 127242
130983 	  75030
130983 	 105455
 93171 	   9595
 93171 	  82555
114379 	  82246
131151 	  82555
131151 	  28241
 51213 	  82246
126721 	  82246
102278 	  93163
102278 	  95573
102278 	 125052
102278 	 131018
102278 	 113027
 65408 	  81305
 65408 	  82555
 65408 	 105200
 29716 	  82555
101160 	  82246
127649 	  81305
127649 	 205919
127649 	  82555
127649 	  95182
127649 	  65408
 95603 	  50275
 95603 	  82555
 95603 	 105200
 95603 	  28241
 63310 	 127102
 63310 	 102380
 63310 	  92014
 63310 	 127242
 63310 	  97838
 63310 	  75030
 63310 	 128844
 63310 	 106205
 63310 	  66388
 63310 	  99902
 63310 	 129131
 63310 	 105455
 63310 	 130983
 63310 	 131151
 63310 	 126721
 63310 	 102278
 63310 	 127649
 10217 	  93163
 10217 	  82555
 10217 	   5543
 10217 	 105200
 10217 	  70752
 10217 	   8980
 10217 	  93171
 90147 	  82555
 90147 	  10217
 66308 	  95182
 91926 	  10217
 95442 	  81305
 95442 	  82555
  7012 	   9595
  7012 	  96738
 92865 	  82555
  5646 	  88141
  5646 	  81305
  5646 	 205919
  5646 	  51213
  5646 	  63310
  5646 	  90147
 92250 	 127102
 92250 	 102380
 92250 	  92014
 92250 	  39079
 92250 	  78533
 92250 	  97838
 92250 	  95182
 92250 	   5543
 92250 	 128844
 92250 	 106205
 92250 	  66388
 92250 	  99902
 92250 	  70752
 92250 	 105455
 92250 	  28241
 92250 	 130983
 92250 	 131151
 92250 	 126721
 92250 	  65408
 92250 	 127649
 92250 	  10217
 92250 	  66308
 92250 	  95442
 92250 	 117081
 31490 	  50275
 31490 	 100225
 31490 	  95573
 31490 	  82555
 31490 	 105200
 31490 	  28241
 31490 	  95603
 31490 	  92250
 69026 	   9595
 69026 	  82503
 96113 	  90147
102503 	 113401
102503 	  50275
102503 	  95573
102503 	  62372
102503 	  75030
102503 	  18307
102503 	  96738
102503 	  51213
102503 	  29716
102503 	  95603
102503 	  90147
102503 	  31490
 94264 	   9595
 94264 	  82503
 94264 	  69026
111407 	 205919
111407 	  82555
111407 	 117081
111407 	  92250
111407 	  51289
100909 	   9595
100909 	  51213
100909 	  63310
100909 	  82503
 65863 	  96511
 65863 	 117891
 65863 	 117976
 65863 	 130665
 65863 	  95573
 65863 	  76155
 65863 	 106302
 65863 	 127533
 65863 	 110571
 65863 	  96738
 65863 	  91848
 65863 	 131018
 65863 	  51213
 65863 	 101280
 65863 	 103813
 65863 	  95603
 65863 	  90147
 65863 	  66308
 65863 	  92865
 65863 	   5646
 65863 	  92250
 65863 	 102078
 99477 	  81305
117951 	  81305
117951 	 205919
117951 	  95182
105970 	  82555
105970 	 117081
129134 	  82555
 72459 	  10217
 72459 	  82503
101510 	  90147
101510 	  92250
 44074 	  10217
 44074 	  82503
127855 	  28241
127855 	 117081
116115 	  82555
127451 	  82555
127451 	  53672
130218 	  82246
130218 	  10217
130218 	  82503
  4363 	  82555
  4363 	 105200
  4363 	  28241
  4363 	  65863
  4363 	  53672
 85890 	  51213
 67362 	 127102
 67362 	 110641
 67362 	  93163
 67362 	  39079
 67362 	  91563
 67362 	 128844
 67362 	 110571
 67362 	  88333
 67362 	  70752
 67362 	   8980
 67362 	 107934
 67362 	 129131
 67362 	 113027
 67362 	 130983
 67362 	 114379
 67362 	 126721
 67362 	  92865
 67362 	 100909
 67362 	 127855
 67362 	 130218
 67362 	   4363
119111 	  10217
119111 	  82503
129644 	  82246
129644 	  10217
129644 	  82503
 93950 	   9595
 93950 	  63310
 93950 	  82503
 93950 	  69026
 93950 	  31770
 70646 	  82555
 70646 	  51289
101544 	  10217
101544 	  82503
 67846 	  82246
 67846 	  10217
 67846 	  82503
100782 	  10217
 53106 	  81305
 53106 	  95182
105815 	  82555
105815 	  95182
105815 	  65408
105815 	  10217
105815 	  82503
129960 	  93163
129960 	  92014
129960 	 113027
129960 	 129960
 81306 	 205919
126216 	  82246
126216 	  10217
129434 	  82503
 94785 	  81305
 94785 	 205919
 94785 	  95182
 94785 	  69026
115173 	  31770
104295 	  95182
104295 	  65408
124419 	  53672
128492 	  69026
 91637 	  82246
 91637 	  10217
 91637 	  82503
102383 	  82503
102383 	  69026
  2332 	  82555
  2332 	 105200
122251 	  82555
122251 	 105200
122251 	  28241
 68681 	  82246
 68681 	  10217
 68681 	  82503
 68681 	  51289
125161 	  85402
125161 	  31770
 52894 	  81305
 52894 	 205919
 52894 	  90147
 52894 	  69026
 52894 	  31770
105733 	  76155
105733 	  90147
103296 	  92753
103296 	  59539
103296 	  39079
103296 	  91563
103296 	  82555
103296 	  52768
103296 	   5543
103296 	 105200
103296 	  70752
103296 	   8980
103296 	 113027
103296 	  28241
103296 	  93171
103296 	  91926
103296 	   7012
103296 	  92865
103296 	  92250
103296 	 114535
103296 	  51289
103296 	 111407
103296 	  65863
103296 	  53672
103296 	 105970
103296 	  44074
103296 	  67362
103296 	  70646
103296 	 126216
103296 	  85972
103296 	  52894
103296 	 105733
 72992 	  31770
  2911 	  82555
  2911 	  92250
  2911 	  51289
  2911 	  65863
  2911 	  53672
 16479 	 128844
 16479 	 130983
 16479 	 117081
 16479 	  58481
 16479 	  85972
 65887 	   9595
 65887 	  92753
 65887 	  81305
 65887 	 205919
 65887 	  69026
 65887 	  81306
 36327 	  82555
130217 	  10217
130217 	  82503
119311 	  10217
128762 	  95182
128762 	  65408
128762 	  53672
125839 	  10217
 43129 	  95182
 43129 	  90147
 43129 	  72992
  5103 	 130387
  5103 	  92014
  5103 	  39079
  5103 	  66388
  5103 	 110571
  5103 	 122022
  5103 	  88333
  5103 	  70752
  5103 	   8980
  5103 	 107934
  5103 	  82246
  5103 	  66308
  5103 	  91926
  5103 	  92865
  5103 	 129960
  5103 	  85972
  5103 	 104295
  5103 	  36327
124080 	   9595
124080 	  82503
  8179 	  95182
  8179 	  65408
  8179 	  90147
  8179 	  72992
  8179 	  65887
  8179 	  77153
109370 	  10217
109370 	  82503
  2622 	  95182
  2622 	  90147
  2622 	  53672
 97207 	  81305
 97207 	 205919
 97207 	  82555
 97207 	  95182
 97207 	  69026
116522 	  82503
116522 	 129859
116522 	  31770
  5133 	  81305
  5133 	  82555
  5133 	 105200
  5133 	  51289
 51513 	  53672
 91880 	  31770
 91880 	  77153
103133 	   9595
103133 	  82246
103133 	  10217
103133 	  82503
101463 	   9595
101463 	  81305
101463 	 205919
101463 	  51289
101463 	  31770
101463 	  81306
101463 	  72992
108127 	 105200
108127 	  90147
108127 	  53672
108127 	  72992
120065 	  58481
120065 	  52894
 95336 	  81305
 95336 	 205919
 95336 	  95182
 95336 	  65408
 95336 	  69026
 95336 	  31770
114673 	  90147
114673 	  31770
114673 	  77153
107568 	  82555
107568 	  95182
107568 	  65408
107568 	  53672
111666 	  82555
111666 	  53672
125990 	  82555
125990 	  65408
 98252 	  82503
 73957 	  82555
 73957 	  51289
118768 	  72992
 85142 	 102380
 85142 	  93163
 85142 	   5543
 85142 	  66388
 85142 	 113027
 85142 	 114379
 85142 	  94264
 85142 	 130218
 85142 	 129960
 85142 	  36327
 85142 	 101463
 85142 	 108127
 69633 	  82555
128974 	  81305
128974 	  90154
128974 	 205919
128974 	  78533
128974 	  95182
128974 	  93171
128974 	  51213
128974 	  65408
128974 	  63310
128974 	   7012
128974 	  69026
128974 	 113290
128974 	  31770
128974 	  95336
128974 	 107568
101365 	  50275
101365 	  82555
101365 	 105200
101365 	  28241
101365 	 117081
101365 	  92250
101365 	  58481
101365 	  85972
101365 	  79310
  3208 	 113401
  3208 	  50275
  3208 	 100225
  3208 	  95573
  3208 	  62372
  3208 	  75030
  3208 	  66388
  3208 	 114621
  3208 	  18307
  3208 	  96738
  3208 	  70752
  3208 	  95603
  3208 	  92250
  3208 	  31490
  3208 	 113290
  3208 	 105970
  3208 	 101892
  3208 	 115173
  3208 	 105733
  3208 	  36327
  3208 	 116522
  3208 	 108127
  3208 	 114673
  3208 	  79310
 10274 	  50275
 10274 	  95573
 10274 	  70752
 10274 	  95603
 10274 	  92250
 10274 	 105970
 10274 	 115173
 10274 	 105733
 10274 	  36327
 10274 	 116522
 10274 	 108127
 10274 	 114673
 10274 	  79310
 79768 	  82555
 99159 	 105200
 99159 	  82503
 99159 	  79310
 66221 	  92250
 66221 	  58481
 66221 	  79310
122945 	  82555
122945 	  95182
122945 	  53672
119617 	  81305
119617 	 205919
119617 	  95182
119617 	  65408
119617 	  69026
119617 	  44074
119617 	  10274
119617 	  79768
119617 	  66221
 99455 	  82555
 99455 	 105200
 99455 	  51289
 99455 	  53672
 99455 	  79310
101673 	  82555
101673 	  92250
101673 	  79310
 96900 	  82555
 96900 	  28241
 96900 	  92250
 96900 	  79310
114259 	  10217
114259 	  82503
102481 	  82555
119112 	  82246
119112 	  10217
  2524 	  88141
  2524 	 117891
  2524 	  50275
  2524 	  62372
  2524 	 106302
  2524 	  18307
  2524 	  96738
  2524 	  51213
  2524 	 101280
  2524 	 102078
  2524 	 113290
  2524 	 105970
  2524 	 116115
  2524 	  85890
  2524 	  68681
  2524 	  72992
  2524 	  16479
  2524 	  76449
  2524 	 125990
  2524 	 118768
  2524 	 128974
  2524 	   3208
  2524 	  99159
  2524 	 101673
  2524 	  96900
  2524 	 114259
 37464 	  53672
 93866 	   9595
 93866 	  82503
108273 	 113401
108273 	  94927
108273 	  88141
108273 	 118052
108273 	  96511
108273 	 117891
108273 	 117976
108273 	  93163
108273 	 119680
108273 	 130665
108273 	  95573
108273 	  62372
108273 	 106302
108273 	  15511
108273 	  66388
108273 	 110571
108273 	  18307
108273 	  96738
108273 	 130780
108273 	 107934
108273 	 131018
108273 	 114379
108273 	  51213
108273 	  29716
108273 	 103813
108273 	  95603
108273 	  63310
108273 	   5646
108273 	  92250
108273 	 102078
108273 	 113290
108273 	 117951
108273 	 131017
108273 	 116115
108273 	 127451
108273 	  85890
108273 	 119111
108273 	 101544
108273 	 105815
108273 	 101892
108273 	 129434
108273 	 128492
108273 	 122251
108273 	  68681
108273 	 105733
108273 	  72992
108273 	  16479
108273 	 125839
108273 	 109370
108273 	  97207
108273 	  76449
108273 	  91880
108273 	 120065
108273 	 114673
108273 	  96012
108273 	 129208
108273 	 118768
108273 	 128974
108273 	  79310
108273 	   3208
108273 	  99159
108273 	 119617
108273 	 101673
108273 	 114259
108273 	 119112
108273 	  93866
  2996 	  82246
  2996 	  10217
  2996 	  82503
  2996 	  77153
115606 	  51289
115606 	  53672
120998 	  82555
120998 	 105200
120998 	  28241
120998 	  51289
120998 	  79310
120998 	  37464
120998 	   2996
 15972 	  81305
 15972 	 205919
 15972 	  95182
 15972 	  65408
 15972 	  69026
 15972 	  53672
 15972 	  10274
 15972 	  79768
110588 	   9595
110588 	  10217
110588 	  82503
110588 	 125161
110588 	  65887
 92527 	  31770
101749 	  81305
101749 	 205919
101749 	  63310
101749 	  90147
101749 	  69026
101749 	  72992
101749 	  10274
101749 	  79768
101749 	  66221
101749 	 119617
101749 	 114259
101749 	   2996
  2251 	  10217
 75566 	  82246
 75566 	  10217
 75566 	  82503
103677 	  31770
103677 	  77153
122600 	  82555
122600 	   2996
  1531 	  79310
 62649 	  93163
 62649 	  82555
 62649 	   5543
 62649 	 105200
 62649 	  70752
 62649 	   8980
 62649 	  93171
 62649 	  92250
 62649 	 129859
 62649 	  51289
 62649 	 105733
 62649 	   5103
 62649 	 109370
 62649 	  97207
 62649 	 120065
 62649 	 107568
 62649 	 108174
 90137 	   2996
 94602 	   4793
 82318 	 102380
 82318 	  65887
 83275 	  10217
 62268 	  31770
 62268 	  77153
115220 	  88141
115220 	  81305
115220 	 205919
115220 	  95182
115220 	  65408
115220 	  63310
115220 	  69026
115220 	  51289
115220 	   2332
115220 	  72992
115220 	 109370
115220 	  76449
115220 	 120065
115220 	   3208
115220 	  10274
115220 	  79768
115220 	  66221
 58416 	  90147
 58416 	  72992
 58416 	  77153
 58416 	  90137
 52786 	  93163
 52786 	  92014
 52786 	  75030
 52786 	  66388
 52786 	  70752
 52786 	 113027
 52786 	  82246
 52786 	  94264
 52786 	 130218
 52786 	  36327
 52786 	 108127
 16404 	  53672
 16404 	  10274
 16404 	   2996
117884 	   9595
117884 	  91848
117884 	  63310
117884 	  92250
117884 	  82503
117884 	  69026
117884 	  75641
117884 	  85890
117884 	  72992
117884 	  16479
117884 	  65887
117884 	 128974
117884 	   3208
117884 	 107458
117884 	  93866
105413 	  65408
105413 	  53672
105413 	   2996
124477 	 113401
124477 	 118052
124477 	  50275
124477 	 100225
124477 	  95573
124477 	  82555
124477 	   5543
124477 	  62372
124477 	 105200
124477 	  66388
124477 	 114621
124477 	  18307
124477 	  96738
124477 	  28241
124477 	  29716
124477 	 103813
124477 	  95603
124477 	   7012
124477 	  92250
124477 	  31490
124477 	 114535
124477 	 111407
124477 	 113290
124477 	  65863
124477 	 117951
124477 	 105970
124477 	 101892
124477 	 115173
124477 	 105733
124477 	  36327
124477 	 116522
124477 	  76449
124477 	 108127
124477 	 114673
124477 	  79310
124477 	 107458
124477 	 108273
124477 	 110588
124477 	 108174
124477 	 107489
124477 	 117884
 81262 	   9595
 81262 	  90154
 81262 	  62372
 81262 	  18307
 81262 	  51213
 81262 	  29716
 81262 	  63310
 81262 	  69026
 81262 	  72459
 81262 	  31770
 81262 	 101892
 81262 	  68681
 81262 	 105733
 81262 	  65887
 81262 	 109370
 81262 	  91880
 81262 	  95336
 81262 	 107568
 81262 	 129208
 81262 	   3208
 81262 	  65192
 81262 	 101673
 81262 	 114259
 81262 	  15972
 81262 	  62649
 81262 	  94602
 48486 	 113401
 48486 	  88141
 48486 	 118052
 48486 	  96511
 48486 	 117891
 48486 	 117976
 48486 	  50275
 48486 	  93163
 48486 	 119680
 48486 	  95573
 48486 	  62372
 48486 	  76155
 48486 	 106302
 48486 	  15511
 48486 	  66388
 48486 	 127533
 48486 	  88333
 48486 	  18307
 48486 	  96738
 48486 	 130780
 48486 	  91848
 48486 	 113027
 48486 	  51213
 48486 	  29716
 48486 	 101280
 48486 	 103813
 48486 	  95603
 48486 	  63310
 48486 	  90147
 48486 	  66308
 48486 	   7012
 48486 	   5646
 48486 	 102078
 48486 	 113290
 48486 	 117951
 48486 	 131017
 48486 	 127451
 48486 	 130218
 48486 	  85890
 48486 	 119111
 48486 	 105815
 48486 	 101892
 48486 	  85972
 48486 	 122251
 48486 	  68681
 48486 	  72992
 48486 	  16479
 48486 	 130217
 48486 	 109370
 48486 	 116522
 48486 	  76449
 48486 	  91880
 48486 	 120065
 48486 	  96012
 48486 	 125990
 48486 	 129208
 48486 	 118768
 48486 	 128974
 48486 	   3208
 48486 	  99159
 48486 	 101673
 48486 	  96900
 48486 	 114259
 48486 	 119112
 48486 	  93866
 48486 	  15972
 48486 	   1531
 48486 	  90137
 48486 	  94602
 37931 	  82246
 37931 	  10217
 37931 	  82503
101648 	   9595
101648 	  82246
101648 	  10217
101648 	  82503
111297 	  81305
111297 	  69026
111297 	  53672
111297 	  10274
111297 	   2996
111297 	  81262
106697 	  81305
106697 	  82555
106697 	 105200
106697 	  51289
106697 	  37464
106697 	   2996
106697 	 107489
106697 	  48486
106697 	  37931
 74286 	   9595
 74286 	  82503
 74286 	  69026
 74286 	  31770
 74286 	  72992
 27623 	   9595
 27623 	  59539
 27623 	 118052
 27623 	  92014
 27623 	  15511
 27623 	  96738
 27623 	 105455
 27623 	  51213
 27623 	 126721
 27623 	  85402
 27623 	  63310
 27623 	 113290
 27623 	  53672
 27623 	 117951
 27623 	  44074
 27623 	  31770
 27623 	 119325
 27623 	  68681
 27623 	 103296
 27623 	  72992
 27623 	  16479
 27623 	 119311
 27623 	   5103
 27623 	   5133
 27623 	 101463
 27623 	 108127
 27623 	 120065
 27623 	  95336
 27623 	 118768
 27623 	   3208
 27623 	  66221
 27623 	  65192
 27623 	 101673
 27623 	  52224
 27623 	  62649
 27623 	 105413
 27623 	  37931
 27623 	  27623
 34379 	  82555
 34379 	  95182
 34379 	  65408
 34379 	  53672
 34379 	   2996
 34379 	  37931
 95781 	 205919
 95781 	  65408
 95781 	  69026
 95781 	  53672
 95781 	  10274
 95781 	  79768
 95781 	   2996
 95781 	  81262
124177 	 114259
 65782 	  82555
 65782 	  95182
 65782 	  90147
 65782 	  31770
 65782 	  72992
 65782 	  77153
 65782 	  37464
 65782 	   2996
 65782 	  90137
100142 	  82555
100142 	  65408
100142 	  10217
100142 	  69026
100142 	  34379
 51767 	  10217
 74885 	  95182
 74885 	  90147
 74885 	  31770
 74885 	  72992
 74885 	  77153
 74885 	   2996
 74885 	  90137
 74885 	  48486
 74885 	  34379
105156 	  82555
105156 	  51289
105156 	   2996
105156 	 108174
105156 	  81262
119717 	  53672
119717 	  31770
119717 	  77153
119717 	   2996
 95409 	  10274
 95409 	  81262
124225 	  82555
124225 	  69633
124225 	   2996
124225 	  16404
124225 	  37931
 99213 	  81306
 99213 	  69633
 99213 	  16404
 99213 	  37931
 98469 	  82555
 98469 	  95182
 98469 	  37464
 98469 	   2996
 98469 	  37931
119685 	  90147
119685 	  72992
119685 	   2996
119685 	  90137
119685 	  37931
128471 	  92753
128471 	 130387
128471 	 110641
128471 	  93163
128471 	  39079
128471 	  66388
128471 	 110571
128471 	  88333
128471 	  70752
128471 	   8980
128471 	 107934
128471 	 113027
128471 	  82246
128471 	  66308
128471 	  91926
128471 	  92865
128471 	  92250
128471 	 130218
128471 	 129960
128471 	  85972
128471 	 104295
128471 	 105733
128471 	 109370
128471 	 103133
128471 	 108127
128471 	 107568
128471 	 122600
128471 	 115220
128471 	  52786
128471 	  34379
128471 	 116898
128471 	 105156
128471 	  95409
 77148 	  81305
 77148 	 205919
 77148 	  82555
 77148 	  51289
 77148 	  53672
 77148 	  10274
 77148 	  79768
 77148 	  37464
 77148 	   2996
 77148 	  81262
 77148 	  37931
 96223 	 113401
 96223 	  50275
 96223 	  95573
 96223 	  96738
 96223 	  95603
 96223 	  92250
 96223 	 113290
 96223 	  36327
 96223 	 116522
 96223 	 114673
 96223 	  79310
 96223 	 110588
 96223 	 108174
 96223 	 107489
 70314 	  72992
  3715 	  95182
  3715 	  53672
  3715 	   2996
 87759 	  82555
 87759 	  53672
 87759 	   2996
102995 	  82555
102995 	  28241
102995 	  51289
102995 	  37464
102995 	   2996
102995 	  48486
120346 	  82555
120346 	   2996
120346 	  48486
120346 	  34379
118432 	  51213
118432 	  82503
118432 	  85890
118432 	   2911
118432 	   3208
118432 	 114259
118432 	 105156
118432 	  77148
  2267 	  62372
  2267 	  18307
  2267 	  51213
  2267 	  29716
  2267 	  63310
  2267 	  85890
  2267 	  68681
  2267 	  72992
  2267 	  16479
  2267 	  76449
  2267 	   3208
  2267 	 101673
  2267 	 114259
  2267 	  15972
  2267 	  74286
   514 	 109693
   514 	 105455
   514 	  93950
   514 	 118363
   514 	 124419
   514 	 125839
   514 	 119617
   514 	 119112
   514 	  94602
   514 	  52786
   514 	 124477
   514 	 116898
115465 	  81305
115465 	 205919
115465 	  95182
115465 	  69026
115465 	  72992
115465 	  10274
115465 	  79768
115465 	  81262
107890 	  81305
107890 	 205919
107890 	  82555
107890 	  95182
107890 	  65408
107890 	  69026
107890 	  51289
107890 	  53672
107890 	  10274
107890 	  79768
107890 	   2996
107890 	 108174
107890 	  81262
107890 	  70314
 95790 	  82503
 95350 	  82555
 95350 	   2996
 95350 	  48486
 95350 	  37931
101486 	  53672
101486 	   2996
101486 	  16404
101486 	  34379
101809 	 113401
101809 	 118052
101809 	  50275
101809 	 100225
101809 	  95573
101809 	  82555
101809 	   5543
101809 	  62372
101809 	 105200
101809 	  66388
101809 	 127533
101809 	 114621
101809 	  18307
101809 	  96738
101809 	 107934
101809 	  28241
101809 	  51213
101809 	  29716
101809 	 101280
101809 	 103813
101809 	  95603
101809 	   7012
101809 	  92250
101809 	  31490
101809 	 114535
101809 	 102078
101809 	 111407
101809 	 113290
101809 	  65863
101809 	 117951
101809 	 105970
101809 	 116115
101809 	 119111
101809 	 101544
101809 	 101892
101809 	 115173
101809 	 122251
101809 	 125161
101809 	 105733
101809 	  16479
101809 	  36327
101809 	 130217
101809 	 116522
101809 	  76449
101809 	 108127
101809 	 114673
101809 	 125990
101809 	  79310
101809 	  66221
101809 	 107458
101809 	 101673
101809 	 108273
101809 	 120998
101809 	  15972
101809 	 110588
101809 	 108174
101809 	 107489
101809 	 117884
101809 	 127221
101809 	  74286
101809 	 124177
101809 	 119717
101809 	 124225
101809 	  96223
101809 	 107890
101809 	  95790
 48728 	  81305
 48728 	 205919
 48728 	  95182
 48728 	  65408
 48728 	  90147
 48728 	  69026
 48728 	  72992
 48728 	  10274
 48728 	  79768
 48728 	   2996
 48728 	  15972
 48728 	  90137
 48728 	  81262
 48728 	  37931
 48728 	  48728
109399 	  82555
109399 	 105200
109399 	  28241
109399 	  92250
109399 	  51289
109399 	  65863
109399 	  53672
109399 	  70646
109399 	  37464
109399 	   2996
109399 	  52786
109399 	 105413
109399 	  37931
109399 	  34379
109399 	    514
109399 	  48728
 86335 	  50275
 86335 	  82555
 86335 	 105200
 86335 	  28241
 86335 	  65863
 86335 	   2996
 86335 	 108174
 86335 	 105413
 86335 	  37931
 86335 	  34379
 86335 	    514
 61797 	  82555
 61797 	  31770
 61797 	  37464
 61797 	   2996
 61797 	  37931
 95513 	  31770
 95513 	  72992
 95513 	  34379
 94015 	  82555
 94015 	  31770
117213 	   9595
117213 	  82503
117213 	  72992
 94005 	  81305
 94005 	 205919
 94005 	  95182
 94005 	  69026
 94005 	  51289
 94005 	  53672
 94005 	  10274
 94005 	  79768
 94005 	   2996
 94005 	  81262
 94005 	  34379
 94005 	  48728
123976 	  31770
123976 	  69633
 18023 	  58481
 18023 	  64266
 18023 	  48486
 65978 	  82555
 65978 	  53672
 65978 	  37464
 65978 	  37931
 65978 	  48728
129747 	  82555
129747 	  51289
129747 	  79310
129747 	  37464
129747 	 105413
129747 	  48728
117950 	  90147
117950 	 117081
117950 	  53672
117950 	  72992
117950 	   2996
117950 	  90137
117950 	 107489
117950 	  48486
117950 	  37931
109086 	  81305
109086 	  82555
109086 	 105200
109086 	  51289
109086 	  37464
109086 	   2996
109086 	 107489
109086 	  81262
109086 	  48486
109086 	  37931
109086 	  48728
 76438 	  82246
 76438 	  10217
 76438 	  82503
122891 	  82555
122891 	 105200
122891 	  28241
122891 	  92250
122891 	  51289
122891 	 107458
122891 	  37464
122891 	   2996
122891 	  48486
122891 	  37931
122891 	   2267
122891 	    514
122891 	  48728
122891 	 109399
 79171 	  95182
 79171 	  65408
 79171 	  82463
124881 	  10217
124881 	  82503
124881 	  81306
124881 	  16404
126974 	  82503
129421 	  95182
129421 	  53672
129421 	  31770
129421 	  77153
129421 	   2996
129421 	  77148
113610 	  82555
103091 	  93163
103091 	  39079
103091 	  66388
103091 	 122022
103091 	  88333
103091 	   8980
103091 	 113027
103091 	  82246
103091 	 126721
103091 	  66308
103091 	  91926
103091 	 117081
103091 	  92865
103091 	  92250
103091 	 129960
103091 	  85972
103091 	 105733
103091 	 109370
103091 	 120065
103091 	 107568
103091 	  52786
103091 	 105413
103091 	  27623
103091 	  34379
103091 	 116898
103091 	 105156
103091 	  94015
103091 	  18023
103091 	 109086
 67993 	  82246
 67993 	  10217
 67993 	  82503
 67993 	  69633
 67993 	  64266
 98991 	  53672
 98991 	  81262
 98991 	  37931
 98991 	  48728
110898 	  58481
110898 	  48486
110898 	  34379
 61753 	  82246
 61753 	  10217
 61753 	  82503
 61753 	  31770
 61753 	  72992
 61753 	  77153
 61753 	  34379
 61753 	  77148
 93696 	  92250
 93696 	  82503
 93696 	 129859
 93696 	  51289
 93696 	 108174
 93696 	 107489
 93696 	  81262
 93696 	 107890
 93696 	  48728
 93696 	 109399
 58883 	  81305
 58883 	 205919
 58883 	  95182
 58883 	  80370
 58883 	  76155
 58883 	  51213
 58883 	  65408
 58883 	  63310
 58883 	  90147
 58883 	  94332
 58883 	  69026
 58883 	  85890
 58883 	  58481
 58883 	 101544
 58883 	  72992
 58883 	  16479
 58883 	   3208
 58883 	  10274
 58883 	  79768
 58883 	 119617
 58883 	   2996
 58883 	  90137
 58883 	  81262
 58883 	  70314
 58883 	  95790
 58883 	  48728
 58883 	  86335
 58883 	  61797
 58883 	 117950
 58883 	  79171
119884 	  53672
119884 	  10274
119884 	  48728
110974 	  10217
110974 	  82503
118234 	  81305
118234 	 205919
118234 	  90147
118234 	  72992
118234 	  10274
118234 	   2996
118234 	  90137
118234 	  81262
118234 	  48728
122171 	  10217
122171 	  82503
122171 	  81306
122171 	  69633
122171 	  16404
122171 	  34379
115883 	  10217
103973 	  52768
103973 	  82246
103973 	  91926
103973 	  82503
103973 	  53672
103973 	 126216
103973 	   5103
103973 	   2996
103973 	  37931
103973 	    514
 67672 	  81305
 67672 	 205919
 67672 	  82555
 67672 	 105200
 67672 	  65408
 67672 	  92250
 67672 	 105815
 67672 	  10274
 67672 	  79768
 67672 	   2996
 67672 	  81262
 67672 	  37931
 67672 	  34379
 67672 	  70314
 67672 	  48728
 52250 	  31770
 52250 	  72992
 52250 	  65887
 52250 	  66221
 52250 	  15972
 52250 	  77148
 52250 	  79171
 52250 	  67993
121157 	  92250
121157 	 116522
121157 	 114673
121157 	  79310
121157 	 108174
121157 	 107489
121157 	 109399
121157 	 119884
 31394 	 118052
 31394 	 117976
 31394 	  93163
 31394 	 119680
 31394 	  62372
 31394 	 106302
 31394 	  15511
 31394 	  66388
 31394 	  18307
 31394 	 130780
 31394 	  51213
 31394 	  29716
 31394 	  63310
 31394 	  66308
 31394 	 102078
 31394 	 113290
 31394 	 117951
 31394 	 131017
 31394 	 116115
 31394 	 127451
 31394 	  85890
 31394 	 105815
 31394 	 101892
 31394 	 122251
 31394 	  68681
 31394 	 105733
 31394 	  72992
 31394 	  16479
 31394 	 109370
 31394 	  97207
 31394 	  76449
 31394 	  91880
 31394 	 120065
 31394 	 114673
 31394 	 129208
 31394 	 118768
 31394 	   3208
 31394 	 101673
 31394 	  96900
 31394 	 114259
 31394 	 119112
 31394 	  15972
 31394 	 108174
 31394 	  94602
 31394 	  74286
 31394 	 116898
 31394 	 105156
 31394 	  99213
 31394 	 121308
 31394 	 126248
 31394 	 120346
 31394 	 118432
 31394 	 101486
 31394 	 101809
 31394 	  86335
 31394 	  61797
 31394 	 109086
 31394 	  76438
 31394 	  79171
 31394 	 119884
 31394 	 122171
 31394 	  67672
 81503 	   2996
 81503 	  48486
 81503 	  37931
 81503 	  81503
116540 	  10217
123045 	   9595
123045 	  51213
123045 	  82503
123045 	  85890
123045 	  72992
123045 	  16479
123045 	 114259
123045 	 118432
123045 	  86335
  2268 	  64266
126651 	  81305
126651 	  90147
126651 	  72992
126651 	  10274
126651 	   2996
126651 	  90137
126651 	  81262
126651 	  48486
126651 	  48728
 92509 	  81305
 92509 	 205919
 92509 	  82555
 92509 	  95182
 92509 	 105200
 92509 	  92250
 92509 	  51289
 92509 	  31770
 92509 	 107568
 92509 	  10274
 92509 	  79768
 92509 	  81262
 92509 	  37931
 92509 	  34379
 92509 	  70314
 92509 	  48728
 92509 	  31394
 82242 	   9595
 82242 	  82246
 82242 	  10217
 82242 	  82503
113681 	  82555
113681 	  65408
113681 	  10217
113681 	  82503
113681 	  53672
113681 	 103296
113681 	  77153
113681 	  69633
113681 	  16404
113681 	  37931
113681 	  77148
 75661 	   9595
 75661 	  82503
 75661 	  72992
 66563 	   9595
 66563 	  63310
 66563 	  90147
 66563 	  82503
 66563 	  69026
 66563 	  85890
 66563 	  72992
 66563 	 114259
 66563 	  90137
 66563 	 107489
 66563 	  86335
 66563 	  61797
 62878 	  82555
 62878 	  37464
 62878 	   2996
 62878 	  48486
 62878 	  37931
 62878 	  81503
100172 	  10217
100172 	  82503
100172 	  34379
108160 	   9595
108160 	  81305
108160 	  90147
108160 	  82503
108160 	  72992
108160 	  69633
108160 	  90137
108160 	  81262
108160 	  34379
108160 	  48728
128300 	  37464
128300 	   2996
128300 	  48486
128300 	  37931
128300 	  81503
101850 	  90154
101850 	  85402
101850 	  10217
101850 	  82503
101850 	  31770
101850 	  65887
101850 	  74885
 50309 	  82555
 50309 	  53672
 50309 	  79310
 50309 	  37931
 50309 	  62878
 91740 	  59539
 91740 	 110641
 91740 	  50275
 91740 	  82555
 91740 	  52768
 91740 	 105200
 91740 	 114621
 91740 	 122022
 91740 	 125052
 91740 	 124999
 91740 	  28241
 91740 	  95603
 91740 	   7012
 91740 	 117081
 91740 	  92250
 91740 	  31490
 91740 	 114535
 91740 	 129859
 91740 	 111407
 91740 	  65863
 91740 	  53672
 91740 	 105970
 91740 	  44074
 91740 	  67362
 91740 	 115173
 91740 	 105733
 91740 	 103296
 91740 	   2911
 91740 	   5103
 91740 	 116522
 91740 	  76449
 91740 	 107568
 91740 	 107458
 91740 	  37464
 91740 	   2996
 91740 	 115606
 91740 	 110588
 91740 	 108174
 91740 	 107489
 91740 	 105413
 91740 	  37931
 91740 	 127221
 91740 	  74286
 91740 	  27623
 91740 	 124177
 91740 	  65782
 91740 	  51767
 91740 	 124225
 91740 	   3715
 91740 	    514
 91740 	 107890
 91740 	  95790
 91740 	 109399
 91740 	  94005
 91740 	 123976
 91740 	  76438
 91740 	 119884
 91740 	 122171
 91740 	 111227
 91740 	  52250
 91740 	  81503
 91740 	   2268
 91740 	  92509
 91740 	  66563
 91740 	  62878
 59944 	  50275
 59944 	  95573
 59944 	  82555
 59944 	 105200
 59944 	  96738
 59944 	  28241
 59944 	  95603
 59944 	  92250
 59944 	 111407
 59944 	 105970
 59944 	 115173
 59944 	 105733
 59944 	  36327
 59944 	 116522
 59944 	 108127
 59944 	 114673
 59944 	  79310
 59944 	 107458
 59944 	 110588
 59944 	 108174
 59944 	 107489
 59944 	 124177
 59944 	  96223
 59944 	 107890
 59944 	  95790
 59944 	 109399
 59944 	 123976
 59944 	 119884
 59944 	 111227
 59944 	  82242
 59944 	  62878
 80885 	  92014
 80885 	 128844
 80885 	 130983
 80885 	  82503
 80885 	 101463
 80885 	  92527
 80885 	 126974
 80885 	  93696
 80885 	 115883
 80885 	 103973
 80885 	  50309
 70788 	  39079
 70788 	  91563
 70788 	   8980
 70788 	 114379
 70788 	  92865
 70788 	   2911
 70788 	  95513
 70788 	 117213
 70788 	  93696
 66886 	  53672
 66886 	  10274
 66886 	  81262
 66886 	  48728
 66886 	  59944
103733 	  81305
103733 	  82555
103733 	 105200
103733 	  51289
103733 	  37464
103733 	   2996
103733 	 107489
103733 	  48486
103733 	  37931
103733 	  48728
103733 	  59944
 74664 	  82555
 74664 	  95182
 74664 	  65408
 74664 	  53672
 74664 	   2996
 74664 	  37931
106244 	  53672
106244 	   2996
106244 	  16404
106244 	  34379
106244 	  81503
100737 	  31770
108765 	  82555
108765 	   2996
108765 	  37931
119270 	   2996
126646 	   2996
126646 	  37931
108254 	  81305
108254 	 205919
108254 	  95182
108254 	  65408
108254 	  69026
108254 	  51289
108254 	  53672
108254 	  10274
108254 	  79768
108254 	  81262
108254 	  70314
108254 	  48728
108254 	  59944
108254 	  80885
103038 	  53672
103038 	   2996
126048 	  82555
126048 	  90147
126048 	   2996
126048 	  90137
126048 	 107489
126048 	  37931
126048 	  67993
 99548 	 113401
 99548 	  50275
 99548 	 100225
 99548 	  95573
 99548 	  82555
 99548 	   5543
 99548 	  62372
 99548 	 105200
 99548 	  66388
 99548 	 127533
 99548 	 114621
 99548 	  18307
 99548 	  96738
 99548 	 107934
 99548 	  28241
 99548 	  51213
 99548 	  29716
 99548 	 101280
 99548 	 103813
 99548 	  95603
 99548 	  92250
 99548 	  31490
 99548 	 114535
 99548 	 102078
 99548 	 111407
 99548 	 113290
 99548 	 105970
 99548 	 101892
 99548 	 115173
 99548 	 105733
 99548 	  16479
 99548 	  36327
 99548 	 130217
 99548 	 116522
 99548 	 108127
 99548 	 114673
 99548 	 125990
 99548 	  79310
 99548 	 107458
 99548 	 101673
 99548 	 108273
 99548 	 120998
 99548 	  15972
 99548 	 110588
 99548 	 108174
 99548 	 107489
 99548 	 117884
 99548 	 127221
 99548 	 124177
 99548 	 119717
 99548 	 124225
 99548 	  96223
 99548 	 107890
 99548 	  95790
 99548 	 109399
 99548 	  94005
 99548 	 123976
 99548 	 129747
 99548 	  79171
 99548 	 105523
 99548 	 110898
 99548 	 119884
 99548 	 110974
 99548 	 122171
 99548 	 111227
 99548 	  92509
 99548 	  82242
 99548 	  62878
 99548 	 101850
 99548 	 103733
 99548 	 103038
 86131 	   9595
 86131 	  82503
 86131 	  72992
 86131 	  59944
  7854 	  82555
  7854 	   2996
126574 	  82555
 66058 	  82555
 66058 	  53672
 66058 	   2996
 66058 	  37931
 66058 	  81503
127707 	  81305
127707 	 205919
127707 	  95182
127707 	  65408
127707 	  10217
127707 	  82503
127707 	  69026
127707 	  85890
127707 	  31770
127707 	  72992
127707 	  65887
127707 	  10274
127707 	  81262
127707 	  70314
127707 	  87759
127707 	  48728
127707 	  86335
127707 	  31394
127707 	  59944
127707 	  80885
127707 	  70788
127707 	  66886
127707 	  86131
 94837 	  10217
 94837 	  82503
126274 	  95182
126274 	  65408
126274 	  53672
126274 	   2996
126274 	  82463
124069 	  92753
124069 	 205919
124069 	  44074
124069 	   2996
124069 	  48486
124069 	  37931
124069 	  48728
124069 	  67993
124069 	  58883
124069 	 111227
124069 	  81503
124069 	  82242
124069 	  59944
124069 	  86131
119890 	  81305
119890 	 205919
119890 	  82555
119890 	 105200
119890 	  51289
119890 	  10274
119890 	  37464
119890 	   2996
119890 	 107489
119890 	  81262
119890 	  48486
119890 	  37931
119890 	  48728
119890 	  86131
 41611 	  95182
127382 	  79310
127382 	  48486
127382 	  34379
127382 	  94837
103084 	  82246
103084 	  65408
103084 	  10217
103084 	  82503
103084 	  65887
130419 	  72992
130419 	  82463
130419 	  67993
 68575 	  82555
 68575 	   2996
 68575 	  81262
 68575 	  37931
 68575 	  48728
 68575 	  81503
117924 	  81305
117924 	  82555
117924 	 105200
117924 	  51289
117924 	  10274
117924 	  37464
117924 	   2996
117924 	 107489
117924 	  48486
117924 	  37931
117924 	  48728
117924 	  86131
 62617 	  82555
 62617 	  95182
 62617 	   2996
 62617 	 119884
 62617 	  81503
128707 	  31770
128707 	  77153
128707 	  77148
126992 	  81305
126992 	 205919
126992 	  82555
126992 	  51289
126992 	  10274
126992 	   2996
126992 	  81262
126992 	  48728
126992 	  59944
126992 	  86131
 96495 	  82246
 96495 	  10217
 96495 	  82503
 96495 	  34379
 51984 	  92753
 51984 	  88141
 51984 	  81305
 51984 	 205919
 51984 	  78533
 51984 	  95182
 51984 	  62372
 51984 	  96738
 51984 	  51213
 51984 	  65408
 51984 	  63310
 51984 	  69026
 51984 	 113290
 51984 	  53672
 51984 	  44074
 51984 	 130218
 51984 	  85890
 51984 	  94785
 51984 	   2332
 51984 	 103296
 51984 	  72992
 51984 	  76449
 51984 	   3208
 51984 	  10274
 51984 	  79768
 51984 	  66221
 51984 	  96900
 51984 	 114259
 51984 	   2996
 51984 	  81262
 51984 	  48486
 51984 	  74286
 51984 	 121308
 51984 	  70314
 51984 	  48728
 51984 	  86335
 51984 	  61797
 51984 	 117950
 51984 	  76438
 51984 	 105523
 51984 	  58883
 51984 	 111227
 51984 	  31394
 51984 	  66563
 51984 	  59944
 51984 	  80885
 51984 	  74664
 51984 	  86131
 51984 	  41611
 51984 	  62617
105872 	  82555
105872 	   2996
105872 	  37931
105872 	  81503
124765 	  81305
124765 	 205919
124765 	  82555
124765 	  69026
124765 	  10274
124765 	  79768
124765 	  37464
124765 	   2996
124765 	  81262
124765 	  37931
124765 	  70314
124765 	  48728
124765 	  86131
 95929 	   9595
 95929 	  82246
 95929 	  10217
 95929 	  82503
 95929 	  34379
 95929 	  70788
 97187 	   9595
 97187 	  82555
 97187 	  31770
 97187 	  72992
 97187 	  16404
 97187 	  77148
 90122 	  28241
 90122 	  51289
 90122 	  65863
 90122 	  58481
 90122 	  37464
 90122 	   2996
 90122 	  48486
 90122 	    514
 90122 	  94005
 90122 	 111227
 90122 	  81503
 90122 	   2268
 90122 	  62878
 90122 	   7854
 76123 	   2996
 76123 	  48486
 76123 	  37931
 76123 	  48728
 76123 	  81503
 76123 	  86131
102704 	  81305
102704 	 205919
102704 	  95182
102704 	  90147
102704 	   7012
102704 	  69026
102704 	  72992
102704 	  16479
102704 	  10274
102704 	  79768
102704 	   2996
102704 	  90137
102704 	  81262
102704 	  48486
102704 	  37931
102704 	  70314
102704 	   2267
102704 	  48728
102704 	  61797
102704 	  94005
102704 	  31394
102704 	  81503
102704 	  59944
102704 	  80885
102704 	  86131
131601 	  31770
111569 	   9595
111569 	  82246
111569 	  10217
111569 	  82503
111569 	  34379
111569 	  70788
101342 	  48486
 68241 	  37464
 68241 	  37931
124365 	 113401
124365 	 118052
124365 	  50275
124365 	  39079
124365 	 100225
124365 	  95573
124365 	   5543
124365 	  62372
124365 	  75030
124365 	  66388
124365 	 127533
124365 	 114621
124365 	  18307
124365 	  96738
124365 	  70752
124365 	 107934
124365 	  51213
124365 	  29716
124365 	 101280
124365 	 103813
124365 	  95603
124365 	   7012
124365 	  92250
124365 	  31490
124365 	 102078
124365 	 113290
124365 	 117951
124365 	 105970
124365 	 116115
124365 	 119111
124365 	 101544
124365 	 101892
124365 	 115173
124365 	 122251
124365 	 125161
124365 	 105733
124365 	  16479
124365 	  36327
124365 	 130217
124365 	 116522
124365 	  76449
124365 	 108127
124365 	 114673
124365 	 125990
124365 	  73957
124365 	  79310
124365 	 107458
124365 	 101673
124365 	 120998
124365 	  15972
124365 	 110588
124365 	 108174
124365 	  75566
124365 	 107489
124365 	 117884
124365 	 127221
124365 	  74286
124365 	 124177
124365 	 119717
124365 	 124225
124365 	  96223
124365 	 107890
124365 	  95790
124365 	  95350
124365 	 109399
124365 	  86335
124365 	 123976
124365 	 129747
124365 	 117950
124365 	  76438
124365 	  79171
124365 	 110898
124365 	  58883
124365 	 119884
124365 	 110974
124365 	 122171
124365 	 111227
124365 	  92509
124365 	  82242
124365 	  77586
124365 	 103733
124365 	  74664
124365 	 103038
124365 	  94837
124365 	 119890
124365 	  41611
124365 	 117924
124365 	  62617
124365 	  96495
124365 	 105872
124365 	  95929
124365 	  66016
124365 	 131601
 86570 	  69633
 86570 	   2996
 86570 	  16404
 86570 	  37931
 97422 	  65408
 97422 	  53672
 97422 	   2996
 97422 	  82463
113690 	  82555
113690 	   2996
113690 	  37931
113690 	  81503
 94367 	  81305
 94367 	 205919
 94367 	  53672
 94367 	  10274
 94367 	   2996
 94367 	  81262
 94367 	  37931
 94367 	  48728
 94367 	  59944
 94367 	  86131
 94367 	  86570
108883 	  81305
108883 	  82503
108883 	  31770
108883 	  81262
108883 	  48728
108883 	  86131
108883 	  86570
128822 	   9595
128822 	  82246
128822 	  10217
128822 	  82503
128822 	  31770
128975 	  37931
123702 	  82555
123702 	  53672
123702 	  81306
123702 	  69633
123702 	   2996
123702 	  16404
123702 	  48486
123702 	  37931
123702 	  34379
123702 	  81503
126225 	  82555
126225 	   2996
126225 	  37931
113068 	  82555
113068 	  95182
113068 	  65408
113068 	  53672
113068 	  37464
113068 	   2996
113068 	  37931
113068 	  34379
113068 	  81503
 95748 	   9595
 95748 	  82246
 95748 	  10217
 95748 	  82503
 95748 	  34379
 76053 	  79310
 76053 	  48486
117793 	  72992
117793 	  59944
117490 	  82246
117490 	  10217
117490 	  82503
117344 	  82246
117344 	  10217
117344 	  82503
 97464 	 102380
 97464 	  93163
 97464 	   5543
 97464 	  66388
 97464 	 113027
 97464 	 114379
 97464 	  94264
 97464 	 130218
 97464 	 129960
 97464 	  36327
 97464 	 101463
 97464 	 108127
 97464 	  99213
 97464 	  98469
 97464 	  18023
 97464 	  97187
 97464 	 101342
 97464 	  97422
 97464 	 102759
 69636 	  81305
 69636 	 205919
 69636 	  95182
 69636 	  65408
 69636 	  69026
 69636 	  53672
 69636 	  10274
 69636 	  79768
 69636 	  81262
 69636 	  70314
 69636 	  48728
 69636 	  31394
 69636 	  59944
 69636 	  80885
 69636 	  86131
 69636 	  86570
113639 	  82246
113639 	 117081
113639 	  82503
113639 	 107568
113639 	  64266
113639 	 105413
113639 	  34379
 52076 	  93163
 52076 	 114379
 52076 	  58632
 52076 	  50309
 52076 	  90122
 34899 	  82555
 34899 	 105200
 34899 	 117081
 34899 	 107489
 34899 	  48486
 34899 	  34379
 34899 	 105872
 73555 	   9595
 73555 	  31770
 73555 	  69633
 73555 	   2996
 73555 	  34379
 73555 	   2267
 73555 	  82463
 73555 	  67993
 73555 	  69636
 94032 	  82555
 94032 	  37464
 94032 	   2996
 94032 	  37931
 98993 	   9595
 98993 	  82555
 98993 	  82246
 98993 	  10217
 98993 	  82503
 98993 	  69633
 98993 	   2996
 98993 	  37931
 98993 	  69636
129520 	   9595
129520 	  95182
129520 	  31770
129520 	  72992
129520 	  69633
129520 	  77148
129520 	  67672
129520 	  69636
129520 	  34899
 50841 	  82555
 50841 	  10217
 50841 	  90147
 50841 	  72992
 50841 	  77153
 50841 	  90137
 50841 	  77148
 91849 	  82555
 91849 	  53672
 91849 	   2996
 91849 	  37931
 91849 	  48728
 91849 	  86570
117925 	  82503
107802 	  81305
107802 	 205919
107802 	  82555
107802 	  95182
107802 	  90147
107802 	  72992
107802 	  10274
107802 	  79768
107802 	   2996
107802 	  90137
107802 	  81262
107802 	  48486
107802 	  37931
107802 	  48728
107802 	  81503
107802 	  59944
107802 	  80885
107802 	  86131
107802 	  86570
103602 	  82246
103602 	  10217
103602 	  69633
103602 	  34379
103602 	  69636
 93364 	  81305
 93364 	 205919
 93364 	  95182
 93364 	  65408
 93364 	  90147
 93364 	  69026
 93364 	  53672
 93364 	  72992
 93364 	  10274
 93364 	  79768
 93364 	   2996
 93364 	  90137
 93364 	  81262
 93364 	  37931
 93364 	  70314
 93364 	  48728
 93364 	  67993
 93364 	  59944
 93364 	  80885
 93364 	  86131
 93364 	  86570
119808 	  90147
119808 	  72992
119808 	  90137
119808 	  59944
125120 	  81305
125120 	 205919
125120 	  95182
125120 	  65408
125120 	  69026
125120 	  10274
125120 	  79768
125120 	  81262
125120 	  48728
125120 	  59944
125120 	  80885
125120 	  86131
125120 	  86570
101626 	  31770
129161 	  39337
129161 	 205919
129161 	  80370
129161 	  82246
129161 	  93171
129161 	  65408
129161 	  10217
129161 	   5646
129161 	  69026
129161 	  75641
129161 	  72992
129161 	  65887
129161 	  77153
129161 	  10274
129161 	  58632
129161 	  58416
129161 	  34379
129161 	  70314
129161 	   2267
129161 	  65978
129161 	 109086
129161 	  31394
129161 	   2268
129161 	  70788
129161 	  86131
129161 	   7854
129161 	  90122
129161 	  86570
 98813 	  82555
 98813 	  37931
 61674 	  72992
 61674 	  77153
 61674 	  77148
 61674 	  82463
 61674 	  67993
121983 	  31770
121983 	  77153
121983 	  77148
121983 	  82463
125231 	   9595
125231 	  82555
125231 	  65408
125231 	  31770
125231 	  81306
125231 	  69633
125231 	  16404
125231 	  37931
125231 	  77148
125231 	  82463
125231 	  67993
125231 	  69636
 92153 	 205919
 92153 	  82555
 92153 	  92250
 92153 	  51289
 92153 	  79310
 92153 	  10274
 92153 	  37464
 92153 	   2996
 92153 	 105413
 92153 	  81262
 92153 	  48486
 92153 	  37931
 92153 	  34379
 92153 	  65782
 92153 	  70314
 92153 	   2267
 92153 	  48728
 92153 	  81503
 92153 	  86131
 92153 	 105872
 92153 	  86570
 95496 	 205919
 95496 	  10274
 95496 	  79768
 95496 	   2996
 95496 	  81262
 95496 	  37931
 95496 	  48728
 95496 	  58883
 95496 	  59944
 95496 	  86131
 95496 	  86570
 92477 	  82246
 92477 	 126216
 92477 	 108127
 66612 	  82555
 66612 	  69633
 66612 	   2996
 66612 	  16404
 66612 	  37931
 66612 	  81503
 66612 	  69636
 97373 	  81305
 97373 	  95182
 97373 	  69026
 97373 	  53672
 97373 	  10274
 97373 	  79768
 97373 	   2996
 97373 	  81262
 97373 	  48728
 97373 	  59944
 97373 	  80885
 97373 	  86131
 97373 	  86570
124281 	   9595
124281 	  10217
124281 	  82503
124281 	  34379
124281 	  77148
124281 	  70788
 96106 	  95182
 96106 	  65408
 96106 	  90147
 96106 	  31770
 96106 	  77153
 96106 	   2996
 96106 	  90137
 96106 	  77148
 96106 	  82463
 96106 	  67993
 96106 	  81503
111453 	   9595
111453 	  82246
111453 	  10217
111453 	  82503
111453 	  31770
111453 	  34379
 82662 	   9595
 82662 	  82503
 82662 	  31770
 82662 	  95336
 82662 	 107458
 82662 	 121157
 82662 	  60615
 82662 	  90406
 64212 	 113401
 64212 	  50275
 64212 	 100225
 64212 	  95573
 64212 	  82555
 64212 	   5543
 64212 	  62372
 64212 	 105200
 64212 	  66388
 64212 	  18307
 64212 	  96738
 64212 	  28241
 64212 	  51213
 64212 	 103813
 64212 	  95603
 64212 	  92250
 64212 	  31490
 64212 	 114535
 64212 	 111407
 64212 	 113290
 64212 	 105970
 64212 	 101892
 64212 	 115173
 64212 	 105733
 64212 	  16479
 64212 	  36327
 64212 	 116522
 64212 	 108127
 64212 	 114673
 64212 	  79310
 64212 	 108273
 64212 	  15972
 64212 	 110588
 64212 	 108174
 64212 	 107489
 64212 	 117884
 64212 	 127221
 64212 	 124177
 64212 	 124225
 64212 	  96223
 64212 	 107890
 64212 	  95790
 64212 	 109399
 64212 	  94005
 64212 	 123976
 64212 	  79171
 64212 	 105523
 64212 	 110898
 64212 	 119884
 64212 	 110974
 64212 	 122171
 64212 	 111227
 64212 	  92509
 64212 	  82242
 64212 	  62878
 64212 	 103733
 64212 	 103038
 64212 	  94837
 64212 	  41611
 64212 	  62617
 64212 	  96495
 64212 	 105872
 64212 	  95929
 64212 	 131601
 64212 	 108883
 64212 	 128822
 64212 	 113639
 64212 	 119808
 64212 	 101626
 64212 	  31821
 64212 	  95496
 64212 	  92477
 64212 	 124281
 89982 	   9595
 89982 	 107934
 89982 	  82503
 89982 	  69026
 89982 	 121157
 89982 	 105872
 42495 	  82555
 42495 	  95182
 42495 	  76155
 42495 	  65408
 42495 	  90147
 42495 	  53672
 42495 	  72992
 42495 	  37464
 42495 	   2996
 42495 	  90137
 42495 	  37931
 42495 	  34379
 42495 	   2267
 42495 	  82463
 42495 	  81503
116362 	   9595
116362 	  81305
116362 	 205919
116362 	  76155
116362 	  82246
116362 	  63310
116362 	  10217
116362 	  82503
116362 	  81306
116362 	  72992
116362 	  69633
116362 	   3208
116362 	  10274
116362 	  79768
116362 	  16404
116362 	  81262
116362 	  70314
116362 	  48728
116362 	  58883
116362 	  31394
116362 	  80885
116362 	  70788
116362 	  86131
116362 	  86570
116362 	  69636
116362 	  34899
116362 	  66612
116362 	  89982
105591 	  31770
105591 	  77153
105591 	  77148
128079 	  81305
128079 	  82555
128079 	   2996
128079 	  81262
128079 	  37931
128079 	  48728
128079 	  81503
128079 	  86570
122396 	   9595
122396 	 117976
122396 	  81305
122396 	 205919
122396 	 125052
122396 	 124999
122396 	  63310
122396 	  51289
122396 	  31770
122396 	  81306
122396 	 122251
122396 	 125161
122396 	  72992
122396 	  65887
122396 	  77153
122396 	  69633
122396 	   3208
122396 	  10274
122396 	  79768
122396 	  65192
122396 	  52224
122396 	  16404
122396 	  81262
122396 	  77148
122396 	  70314
122396 	  48728
122396 	  86335
122396 	  61797
122396 	  67993
122396 	  58883
122396 	  31394
122396 	 116540
122396 	  80885
122396 	 108254
122396 	  86131
122396 	 119890
122396 	 131601
122396 	  86570
122396 	  90406
122396 	  69636
122396 	  52076
122396 	  34899
122396 	  91849
122396 	 103602
122396 	 119808
122396 	  66612
122396 	  89982
122396 	 105591
122396 	 122396
 88019 	  51289
 88019 	   2996
 88019 	 107489
 88019 	  37931
 88019 	  48728
 88019 	  81503
 88019 	  86570
118243 	  31770
118243 	  77153
118243 	  77148
112063 	  82555
112063 	  53672
112063 	  79310
112063 	  37464
112063 	  37931
112063 	  48728
112063 	 119884
112063 	  86131
112063 	  86570
100687 	   2996
100687 	  48486
100687 	  37931
130833 	   9595
130833 	  76155
130833 	 125052
130833 	  51213
130833 	  63310
130833 	   7012
130833 	  82503
130833 	  69026
130833 	  75641
130833 	  85890
130833 	  85972
130833 	  72992
130833 	  16479
130833 	  65887
130833 	  96012
130833 	 129208
130833 	   3208
130833 	 119617
130833 	 101673
130833 	 114259
130833 	  93866
130833 	  94602
130833 	 119717
130833 	  77148
130833 	 120346
130833 	 101486
130833 	  86335
130833 	  61797
130833 	 117950
130833 	  59944
130833 	 103733
130833 	 128707
130833 	 125108
130833 	  52076
130833 	  95496
130833 	 130833
114929 	  92753
114929 	  88141
114929 	  59539
114929 	 117976
114929 	  81305
114929 	 205919
114929 	  78533
114929 	  95182
114929 	  62372
114929 	  18307
114929 	  96738
114929 	  93171
114929 	  51213
114929 	  65408
114929 	  29716
114929 	  63310
114929 	  69026
114929 	 114535
114929 	  53672
114929 	 108185
114929 	  44074
114929 	   2332
114929 	  68681
114929 	 103296
114929 	  76449
114929 	 120065
114929 	   3208
114929 	  10274
114929 	  79768
114929 	  66221
114929 	 114259
114929 	 119112
114929 	  15972
114929 	   2251
114929 	  52786
114929 	  81262
114929 	  37931
114929 	  74286
114929 	 121308
114929 	  70314
114929 	  87759
114929 	  48728
114929 	  94015
114929 	 109086
114929 	  76438
114929 	  79171
114929 	 105523
114929 	  31394
114929 	  66563
114929 	  80885
114929 	  74664
114929 	  86131
114929 	  41611
114929 	  62617
114929 	  86570
114929 	 117490
114929 	  52076
114929 	  73555
114929 	  94032
114929 	  95496
114929 	  89982
114929 	  42495
114929 	 114929
123347 	  82503
123347 	  48728
123347 	  86570
 58385 	  76155
 58385 	  90147
 58385 	 129134
 58385 	  31770
 58385 	  72992
 58385 	  77153
 58385 	  90137
 58385 	  34379
 58385 	  77148
 58385 	  66886
 58385 	  66612
 58385 	 123347
105144 	  95182
105144 	  31770
105144 	   2996
105144 	  48486
105144 	  77148
105144 	  81503
130531 	  93163
130531 	  92014
130531 	   5543
130531 	  75030
130531 	 113027
130531 	  85402
130531 	  94264
130531 	 130218
130531 	 119325
130531 	  36327
130531 	 119311
130531 	 101463
130531 	 108127
130531 	  95336
130531 	 102481
130531 	 115606
130531 	  99213
130531 	  98469
130531 	 101809
130531 	 126974
130531 	 115883
130531 	 100737
130531 	  97187
130531 	 101342
130531 	  97422
130531 	 128822
130531 	 102759
130531 	  97464
130531 	 129520
130531 	  92153
130531 	  97373
130531 	 105591
 69502 	  95182
 69502 	  53672
 69502 	  75641
 69502 	  31770
 69502 	  72992
 69502 	  65887
 69502 	  77153
 69502 	  77148
 69502 	  67993
 69502 	  52076
 92655 	  82246
 92655 	  10217
 92655 	  34379
  8991 	  82503
  8991 	  31821
  3476 	 117976
  3476 	  81305
  3476 	 205919
  3476 	  95182
  3476 	  65408
  3476 	  63310
  3476 	  69026
  3476 	  51289
  3476 	  53672
  3476 	  31770
  3476 	 122251
  3476 	  77153
  3476 	 120065
  3476 	  95336
  3476 	   3208
  3476 	  10274
  3476 	  79768
  3476 	  65192
  3476 	  81262
  3476 	  77148
  3476 	  70314
  3476 	  48728
  3476 	 109086
  3476 	 119884
  3476 	  31394
  3476 	  80885
  3476 	  86131
  3476 	 117924
  3476 	  86570
  3476 	  95496
  3476 	  92477
  3476 	  89982
  3476 	 122396
  3476 	 114929
113084 	  81305
113084 	 205919
113084 	  95182
113084 	  65408
113084 	  69026
113084 	  53672
113084 	  10274
113084 	  79768
113084 	  81262
113084 	  37931
113084 	  70314
113084 	  48728
113084 	  59944
113084 	  80885
113084 	  86131
113084 	  86570
113084 	  89982
 98306 	  50275
 98306 	  82555
 98306 	 105200
 98306 	   8980
 98306 	 113027
 98306 	  28241
 98306 	  51289
 98306 	  65863
 98306 	  53672
 98306 	  67362
 98306 	  70646
 98306 	  52894
 98306 	 105733
 98306 	  79310
 98306 	  37464
 98306 	   2996
 98306 	 108174
 98306 	 105413
 98306 	  48486
 98306 	  37931
 98306 	  27623
 98306 	  34379
 98306 	    514
 98306 	 109086
 98306 	 119884
 98306 	 121157
 98306 	  81503
 98306 	   2268
 98306 	  62878
 98306 	   7854
 98306 	 105872
 98306 	  90122
 98306 	 131601
 98306 	  50841
 98306 	 119808
 98306 	 121983
 98306 	  88019
 98306 	 114929
 98306 	 123347
 98306 	  92655
122256 	  82503
122256 	 105872
122256 	 125108
122256 	 123347
