110641 	  92753
128397 	  81305
 95573 	  92753
 95573 	  88141
 95573 	  91563
 97838 	  59539
 97838 	  78533
 95182 	  95182
 52768 	  82555
 52768 	  95182
106205 	  95182
105200 	  81305
114621 	  81305
 99902 	  81305
 70752 	  81305
 70752 	 205919
107934 	  81305
124999 	  95182
130983 	  59539
130983 	  78533
 82246 	  81305
102278 	  52768
102278 	   2986
102278 	 105200
102278 	  28241
 63310 	  59539
 63310 	  50275
 63310 	 100225
 63310 	  78533
 63310 	  82555
 63310 	  52768
 63310 	   2986
 63310 	 114621
 63310 	  28241
 10217 	  52768
 10217 	 107934
 90147 	   9595
 66308 	  81305
 66308 	 205919
  7012 	  78533
  7012 	  95182
  7012 	  65408
  7012 	  10217
  5646 	  78533
  5646 	  95182
  5646 	  62372
  5646 	  18307
  5646 	  65408
  5646 	  29716
 92250 	 101160
 82503 	  82555
 94332 	  82555
 94332 	  82246
 31490 	   8980
 31490 	  91926
 69026 	  10217
102503 	  88141
102503 	  15511
 94264 	  95182
 94264 	  10217
113290 	  82503
122840 	  95182
122840 	  65408
100909 	  10217
 65863 	  82555
 65863 	 105200
 65863 	  28241
 65863 	  82246
 65863 	  10217
 65863 	 117081
 65863 	  31490
 65863 	 111407
 65863 	  65863
 53672 	  81305
 53672 	 205919
 53672 	  51289
 99477 	  82555
105970 	  51289
101510 	  82555
101510 	 105200
101510 	  28241
101510 	  82246
101510 	  10217
101510 	 117081
 44074 	   9595
 85890 	  82555
 85890 	  10217
 67362 	 130387
 67362 	 126040
 31770 	  82555
129644 	   9595
 93950 	  95182
 93950 	  65408
 93950 	  10217
 93950 	  44074
 53106 	  31770
105815 	  69026
129960 	 126721
101892 	   9595
101892 	  82503
130986 	  81305
130986 	  69026
129434 	  95182
129434 	  10217
115173 	  95182
115173 	  65408
104295 	  81305
104295 	  69026
128492 	   9595
128492 	  81305
128492 	  82246
128492 	  10217
128492 	  51289
102383 	  82555
102383 	 105200
102383 	  82246
102383 	  10217
102383 	  92250
102383 	  94332
102383 	  53672
125161 	   9595
125161 	  82503
 52894 	  95182
105733 	  82555
105733 	 105200
105733 	  28241
105733 	  82246
105733 	  10217
105733 	  58481
103296 	  58481
 16479 	  70646
 16479 	 126216
 43129 	  65408
  5103 	 127102
  5103 	  50275
  5103 	  82555
  5103 	  52768
  5103 	   2986
  5103 	 128844
  5103 	  28241
  5103 	 130983
  5103 	 126721
  5103 	  82503
  5103 	  53672
  5103 	  58481
  5103 	 105815
  5103 	   5103
124080 	  10217
  8179 	  92753
  8179 	  81305
  8179 	 205919
  8179 	  69026
 97207 	  10217
 97207 	  53672
116522 	  82555
116522 	  65408
116522 	  10217
116522 	  53672
  5133 	  82246
  5133 	  10217
  5133 	  92250
 91880 	  95182
108127 	  81305
108127 	  69026
 95336 	  10217
 95336 	  72992
 95336 	  77153
107568 	  81305
107568 	  69026
118768 	  82555
118768 	  10217
118768 	   2332
 85142 	 129131
 85142 	 126721
 85142 	  66308
 69633 	  81305
 69633 	 205919
 69633 	  69026
 69633 	  51289
128974 	  10217
128974 	  53672
128974 	  44074
128974 	 103296
128974 	  72992
128974 	  16479
128974 	  77153
  3208 	  92753
  3208 	  88141
  3208 	  91563
  3208 	  15511
  3208 	 109693
  3208 	   8980
  3208 	 129131
  3208 	  93171
  3208 	  91926
  3208 	 108185
  3208 	  91637
  3208 	 109370
  3208 	 120065
  3208 	 128974
 10274 	   8980
 10274 	 126721
 10274 	  91926
 10274 	 129960
 10274 	  85972
 10274 	  91637
 10274 	 109370
 10274 	 120065
 10274 	 128974
 99159 	  82555
 99159 	  28241
 99159 	  82246
 99159 	  10217
 99159 	 117081
119617 	  29716
101673 	  81305
101673 	 205919
101673 	  51289
101673 	  10274
101673 	  79768
 96900 	  81305
 96900 	  51289
 96900 	  10274
  2524 	  78533
  2524 	  10217
  2524 	   2332
  2524 	   5133
 93866 	  82555
 93866 	  82246
 93866 	  10217
108273 	  78533
108273 	  95182
108273 	 105200
108273 	  65408
108273 	  10217
108273 	 117081
108273 	  31490
108273 	   2332
108273 	  77153
108273 	   5133
108273 	  66221
108273 	 108273
120998 	  92250
 92527 	  95182
 92527 	  65408
101749 	  10217
101749 	  53672
101749 	  77153
122600 	  81305
122600 	  51289
122600 	  10274
 62649 	  52768
 62649 	 107934
 62649 	  53672
 62649 	  44074
 62649 	 103296
 82318 	  93866
 64266 	  69633
 83275 	  69633
 62268 	  95182
 62268 	  65408
115220 	  10217
115220 	  53672
115220 	 103296
107489 	  69633
 58416 	  81305
 58416 	 205919
 58416 	  69026
 58416 	  10274
 58416 	  79768
 52786 	 127102
 52786 	 127242
 52786 	 128844
 52786 	 129131
 52786 	 130983
 52786 	 126721
 52786 	 130986
117884 	  95182
117884 	  65408
117884 	  10217
117884 	  90147
117884 	 103296
117884 	   2996
117884 	  90137
124477 	  92753
124477 	  88141
124477 	  91563
124477 	  15511
124477 	 109693
124477 	 122022
124477 	   8980
124477 	  93171
124477 	  91926
124477 	 108185
124477 	  85972
124477 	  91637
124477 	 109370
124477 	 120065
124477 	 128974
124477 	  96900
124477 	 114259
124477 	   2251
124477 	   1531
124477 	  52786
 81262 	  59539
 81262 	  78533
 81262 	  95182
 81262 	  52768
 81262 	 107934
 81262 	  65408
 81262 	  10217
 81262 	 117081
 81262 	  53672
 81262 	  44074
 81262 	 105815
 81262 	   2332
 81262 	 103296
 81262 	  72992
 81262 	  16479
 81262 	  77153
 81262 	  76449
 81262 	  66221
 48486 	  78533
 48486 	  95182
 48486 	  28241
 48486 	  82246
 48486 	  65408
 48486 	  10217
 48486 	 117081
 48486 	  31490
 48486 	 114535
 48486 	  94785
 48486 	   2332
 48486 	  77153
 48486 	   8179
 48486 	  66221
 48486 	 108273
106697 	  82246
106697 	  10217
106697 	  92250
 74286 	  10217
 74286 	  90147
 74286 	  53672
 74286 	  77153
 74286 	   2996
 74286 	  90137
124177 	  82555
124177 	   2332
124177 	  48486
 65782 	  81305
 65782 	 205919
 65782 	  69026
 65782 	  51289
 65782 	  10274
 65782 	  79768
 65782 	  81262
116898 	  18307
116898 	  15972
100142 	  82503
100142 	   2996
100142 	  37931
 98469 	  81305
 98469 	 205919
 98469 	  69026
 98469 	  51289
 98469 	  10274
 98469 	  79768
 98469 	  81262
119685 	  81305
119685 	  81262
128471 	  50275
128471 	  82555
128471 	  52768
128471 	   2986
128471 	  28241
128471 	  82503
128471 	  53672
128471 	 127855
128471 	  93950
128471 	  58481
128471 	 105815
128471 	   5103
128471 	   5133
128471 	 101463
128471 	 114673
128471 	  79310
128471 	   2996
128471 	  92527
128471 	 108174
128471 	  48486
128471 	  37931
128471 	  27623
128471 	  51767
 77148 	 105200
 96223 	  91563
 96223 	   8980
 96223 	 109370
 96223 	 128974
 96223 	  96900
 96223 	 119685
 70314 	  10217
115258 	  82503
118432 	  62372
118432 	  18307
118432 	  29716
118432 	  10217
118432 	  53672
118432 	  44074
118432 	 105733
118432 	 103296
118432 	  66221
118432 	  15972
118432 	 105413
118432 	  37931
  2267 	  78533
  2267 	  65408
  2267 	  10217
  2267 	   2332
  2267 	  77153
  2267 	  66221
  2267 	  77148
115465 	  10217
115465 	  53672
115465 	 103296
101809 	  92753
101809 	  88141
101809 	  91563
101809 	  15511
101809 	 109693
101809 	 122022
101809 	   8980
101809 	  93171
101809 	 110268
101809 	  91926
101809 	 108185
101809 	  85972
101809 	  91637
101809 	 109370
101809 	  91880
101809 	 120065
101809 	 128974
101809 	 101365
101809 	 122945
101809 	  96900
101809 	 114259
101809 	   2251
101809 	   1531
101809 	  52786
101809 	 116898
101809 	 119685
101809 	 121308
 48728 	  10217
109399 	  58481
109399 	  79310
109399 	  48486
 86335 	  79310
 86335 	  48486
 95513 	  81305
 95513 	 205919
 95513 	  69026
 95513 	  51289
 95513 	  10274
 95513 	  79768
 95513 	  81262
 95513 	  48728
 94015 	  81305
 94015 	  69026
 94015 	  10274
 94015 	  81262
 94015 	  48728
117213 	  82555
117213 	  10217
117213 	  37931
 18023 	  82503
 18023 	  53672
 18023 	   2996
 18023 	  37931
117950 	  81305
117950 	  69026
117950 	  10274
117950 	  79768
117950 	  81262
117950 	  48728
109086 	  82246
109086 	  10217
109086 	  92250
109086 	    514
 79171 	  81305
 79171 	  69026
126974 	  82555
126974 	  82246
126974 	  10217
126974 	  53672
126974 	   2996
126974 	  48486
126974 	  37931
105523 	  82503
103091 	  59539
103091 	  92014
103091 	  52768
103091 	   2986
103091 	  28241
103091 	  82503
103091 	  65863
103091 	  53672
103091 	 127855
103091 	  67362
103091 	  58481
103091 	 105815
103091 	   5103
103091 	 101463
103091 	 114673
103091 	  79310
103091 	  37464
103091 	   2996
103091 	  92527
103091 	  48486
103091 	  37931
103091 	  51767
103091 	   3715
103091 	    514
103091 	  94005
 67993 	  67993
 61753 	  67993
 93696 	 109370
 58883 	  62372
 58883 	  18307
 58883 	  29716
 58883 	  10217
 58883 	  53672
 58883 	 103296
 58883 	  15972
 58883 	 100142
 58883 	  67993
123022 	 119884
100744 	  82555
118234 	  10217
118234 	  53672
122171 	  77148
115883 	   9595
115883 	  77148
115883 	  67993
 67672 	  10217
 67672 	  53672
 52250 	  81305
 52250 	 205919
 52250 	  69026
 52250 	  10274
 52250 	  79768
 52250 	  81262
 52250 	  48728
121157 	 119685
121157 	 121157
 31394 	  78533
 31394 	  82555
 31394 	  95182
 31394 	 105200
 31394 	  65408
 31394 	  10217
 31394 	 117081
 31394 	  31490
 31394 	   2332
 31394 	  77153
 31394 	  66221
 31394 	 108273
 31394 	 105413
 31394 	  27623
 31394 	  77148
 31394 	  65978
 31394 	 105523
 31394 	  67993
123045 	  10217
123045 	 116115
123045 	 103296
123045 	  37931
123045 	  67993
126651 	  10217
126651 	  53672
126651 	  77153
126651 	  77148
126651 	  81503
 92509 	  10217
 92509 	  53672
 92509 	 103296
 92509 	  72992
 92509 	  77153
 92509 	  77148
 92509 	  67993
113681 	  88141
113681 	  92014
 75661 	  82555
 75661 	  10217
 75661 	  37931
 66563 	  82555
 66563 	  95182
 66563 	  65408
 66563 	  10217
 66563 	  53672
 66563 	   2996
 66563 	  37931
 66563 	  67993
 66563 	  81503
100172 	   9595
101850 	  77153
101850 	  77148
 50309 	  51289
 50309 	  48728
 91740 	  96511
 91740 	  39079
 91740 	  91563
 91740 	 110571
 91740 	  88333
 91740 	  70752
 91740 	 130780
 91740 	  92865
 91740 	 108185
 91740 	 122600
 91740 	 116898
 91740 	 105156
 91740 	  95409
 91740 	  94015
 91740 	 117213
 91740 	 113610
 91740 	 121157
 59944 	  91563
 59944 	   8980
 59944 	  91926
 59944 	  91637
 59944 	 109370
 59944 	 120065
 59944 	 128974
 59944 	  52786
 59944 	 116898
 59944 	 119685
 59944 	  94015
 59944 	 109086
 59944 	 121157
 80885 	  50275
 80885 	  82555
 80885 	 105200
 80885 	  28241
 80885 	 117081
 80885 	 111407
 80885 	  58481
 80885 	 116522
 80885 	 114673
 80885 	   2996
 80885 	 108174
 80885 	 107489
 80885 	 105413
 80885 	  48486
 80885 	  37931
 80885 	  27623
 80885 	    514
 80885 	 119884
 80885 	  81503
 80885 	  62878
103733 	  82246
103733 	  10217
103733 	  92250
103733 	    514
103733 	  81503
100737 	  95182
100737 	  65408
108765 	  81305
108765 	  69026
108765 	  10274
108765 	  81262
108765 	  48728
 99548 	  92753
 99548 	  88141
 99548 	  15511
 99548 	 109693
 99548 	   8980
 99548 	 129131
 99548 	  93171
 99548 	  91926
 99548 	 108185
 99548 	  85972
 99548 	  91637
 99548 	 109370
 99548 	 120065
 99548 	 128974
 99548 	 101365
 99548 	  96900
 99548 	 114259
 99548 	   2251
 99548 	   1531
 99548 	  52786
 99548 	 116898
 99548 	 119685
 99548 	  94015
 99548 	 117213
 99548 	 109086
 99548 	 121157
 99548 	  91740
 99548 	 119270
 86131 	  82555
 86131 	  10217
 86131 	  79310
 86131 	  37931
 86131 	  67993
127707 	  90147
127707 	  53672
127707 	 103296
127707 	   2996
127707 	  90137
127707 	  37931
127707 	  77148
127707 	  67993
127707 	  81503
119890 	  82246
119890 	  10217
119890 	  92250
119890 	  53672
119890 	    514
119890 	  81503
103084 	   9595
103084 	  81306
103084 	  69633
103084 	  16404
130419 	  81305
130419 	  10274
130419 	  81262
130419 	  48728
130419 	  86131
117924 	  82246
117924 	  10217
117924 	  92250
117924 	  53672
117924 	    514
117924 	  81503
 62617 	  59944
 96495 	   9595
 95929 	  77148
 95929 	  67993
 97187 	  82503
102704 	  65408
131601 	  95182
131601 	  65408
124365 	  92753
124365 	  88141
124365 	  91563
124365 	  15511
124365 	 109693
124365 	 122022
124365 	   8980
124365 	 129131
124365 	  93171
124365 	 110268
124365 	  91926
124365 	 108185
124365 	  85972
124365 	  91637
124365 	 109370
124365 	  91880
124365 	 120065
124365 	 128974
124365 	 101365
124365 	 122945
124365 	  96900
124365 	 114259
124365 	   2251
124365 	   1531
124365 	  52786
124365 	 116898
124365 	 119685
124365 	 121308
124365 	  94015
124365 	 117213
124365 	 109086
124365 	 121157
124365 	  91740
124365 	 119270
124365 	  68575
128822 	  77148
128975 	  10274
128975 	  81262
128975 	  48728
128975 	  86131
128975 	  86570
126225 	  10274
126225 	  81262
126225 	  48728
126225 	  86131
126225 	  86570
125108 	  82503
 97464 	 129131
 97464 	 126721
 97464 	  66308
 97464 	  58632
 97464 	  62268
 97464 	  58416
 97464 	 130419
113639 	  28241
113639 	  58481
113639 	 114673
113639 	  79310
113639 	   2996
113639 	  48486
113639 	  37931
113639 	    514
113639 	  81503
 52076 	  66308
 52076 	  51767
 52076 	  93696
 52076 	  75661
 52076 	 130419
 34899 	  81305
 34899 	 205919
 34899 	  69026
 34899 	  10274
 34899 	  81262
 34899 	  48728
 34899 	  80885
 34899 	  86131
 34899 	  86570
129520 	  65887
117925 	  82555
117925 	  10217
117925 	  79310
117925 	   2996
117925 	  48486
117925 	  37931
117925 	  81503
103602 	  67993
103602 	  34899
129161 	   2986
129161 	  28241
129161 	  90147
129161 	  67362
129161 	  67846
129161 	  53106
129161 	  81306
129161 	  69633
129161 	  37464
129161 	   2996
129161 	  90137
129161 	  16404
129161 	  48486
129161 	    514
129161 	  81503
129161 	  69636
 61674 	  81305
 61674 	 205919
 61674 	  69026
 61674 	 109370
 61674 	  10274
 61674 	  79768
 61674 	  81262
 61674 	  70314
 61674 	  48728
 61674 	  31394
 61674 	  80885
 61674 	  86131
 61674 	  86570
 95496 	  10217
111453 	  16404
111453 	  77148
 82662 	  82555
 82662 	  10217
 82662 	  72992
 82662 	  77153
 82662 	   2996
 82662 	  77148
 82662 	  67993
 82662 	  81503
 64212 	  92753
 64212 	  88141
 64212 	  91563
 64212 	  15511
 64212 	 109693
 64212 	   8980
 64212 	  93171
 64212 	  91926
 64212 	 108185
 64212 	  85972
 64212 	  91637
 64212 	 109370
 64212 	 120065
 64212 	 128974
 64212 	  96900
 64212 	 114259
 64212 	   2251
 64212 	   1531
 64212 	  52786
 64212 	 116898
 64212 	 119685
 64212 	  94015
 64212 	 117213
 64212 	 109086
 64212 	 121157
 64212 	  91740
 64212 	 119270
 64212 	  68575
 64212 	 123702
 64212 	 113068
 64212 	  73555
 64212 	 121983
 89982 	  82555
 89982 	 105200
 89982 	  82246
 89982 	  10217
 89982 	 117081
 89982 	  92250
 89982 	 107458
 89982 	   2996
 89982 	 107489
 89982 	  48486
 89982 	  37931
 89982 	    514
 89982 	  81503
 89982 	 119890
122396 	  59944
122396 	 101248
 88019 	  82555
118243 	  95182
118243 	  65408
130833 	  95182
130833 	  62372
130833 	 114621
130833 	  18307
130833 	  65408
130833 	  29716
130833 	  10217
130833 	  90147
130833 	 117081
130833 	  53672
130833 	  58481
130833 	 103296
130833 	  66221
130833 	   2996
130833 	  15972
130833 	  90137
130833 	 107489
130833 	  37931
130833 	  79171
130833 	  67993
130833 	  81503
130833 	  70788
130833 	 119890
114929 	  90154
114929 	  31770
114929 	  77153
114929 	  65192
114929 	  77148
114929 	  67993
 58385 	  81305
 58385 	 205919
 58385 	  69026
 58385 	  51289
 58385 	  10274
 58385 	  81262
 58385 	  48728
 58385 	  59944
 58385 	  80885
 58385 	  86131
 58385 	  86570
 58385 	  89982
105144 	  59944
130531 	 129131
130531 	 126721
130531 	  66308
130531 	  58632
130531 	  62268
130531 	 130419
130531 	  31821
 69502 	  81305
 69502 	 205919
 69502 	  69026
 69502 	  10274
 69502 	  79768
 69502 	  81262
 69502 	  70314
 69502 	  48728
 69502 	  31394
 69502 	  59944
 69502 	  80885
 69502 	  86131
 69502 	  86570
 69502 	  89982
 92655 	  31821
  3476 	  72992
 98306 	 109399
122256 	  82555
122256 	  95182
122256 	 105200
122256 	  82246
122256 	  10217
122256 	  92250
122256 	  94332
122256 	  53672
122256 	  37464
122256 	   2996
122256 	 107489
122256 	  48486
122256 	  37931
122256 	    514
122256 	  81503
122256 	 119890
