  9595 	   9595
100617 	   9595
118052 	   9595
 96511 	   9595
117976 	   9595
110641 	  96511
110641 	 110641
 90154 	   9595
 90154 	   4793
 90154 	  90154
 50275 	  81305
 93163 	   9595
 93163 	  81305
119680 	   9595
 91563 	   9595
130665 	   9595
 95573 	  96511
 95573 	 110641
 95573 	  93163
 97838 	 100617
 97838 	 130387
 97838 	   4793
 97838 	 102380
 97838 	  39337
 97838 	  90154
 97838 	 128397
 97838 	  80076
 97838 	 126869
 80370 	   9595
 80370 	  81305
 80370 	  82555
106302 	   4793
128844 	  82555
128844 	  95182
106205 	   9595
106205 	   4793
106205 	  90154
127533 	   9595
127533 	  81305
127533 	 205919
110571 	   9595
109693 	  82555
122022 	   9595
122022 	  81305
 18307 	   9595
  8980 	   9595
  8980 	  81305
 91848 	   9595
 91848 	  92753
 91848 	   4793
 91848 	  81305
 91848 	  95182
125052 	   9595
129131 	  81305
129131 	 205919
131018 	  81305
131018 	  82555
131018 	  95182
126626 	  82555
126626 	 105200
126626 	 125052
  9967 	  81305
  9967 	 205919
113027 	   9595
113027 	   4793
113027 	  81305
113027 	 205919
113027 	  95182
113027 	   9967
124999 	   4793
124999 	  90154
124999 	   9967
130983 	 100617
130983 	 118052
130983 	   4793
130983 	  90154
130983 	  93163
130983 	 119680
130983 	 126869
130983 	  62372
130983 	 114621
130983 	  18307
130983 	  96738
130983 	 131018
130983 	   9967
 93171 	  81305
114379 	  82555
131151 	  82246
102278 	 124999
 65408 	  82246
103813 	  50275
103813 	  82555
103813 	 105200
103813 	  28241
103813 	  82246
127649 	   9595
127649 	  82246
 95603 	  82246
 63310 	 106567
 63310 	 100617
 63310 	 113401
 63310 	  94908
 63310 	  94927
 63310 	 118052
 63310 	  96511
 63310 	 130387
 63310 	 117891
 63310 	  39337
 63310 	 110641
 63310 	  93163
 63310 	 119680
 63310 	 128397
 63310 	 130665
 63310 	  95573
 63310 	  80076
 63310 	 126869
 63310 	 126040
 63310 	  62372
 63310 	 106302
 63310 	 105200
 63310 	 127533
 63310 	 110571
 63310 	  88333
 63310 	  18307
 63310 	  96738
 63310 	 130780
 63310 	 125052
 63310 	 107934
 63310 	 131018
 63310 	 126200
 63310 	 126626
 63310 	 124999
 63310 	  51213
 63310 	  29716
 63310 	 101280
 63310 	 103813
 63310 	  95603
 10217 	  92014
 10217 	 125052
 10217 	 124999
 10217 	 126721
 10217 	 127649
 90147 	  85402
 95442 	   9595
 95442 	  10217
  7012 	   4793
  7012 	   9967
117081 	   9595
117081 	  81305
117081 	  10217
 92865 	  10217
  5646 	   9595
  5646 	   4793
  5646 	 105455
  5646 	   9967
  5646 	  10217
 92250 	 106567
 92250 	 100617
 92250 	 113401
 92250 	  94908
 92250 	  94927
 92250 	 118052
 92250 	  96511
 92250 	 130387
 92250 	   4793
 92250 	 117891
 92250 	  39337
 92250 	 117976
 92250 	 110641
 92250 	  90154
 92250 	  50275
 92250 	  93163
 92250 	 119680
 92250 	 128397
 92250 	 100225
 92250 	 130665
 92250 	  95573
 92250 	  80076
 92250 	 126869
 92250 	 126040
 92250 	  62372
 92250 	  76155
 92250 	  75030
 92250 	 106302
 92250 	 127533
 92250 	 110571
 92250 	 114621
 92250 	  88333
 92250 	  18307
 92250 	  96738
 92250 	 130780
 92250 	  91848
 92250 	 125052
 92250 	 131018
 92250 	 126200
 92250 	 126626
 92250 	   9967
 92250 	 113027
 92250 	 124999
 92250 	 114379
 92250 	  51213
 92250 	  29716
 92250 	 101280
 92250 	 103813
 92250 	  85402
 92250 	  95603
 92250 	  63310
 92250 	  90147
 92250 	   7012
 92250 	  92865
 92250 	   5646
 94332 	  10217
 31490 	 110641
 31490 	  93163
 31490 	  39079
 31490 	 110571
 31490 	  88333
 31490 	  70752
 31490 	 125052
 31490 	 113027
 31490 	 124999
114535 	   9595
114535 	 205919
114535 	  82555
114535 	  95182
114535 	  10217
114535 	  82503
 96113 	   9595
 96113 	   4793
 96113 	  81305
 96113 	 205919
 96113 	  95182
 96113 	   9967
 96113 	  82246
 96113 	  65408
 96113 	  10217
 96113 	  82503
 96113 	  69026
129859 	  10217
129859 	  82503
102078 	  82555
102078 	  10217
102078 	  82503
102503 	  94908
102503 	  94927
102503 	  96511
102503 	 117891
102503 	 119680
102503 	 106302
102503 	 131018
102503 	  85402
102503 	  96113
 51289 	   9595
 51289 	  81305
 51289 	 205919
 51289 	  82555
 51289 	  65408
 51289 	  10217
 51289 	  82503
 51289 	  69026
111407 	  10217
111407 	  82503
122840 	   9595
122840 	  81305
122840 	 205919
122840 	  10217
122840 	  82503
122840 	  69026
100909 	  90154
100909 	  85402
 65863 	 100617
 65863 	  94908
 65863 	 110641
 65863 	 125052
 65863 	 126626
 65863 	 124999
 65863 	  85402
 65863 	  96113
 65863 	 129859
108185 	  82555
108185 	  10217
108185 	  82503
108185 	  51289
 99477 	   9595
 99477 	  82246
 99477 	  10217
 99477 	  82503
117951 	   9595
117951 	  10217
105970 	 105200
105970 	  82246
105970 	  92250
105970 	 129859
 75641 	   4793
 75641 	  81305
 75641 	  95182
 75641 	  65408
 75641 	  82503
 75641 	  69026
 75641 	  53672
129134 	  10217
129134 	  82503
131017 	  82555
131017 	  82246
131017 	  10217
101510 	 125052
127855 	  10217
127855 	  66308
127855 	  82503
116115 	  10217
116115 	  82503
127451 	  81305
127451 	  10217
127451 	  82503
127451 	  51289
  4363 	  82246
  4363 	  82503
  4363 	  51289
 85890 	  85402
 67362 	 106567
 67362 	  92753
 67362 	  59539
 67362 	 102380
 67362 	  50275
 67362 	 119680
 67362 	 128397
 67362 	  82555
 67362 	  52768
 67362 	   5543
 67362 	 105200
 67362 	  15511
 67362 	  66388
 67362 	 114621
 67362 	 122022
 67362 	 125052
 67362 	 105455
 67362 	 124999
 67362 	  28241
 67362 	  82246
 67362 	  93171
 67362 	 131151
 67362 	 102278
 67362 	 127649
 67362 	  66308
 67362 	  91926
 67362 	   7012
 67362 	 117081
 67362 	  92250
 67362 	  82503
 67362 	  31490
 67362 	  96113
 67362 	 129859
 67362 	  51289
 67362 	 111407
 67362 	 113290
 67362 	  65863
 67362 	  53672
 67362 	 105970
 67362 	 129134
 67362 	 131017
 67362 	  44074
 67362 	  67362
 31770 	  10217
 31770 	  82503
119111 	  82555
119111 	  31770
119325 	   9595
119325 	  10217
119325 	  82503
119325 	  31770
129644 	  82555
129644 	  90147
129644 	  31770
 93950 	   4793
 93950 	   9967
 58481 	  85402
 58481 	  31770
 70646 	  10217
 70646 	  82503
118363 	  82555
 53106 	  82503
105815 	  31770
129960 	 130387
129960 	 110641
129960 	  50275
129960 	 110571
129960 	  88333
129960 	 130780
129960 	 125052
129960 	 126200
129960 	 124999
129960 	  95603
129960 	  92250
129960 	 129859
129960 	 113290
129960 	 100909
129960 	 129134
 81306 	  10217
 81306 	  82503
101892 	  31770
130986 	   4793
130986 	   9967
130986 	  10217
130986 	  31770
 85972 	  10217
 85972 	  82503
 94785 	   9595
 94785 	  10217
 94785 	  82503
 94785 	  31770
115173 	   9595
115173 	  81305
115173 	 205919
115173 	  10217
115173 	  82503
115173 	  69026
115173 	  81306
104295 	   9595
104295 	 205919
104295 	  82503
104295 	  31770
104295 	  81306
124419 	  10217
124419 	  82503
124419 	  51289
128492 	  82555
128492 	  31770
  2332 	  82246
  2332 	  10217
  2332 	  82503
122251 	  82246
122251 	  10217
122251 	  82503
122251 	  51289
 52894 	   9595
 52894 	  85402
 52894 	  10217
 52894 	  82503
105733 	  31770
103296 	 127102
103296 	  92014
103296 	 128844
103296 	 125052
103296 	 105455
103296 	 124999
103296 	 130983
103296 	  82246
103296 	 126721
103296 	  66308
103296 	  82503
103296 	  94264
103296 	 127855
103296 	  93950
103296 	 129960
 72992 	   9595
 72992 	  81305
 72992 	  82555
 72992 	  82246
 72992 	  10217
 72992 	  90147
 72992 	  82503
 72992 	  53672
 72992 	  72992
  2911 	  82246
  2911 	  10217
  2911 	  82503
 16479 	 110641
 16479 	  50275
 16479 	  82555
 16479 	 105200
 16479 	 125052
 16479 	 124999
 16479 	  28241
 16479 	  92250
 16479 	 129859
 65887 	   4793
 65887 	  82555
 65887 	  95182
 65887 	   9967
 65887 	  82246
 65887 	  65408
 65887 	  10217
 65887 	  82503
 65887 	  53672
 65887 	  31770
 65887 	  72992
 65887 	  65887
 36327 	  10217
 36327 	  82503
130217 	  82555
128762 	   9595
128762 	  81305
128762 	 205919
128762 	  10217
128762 	  82503
128762 	  69026
128762 	  31770
125839 	  82555
 43129 	  85402
 43129 	  10217
 43129 	  31770
  5103 	 106567
  5103 	 110641
  5103 	  93163
  5103 	 128397
  5103 	   5543
  5103 	 105200
  5103 	 125052
  5103 	 113027
  5103 	 124999
  5103 	   7012
  5103 	 117081
  5103 	  92250
  5103 	 129859
  5103 	 111407
  5103 	  65863
  5103 	 105970
  5103 	 129134
  5103 	 130218
  5103 	 129644
  5103 	 115173
  5103 	 124419
  5103 	 105733
  5103 	 125839
 77153 	  10217
 77153 	  82503
 77153 	  53672
  8179 	   4793
  8179 	   9967
  8179 	  31770
109370 	  82555
  2622 	  81305
  2622 	  10217
  2622 	  82503
  2622 	  31770
 97207 	   9595
 97207 	  82503
 97207 	  31770
 97207 	  81306
 97207 	  65887
  5133 	   9595
  5133 	  82503
 76449 	   9595
 76449 	 106567
 76449 	 100617
 76449 	 113401
 76449 	  94908
 76449 	  92753
 76449 	  94927
 76449 	  88141
 76449 	 127102
 76449 	  59539
 76449 	 118052
 76449 	  96511
 76449 	 130387
 76449 	   4793
 76449 	 102380
 76449 	 117891
 76449 	  39337
 76449 	 117976
 76449 	 110641
 76449 	  81305
 76449 	  90154
 76449 	  50275
 76449 	  93163
 76449 	 119680
 76449 	  92014
 76449 	  39079
 76449 	 128397
 76449 	  91563
 76449 	 100225
 76449 	 130665
 76449 	  95573
 76449 	 205919
 76449 	  80076
 76449 	 127242
 76449 	  78533
 76449 	 126869
 76449 	  97838
 76449 	  82555
 76449 	  95182
 76449 	  52768
 76449 	   2986
 76449 	   5543
 76449 	  80370
 76449 	 126040
 76449 	  62372
 76449 	  76155
 76449 	  75030
 76449 	 106302
 76449 	 128844
 76449 	 106205
 76449 	 105200
 76449 	  15511
 76449 	  66388
 76449 	 127533
 76449 	 114621
 76449 	 109693
 76449 	  99902
 76449 	 122022
 76449 	  88333
 76449 	  18307
 76449 	  96738
 76449 	  70752
 76449 	   8980
 76449 	 130780
 76449 	  91848
 76449 	 125052
 76449 	 107934
 76449 	 129131
 76449 	 131018
 76449 	 126200
 76449 	 105455
 76449 	 126626
 76449 	   9967
 76449 	 113027
 76449 	 124999
 76449 	  28241
 76449 	 130983
 76449 	  82246
 76449 	  93171
 76449 	 114379
 76449 	 131151
 76449 	  51213
 76449 	 126721
 76449 	 102278
 76449 	  65408
 76449 	  29716
 76449 	 101280
 76449 	 110268
 76449 	  85402
 76449 	 101160
 76449 	 127649
 76449 	  63310
 76449 	  10217
 76449 	  90147
 76449 	  66308
 76449 	  91926
 76449 	  95442
 76449 	   7012
 76449 	 117081
 76449 	  92865
 76449 	   5646
 76449 	  92250
 76449 	  82503
 76449 	  94332
 76449 	  31490
 76449 	  69026
 76449 	 114535
 76449 	  96113
 76449 	 129859
 76449 	 102078
 76449 	 102503
 76449 	  94264
 76449 	 111407
 76449 	 113290
 76449 	 122840
 76449 	 100909
 76449 	  65863
 76449 	  53672
 76449 	 108185
 76449 	  99477
 76449 	 117951
 76449 	 105970
 76449 	  75641
 76449 	 129134
 76449 	 131017
 76449 	  72459
 76449 	 101510
 76449 	  44074
 76449 	 127855
 76449 	 116115
 76449 	 127451
 76449 	 130218
 76449 	   4363
 76449 	  85890
 76449 	  67362
 76449 	  31770
 76449 	 119111
 76449 	 119325
 76449 	 129644
 76449 	  93950
 76449 	  58481
 76449 	  70646
 76449 	 101544
 76449 	 118363
 76449 	  67846
 76449 	 100782
 76449 	  53106
 76449 	 105815
 76449 	 129960
 76449 	  81306
 76449 	 101892
 76449 	 126216
 76449 	 130986
 76449 	  85972
 76449 	 129434
 76449 	  94785
 76449 	 115173
 76449 	 104295
 76449 	 124419
 76449 	 128492
 76449 	  91637
 76449 	 102383
 76449 	   2332
 76449 	 122251
 76449 	  68681
 76449 	 125161
 76449 	  52894
 76449 	 103296
 76449 	  72992
 76449 	   2911
 76449 	  16479
 76449 	  65887
 76449 	  36327
 76449 	 130217
 76449 	 119311
 76449 	 128762
 76449 	 125839
 76449 	  43129
 76449 	   5103
 76449 	  77153
 76449 	 124080
 76449 	   8179
 76449 	 109370
 76449 	   2622
 76449 	  97207
 76449 	   5133
 76449 	  76449
 51513 	  51513
 91880 	   9595
 91880 	  81305
 91880 	 205919
 91880 	  10217
 91880 	  82503
 91880 	  69026
 91880 	  53672
 91880 	  81306
103133 	  31770
103133 	  51513
101463 	  82503
101463 	  69026
101463 	  77153
101463 	  51513
108127 	  31770
108127 	  51513
120065 	  82555
120065 	  28241
120065 	  82246
120065 	  66308
120065 	  92250
120065 	  82503
120065 	  51289
120065 	  65863
120065 	  53672
120065 	  67362
120065 	  70646
120065 	  51513
 95336 	   9595
 95336 	   4793
 95336 	   9967
 95336 	  82503
 95336 	  81306
 95336 	  65887
 95336 	  51513
114673 	   9595
114673 	  81305
114673 	 205919
114673 	  82555
114673 	  95182
114673 	  28241
114673 	  82246
114673 	  65408
114673 	  10217
114673 	  82503
114673 	  69026
114673 	  51289
114673 	  81306
114673 	  65887
114673 	  51513
107568 	 205919
107568 	  82246
107568 	  10217
107568 	  82503
107568 	  51289
107568 	  81306
107568 	  51513
 96012 	  10217
 96012 	  82503
 96012 	  31770
 96012 	  51513
111666 	  10217
111666 	  82503
111666 	  51513
125990 	  10217
125990 	  82503
125990 	  81306
125990 	  51513
129208 	  82555
129208 	  10217
129208 	  82503
129208 	  51289
129208 	  51513
 98252 	  51513
 73957 	  82246
 73957 	  10217
 73957 	  82503
 73957 	  51513
118768 	  51513
 85142 	 106567
 85142 	 113401
 85142 	 118052
 85142 	  96511
 85142 	 130387
 85142 	 110641
 85142 	  50275
 85142 	 119680
 85142 	  39079
 85142 	 100225
 85142 	  95573
 85142 	 126869
 85142 	  82555
 85142 	 126040
 85142 	 105200
 85142 	 110571
 85142 	 114621
 85142 	  88333
 85142 	  96738
 85142 	  70752
 85142 	 130780
 85142 	 125052
 85142 	 107934
 85142 	 131018
 85142 	 124999
 85142 	  28241
 85142 	  95603
 85142 	   7012
 85142 	  92865
 85142 	  92250
 85142 	  96113
 85142 	 129859
 85142 	 111407
 85142 	 113290
 85142 	 100909
 85142 	  65863
 85142 	 117951
 85142 	 105970
 85142 	 131017
 85142 	 115173
 85142 	 104295
 85142 	 124419
 85142 	 105733
 85142 	   2911
 85142 	 125839
 85142 	 116522
 85142 	  76449
 85142 	  51513
 85142 	 103133
 85142 	 114673
 85142 	 107568
 85142 	  96012
 85142 	 111666
 69633 	  51513
128974 	   9595
128974 	   4793
128974 	 125052
128974 	 124999
128974 	 102278
128974 	  66308
128974 	  81306
128974 	  65887
128974 	  51513
128974 	  69633
 79310 	  51513
101365 	  82246
101365 	  82503
101365 	 129859
101365 	  51513
  3208 	 106567
  3208 	  94908
  3208 	  96511
  3208 	 130387
  3208 	 110641
  3208 	  93163
  3208 	 119680
  3208 	 130665
  3208 	 126869
  3208 	 106302
  3208 	 110571
  3208 	  88333
  3208 	 130780
  3208 	 125052
  3208 	 131018
  3208 	 126200
  3208 	 126626
  3208 	 113027
  3208 	 124999
  3208 	  96113
  3208 	 129859
  3208 	  94264
  3208 	 100909
  3208 	 129134
  3208 	 131017
  3208 	 127451
  3208 	 130218
  3208 	 104295
  3208 	 124419
  3208 	 128492
  3208 	  68681
  3208 	 125839
  3208 	 124080
  3208 	  97207
  3208 	  51513
  3208 	 103133
  3208 	 107568
  3208 	  96012
  3208 	 111666
  3208 	 129208
 10274 	  96511
 10274 	 130387
 10274 	 110641
 10274 	  93163
 10274 	 119680
 10274 	 110571
 10274 	  88333
 10274 	 130780
 10274 	 125052
 10274 	 131018
 10274 	 126200
 10274 	 113027
 10274 	 124999
 10274 	  96113
 10274 	 129859
 10274 	 100909
 10274 	 129134
 10274 	 127451
 10274 	 130218
 10274 	 104295
 10274 	 124419
 10274 	 125839
 10274 	  51513
 10274 	 103133
 10274 	 107568
 10274 	  96012
 10274 	 129208
 79768 	  10217
 79768 	  82503
 79768 	  51289
 79768 	  51513
 99159 	  51513
 66221 	  82555
 66221 	 105200
 66221 	  28241
 66221 	  82246
 66221 	  82503
 66221 	  51289
 66221 	  65863
 66221 	  53672
 66221 	  51513
 65192 	  51513
122945 	  81305
122945 	 205919
122945 	  82246
122945 	  10217
122945 	  82503
122945 	  51289
122945 	  51513
122945 	  69633
122945 	  10274
119617 	   9595
119617 	   4793
119617 	   9967
119617 	  10217
119617 	  75641
119617 	  31770
119617 	  81306
119617 	  65887
119617 	  77153
119617 	  69633
107458 	  10217
107458 	  82503
107458 	  51513
 99455 	  10217
 99455 	  82503
 99455 	  51513
101673 	  31770
101673 	  51513
 96900 	  31770
 96900 	  51513
114259 	  51513
102481 	  81305
102481 	  10217
102481 	  82503
102481 	  51289
102481 	  51513
119112 	  31770
119112 	  51513
  2524 	  94908
  2524 	 106205
  2524 	  99902
  2524 	 105455
  2524 	  85402
  2524 	  99477
  2524 	 101510
  2524 	  31770
  2524 	  51513
  2524 	  95336
  2524 	 107568
  2524 	  98252
  2524 	  65192
  2524 	 102481
 37464 	  82503
 37464 	  51513
 93866 	  51513
108273 	 100617
108273 	  94908
108273 	   4793
108273 	 102380
108273 	  90154
108273 	  92014
108273 	 128397
108273 	  80076
108273 	 126869
108273 	 126040
108273 	 106205
108273 	  99902
108273 	 125052
108273 	 126200
108273 	 126626
108273 	   9967
108273 	 124999
108273 	 131151
108273 	  85402
108273 	  96113
108273 	 129859
108273 	 102503
108273 	  94264
108273 	 100909
108273 	  99477
108273 	 129134
108273 	  31770
108273 	   2911
108273 	 124080
108273 	   2622
108273 	  95336
108273 	 107568
108273 	  98252
108273 	  65192
108273 	  99455
108273 	 102481
  2996 	  31770
  2996 	  51513
115606 	   9595
115606 	  10217
115606 	  82503
115606 	  51513
120998 	  82246
120998 	  10217
120998 	  82503
120998 	  51513
 15972 	   9595
 15972 	  10217
 15972 	  82503
 15972 	  31770
 15972 	  81306
 15972 	  77153
 15972 	  51513
 15972 	  69633
110588 	   4793
110588 	  31770
110588 	  72992
110588 	  51513
 92527 	   9595
 92527 	  81305
 92527 	 205919
 92527 	  10217
 92527 	  82503
 92527 	  69026
 92527 	  53672
 92527 	  81306
 92527 	  51513
 92527 	  69633
 92527 	  10274
 92527 	  79768
101749 	   9595
101749 	   4793
101749 	  90154
101749 	  75030
101749 	   9967
101749 	  85402
101749 	  75641
101749 	  31770
101749 	  81306
101749 	  65887
101749 	  51513
101749 	  95336
101749 	  69633
108174 	  51513
  2251 	  82503
  2251 	  51513
  2251 	  79310
 75566 	  92250
 75566 	 129859
 75566 	  51513
 75566 	 108174
 52224 	  10217
 52224 	  82503
 52224 	  51289
 52224 	  53672
 52224 	  51513
 52224 	  10274
 52224 	   2996
103677 	   9595
103677 	  10217
103677 	  82503
103677 	  51289
103677 	  51513
103677 	  69633
122600 	  51513
  1531 	  50275
  1531 	  82555
  1531 	 105200
  1531 	  28241
  1531 	  82246
  1531 	  82503
  1531 	  65863
  1531 	  51513
  1531 	   2996
  1531 	 108174
 62649 	  92014
 62649 	 125052
 62649 	 124999
 62649 	 126721
 62649 	 127649
 62649 	  82503
 62649 	  93950
 62649 	   2911
 62649 	  51513
 90137 	   9595
 90137 	  81305
 90137 	  82246
 90137 	  10217
 90137 	  82503
 90137 	  31770
 90137 	  51513
 90137 	  69633
 90137 	  10274
 94602 	  92753
 94602 	  88141
 94602 	 118052
 94602 	  90154
 94602 	  93163
 94602 	  92014
 94602 	  39079
 94602 	 128397
 94602 	  91563
 94602 	 205919
 94602 	  80076
 94602 	  78533
 94602 	 126869
 94602 	  52768
 94602 	   5543
 94602 	 126040
 94602 	  62372
 94602 	  66388
 94602 	 122022
 94602 	  18307
 94602 	  70752
 94602 	   8980
 94602 	 130780
 94602 	 125052
 94602 	 107934
 94602 	 126200
 94602 	 105455
 94602 	   9967
 94602 	 113027
 94602 	 124999
 94602 	  93171
 94602 	 114379
 94602 	  51213
 94602 	 126721
 94602 	 102278
 94602 	  29716
 94602 	 127649
 94602 	  92250
 94602 	  31490
 94602 	  69026
 94602 	 129859
 94602 	  53672
 94602 	 117951
 94602 	  75641
 94602 	 131017
 94602 	  72459
 94602 	  44074
 94602 	 127855
 94602 	 127451
 94602 	  85890
 94602 	 119325
 94602 	  93950
 94602 	 105815
 94602 	  81306
 94602 	 101892
 94602 	 126216
 94602 	 130986
 94602 	   2332
 94602 	  68681
 94602 	 125161
 94602 	 105733
 94602 	 103296
 94602 	   2911
 94602 	  65887
 94602 	 119311
 94602 	 128762
 94602 	   5103
 94602 	 109370
 94602 	  97207
 94602 	   5133
 94602 	  76449
 94602 	 101463
 94602 	 120065
 94602 	 114673
 94602 	 107568
 94602 	  79310
 94602 	   3208
 94602 	  10274
 94602 	  79768
 94602 	  66221
 94602 	  65192
 94602 	 101673
 94602 	 114259
 94602 	 119112
 94602 	   2524
 94602 	 115606
 94602 	  15972
 94602 	 108174
 94602 	   2251
 94602 	  52224
 94602 	   1531
 94602 	  94602
 82318 	 106567
 82318 	 100617
 82318 	 113401
 82318 	  94908
 82318 	  92753
 82318 	  94927
 82318 	  88141
 82318 	 127102
 82318 	  59539
 82318 	 118052
 82318 	  96511
 82318 	 130387
 82318 	   4793
 82318 	 117891
 82318 	  39337
 82318 	 117976
 82318 	 110641
 82318 	  90154
 82318 	  50275
 82318 	  93163
 82318 	 119680
 82318 	  92014
 82318 	  39079
 82318 	 128397
 82318 	  91563
 82318 	 100225
 82318 	 130665
 82318 	  95573
 82318 	 205919
 82318 	  80076
 82318 	 127242
 82318 	  78533
 82318 	 126869
 82318 	  97838
 82318 	  82555
 82318 	  95182
 82318 	  52768
 82318 	   2986
 82318 	   5543
 82318 	  80370
 82318 	 126040
 82318 	  62372
 82318 	  76155
 82318 	  75030
 82318 	 106302
 82318 	 128844
 82318 	 106205
 82318 	 105200
 82318 	  15511
 82318 	  66388
 82318 	 127533
 82318 	 110571
 82318 	 114621
 82318 	 109693
 82318 	  99902
 82318 	 122022
 82318 	  88333
 82318 	  18307
 82318 	  96738
 82318 	  70752
 82318 	   8980
 82318 	 130780
 82318 	  91848
 82318 	 125052
 82318 	 107934
 82318 	 129131
 82318 	 131018
 82318 	 126200
 82318 	 105455
 82318 	 126626
 82318 	   9967
 82318 	 113027
 82318 	 124999
 82318 	  28241
 82318 	 130983
 82318 	  82246
 82318 	  93171
 82318 	 114379
 82318 	 131151
 82318 	  51213
 82318 	 126721
 82318 	 102278
 82318 	  65408
 82318 	  29716
 82318 	 101280
 82318 	 110268
 82318 	 103813
 82318 	  85402
 82318 	 101160
 82318 	 127649
 82318 	  95603
 82318 	  63310
 82318 	  90147
 82318 	  66308
 82318 	  91926
 82318 	  95442
 82318 	   7012
 82318 	 117081
 82318 	  92865
 82318 	   5646
 82318 	  92250
 82318 	  82503
 82318 	  94332
 82318 	  31490
 82318 	 114535
 82318 	  96113
 82318 	 129859
 82318 	 102078
 82318 	 102503
 82318 	  51289
 82318 	  94264
 82318 	 111407
 82318 	 113290
 82318 	 122840
 82318 	 100909
 82318 	  65863
 82318 	  53672
 82318 	 108185
 82318 	  99477
 82318 	 117951
 82318 	 105970
 82318 	  75641
 82318 	 129134
 82318 	 131017
 82318 	  72459
 82318 	 101510
 82318 	  44074
 82318 	 127855
 82318 	 116115
 82318 	 127451
 82318 	 130218
 82318 	   4363
 82318 	  85890
 82318 	  67362
 82318 	  31770
 82318 	 119111
 82318 	 119325
 82318 	 129644
 82318 	  93950
 82318 	  58481
 82318 	  70646
 82318 	 101544
 82318 	 118363
 82318 	  67846
 82318 	 100782
 82318 	  53106
 82318 	 105815
 82318 	 129960
 82318 	  81306
 82318 	 101892
 82318 	 126216
 82318 	 130986
 82318 	  85972
 82318 	 129434
 82318 	  94785
 82318 	 115173
 82318 	 104295
 82318 	 124419
 82318 	 128492
 82318 	  91637
 82318 	 102383
 82318 	   2332
 82318 	 122251
 82318 	  68681
 82318 	 125161
 82318 	  52894
 82318 	 105733
 82318 	 103296
 82318 	  72992
 82318 	   2911
 82318 	  16479
 82318 	  36327
 82318 	 130217
 82318 	 119311
 82318 	 128762
 82318 	 125839
 82318 	  43129
 82318 	   5103
 82318 	  77153
 82318 	 124080
 82318 	   8179
 82318 	 109370
 82318 	   2622
 82318 	  97207
 82318 	 116522
 82318 	   5133
 82318 	  76449
 82318 	  51513
 82318 	 103133
 82318 	 101463
 82318 	 108127
 82318 	 120065
 82318 	  95336
 82318 	 114673
 82318 	 107568
 82318 	  96012
 82318 	 111666
 82318 	 125990
 82318 	 129208
 82318 	  98252
 82318 	  73957
 82318 	 118768
 82318 	  85142
 82318 	 128974
 82318 	  79310
 82318 	 101365
 82318 	   3208
 82318 	  79768
 82318 	  99159
 82318 	  66221
 82318 	  65192
 82318 	 122945
 82318 	 119617
 82318 	 107458
 82318 	  99455
 82318 	 101673
 82318 	  96900
 82318 	 114259
 82318 	 102481
 82318 	 119112
 82318 	   2524
 82318 	  37464
 82318 	 108273
 82318 	   2996
 82318 	 115606
 82318 	 120998
 82318 	  15972
 82318 	 110588
 82318 	  92527
 82318 	 101749
 82318 	 108174
 82318 	   2251
 82318 	  75566
 82318 	  52224
 82318 	 103677
 82318 	 122600
 82318 	   1531
 82318 	  62649
 82318 	  90137
 82318 	  94602
 82318 	  82318
 64266 	  82555
 64266 	 105200
 64266 	  10217
 64266 	  90147
 64266 	  92250
 64266 	  31770
 64266 	  72992
 64266 	  51513
 64266 	 107458
 64266 	  90137
 64266 	  82318
 64266 	  64266
 58632 	  82555
 58632 	  10217
 58632 	  82503
 58632 	  51513
 58632 	  79310
 58632 	  64266
 83275 	  31770
 83275 	  51513
 83275 	  82318
 83275 	  64266
 62268 	   9595
 62268 	  81305
 62268 	 205919
 62268 	  10217
 62268 	  82503
 62268 	  69026
 62268 	  53672
 62268 	  81306
 62268 	  65887
 62268 	  51513
 62268 	  69633
 62268 	  10274
 62268 	  79768
 62268 	  64266
115220 	   9595
115220 	   4793
115220 	   9967
115220 	  75641
115220 	  31770
115220 	  81306
115220 	  65887
115220 	  77153
115220 	  51513
115220 	 101463
115220 	 107568
115220 	  69633
115220 	  52224
115220 	  64266
115220 	  58632
107489 	  82555
107489 	 105200
107489 	  10217
107489 	  92250
107489 	  31770
107489 	  51513
107489 	 107458
107489 	  82318
107489 	  64266
107489 	 107489
 58416 	  85402
 58416 	  85890
 58416 	  31770
 58416 	  51513
 58416 	  65192
 58416 	  82318
 58416 	  64266
 52786 	 106567
 52786 	 113401
 52786 	  96511
 52786 	 130387
 52786 	 110641
 52786 	  50275
 52786 	 119680
 52786 	 100225
 52786 	 130665
 52786 	  95573
 52786 	 126869
 52786 	  62372
 52786 	 106302
 52786 	 110571
 52786 	  88333
 52786 	  96738
 52786 	 130780
 52786 	 125052
 52786 	 131018
 52786 	 126200
 52786 	 126626
 52786 	 124999
 52786 	  95603
 52786 	  92250
 52786 	  96113
 52786 	 129859
 52786 	 113290
 52786 	 100909
 52786 	 105970
 52786 	 129134
 52786 	 131017
 52786 	 127451
 52786 	 101892
 52786 	 115173
 52786 	 104295
 52786 	 124419
 52786 	 128492
 52786 	  68681
 52786 	 125839
 52786 	 124080
 52786 	 116522
 52786 	  51513
 52786 	 103133
 52786 	 114673
 52786 	 107568
 52786 	  96012
 52786 	 129208
 52786 	  79310
 52786 	 119617
 52786 	 107458
 52786 	 110588
 52786 	 101749
 52786 	 108174
 52786 	  82318
 52786 	 115220
 52786 	 107489
 16404 	  10217
 16404 	  82503
 16404 	  51513
 16404 	  64266
 16404 	  16404
117884 	   4793
117884 	  90154
117884 	   9967
117884 	  85402
117884 	 129134
117884 	  31770
117884 	 102383
117884 	  77153
117884 	  51513
117884 	  95336
117884 	  65192
117884 	  62649
117884 	  82318
117884 	  64266
105413 	   9595
105413 	  81305
105413 	 205919
105413 	  10217
105413 	  82503
105413 	  69026
105413 	  31770
105413 	  77153
105413 	  51513
105413 	  69633
105413 	  10274
105413 	  79768
105413 	  64266
105413 	  16404
124477 	 106567
124477 	  94908
124477 	  96511
124477 	 130387
124477 	 110641
124477 	  93163
124477 	 119680
124477 	  39079
124477 	 130665
124477 	 126869
124477 	 126040
124477 	  75030
124477 	 106302
124477 	 110571
124477 	  88333
124477 	  70752
124477 	 130780
124477 	 125052
124477 	 131018
124477 	 126200
124477 	 126626
124477 	 113027
124477 	 124999
124477 	 114379
124477 	  96113
124477 	 129859
124477 	  94264
124477 	 100909
124477 	 131017
124477 	 130218
124477 	 104295
124477 	 124419
124477 	 128492
124477 	  68681
124477 	 125839
124477 	 124080
124477 	  51513
124477 	 103133
124477 	 107568
124477 	  96012
124477 	 111666
124477 	  73957
124477 	 119617
124477 	 119112
124477 	 101749
124477 	  75566
124477 	 103677
124477 	 122600
124477 	  94602
124477 	  82318
124477 	 115220
124477 	 124477
 81262 	   4793
 81262 	 128397
 81262 	  80076
 81262 	 125052
 81262 	   9967
 81262 	 124999
 81262 	 129134
 81262 	 102383
 81262 	   2911
 81262 	  51513
 81262 	  64266
 48486 	 100617
 48486 	  94908
 48486 	 130387
 48486 	   4793
 48486 	 102380
 48486 	  39337
 48486 	  90154
 48486 	 128397
 48486 	  80076
 48486 	 126869
 48486 	 126040
 48486 	 106205
 48486 	  99902
 48486 	 125052
 48486 	 126200
 48486 	   9967
 48486 	 124999
 48486 	 131151
 48486 	  85402
 48486 	 129859
 48486 	 102503
 48486 	  94264
 48486 	 100909
 48486 	  99477
 48486 	 129134
 48486 	 101510
 48486 	  31770
 48486 	   2911
 48486 	  36327
 48486 	   2622
 48486 	  51513
 48486 	  95336
 48486 	 107568
 48486 	  98252
 48486 	  65192
 48486 	  99455
 48486 	 102481
 48486 	  52224
 48486 	  62649
 48486 	  82318
 48486 	  64266
 48486 	  83275
 37931 	  82555
 37931 	  51513
 37931 	  64266
101648 	  31770
101648 	  72992
101648 	  51513
101648 	  82318
101648 	  64266
101648 	 107489
111297 	   9595
111297 	  82246
111297 	  10217
111297 	  82503
111297 	  31770
111297 	  77153
111297 	  51513
111297 	  69633
111297 	  64266
127221 	   9595
127221 	  81305
127221 	 205919
127221 	  95182
127221 	  65408
127221 	  10217
127221 	  82503
127221 	  69026
127221 	  53672
127221 	  31770
127221 	  81306
127221 	  77153
127221 	  51513
127221 	  69633
127221 	  10274
127221 	  79768
127221 	  64266
127221 	  16404
127221 	  81262
106697 	  82503
106697 	  51513
106697 	  69633
106697 	  82318
106697 	  64266
 74286 	   4793
 74286 	  51513
 74286 	  95336
 74286 	  64266
 27623 	  88141
 27623 	   4793
 27623 	  90154
 27623 	  91563
 27623 	 205919
 27623 	 106205
 27623 	 109693
 27623 	  70752
 27623 	   9967
 27623 	  93171
 27623 	 100909
 27623 	  75641
 27623 	  85890
 27623 	 125161
 27623 	  65887
 27623 	  77153
 27623 	 107568
 27623 	  79768
 27623 	  96900
 27623 	 114259
 27623 	 119112
 27623 	  58632
 27623 	  58416
 27623 	 111297
 34379 	   9595
 34379 	  81305
 34379 	 205919
 34379 	  10217
 34379 	  82503
 34379 	  69026
 34379 	  51289
 34379 	  31770
 34379 	  81306
 34379 	  77153
 34379 	  51513
 34379 	  69633
 34379 	  10274
 34379 	  79768
 34379 	  64266
 34379 	  16404
 34379 	  81262
 95781 	   9595
 95781 	  82246
 95781 	  10217
 95781 	  82503
 95781 	  31770
 95781 	  77153
 95781 	  51513
 95781 	  69633
 95781 	  64266
 95781 	  16404
124177 	  85402
124177 	  51513
124177 	  64266
 65782 	  51513
 65782 	  82318
 65782 	  64266
 65782 	  34379
116898 	  95182
116898 	  82503
116898 	  53672
116898 	  44074
116898 	   5133
116898 	  51513
116898 	  64266
116898 	  37931
100142 	  31770
100142 	  72992
100142 	  51513
100142 	  82318
100142 	  64266
 51767 	  72992
 51767 	  51513
 51767 	  64266
 28201 	  50275
 28201 	  82555
 28201 	 105200
 28201 	  28241
 28201 	  82246
 28201 	  10217
 28201 	  66308
 28201 	  82503
 28201 	  51289
 28201 	  65863
 28201 	  53672
 28201 	  67362
 28201 	  58481
 28201 	  70646
 28201 	  52894
 28201 	  51513
 28201 	  79310
 28201 	  37464
 28201 	   2996
 28201 	 108174
 28201 	  82318
 28201 	  64266
 28201 	  52786
 28201 	  16404
 28201 	 105413
 28201 	  48486
 28201 	  37931
 28201 	  34379
 28201 	  65782
 74885 	   9595
 74885 	  81305
 74885 	  85402
 74885 	  10217
 74885 	  82503
 74885 	  69026
 74885 	  51513
 74885 	  95336
 74885 	  69633
 74885 	  10274
 74885 	  82318
 74885 	  64266
 74885 	  81262
105156 	  10217
105156 	  82503
105156 	  51513
105156 	  64266
119717 	  81305
119717 	 205919
119717 	  10217
119717 	  82503
119717 	  51513
119717 	  69633
119717 	  10274
119717 	  64266
119717 	  16404
119717 	  81262
 95409 	  10217
 95409 	  82503
 95409 	  31770
 95409 	  51513
 95409 	  69633
 95409 	  64266
 95409 	  16404
124225 	 205919
124225 	  10217
124225 	  82503
124225 	  51513
124225 	  10274
124225 	  79768
124225 	  64266
124225 	  81262
 99213 	 205919
 99213 	  10217
 99213 	  82503
 99213 	  69026
 99213 	  51513
 99213 	  10274
 99213 	  79768
 99213 	  64266
 99213 	  81262
 98469 	  51513
 98469 	  64266
 98469 	  34379
119685 	  31770
119685 	  51513
119685 	  82318
119685 	  64266
121308 	 205919
121308 	  10217
121308 	  82503
121308 	  51289
121308 	  53672
121308 	  51513
121308 	  10274
121308 	   2996
121308 	  64266
121308 	  16404
121308 	  81262
121308 	  37931
128471 	 106567
128471 	 128397
128471 	   5543
128471 	 105200
128471 	 114621
128471 	 125052
128471 	 124999
128471 	   7012
128471 	 117081
128471 	 129859
128471 	 111407
128471 	  65863
128471 	 105970
128471 	 129134
128471 	 115173
128471 	 124419
128471 	  36327
128471 	 125839
128471 	  51513
128471 	 107458
128471 	 110588
128471 	  94602
128471 	  64266
128471 	 107489
128471 	 105413
128471 	 124477
128471 	 127221
128471 	 106697
128471 	 124177
 77148 	  10217
 77148 	  82503
 77148 	  81306
 77148 	  51513
 77148 	  69633
 77148 	  64266
 77148 	  16404
 96223 	 110641
 96223 	 106302
 96223 	 110571
 96223 	 131018
 96223 	 113027
 96223 	  96113
 96223 	 129859
 96223 	 100909
 96223 	 104295
 96223 	 124419
 96223 	  51513
 96223 	 103133
 96223 	 107568
 96223 	  96012
 96223 	 119617
 96223 	 101749
 96223 	  82318
 96223 	  64266
 96223 	 115220
 96223 	  95781
 70314 	  31770
 70314 	  51513
 70314 	  64266
  3715 	   9595
  3715 	  81305
  3715 	 205919
  3715 	  10217
  3715 	  82503
  3715 	  69026
  3715 	  31770
  3715 	  81306
  3715 	  77153
  3715 	  69633
  3715 	  10274
  3715 	  79768
  3715 	  64266
  3715 	  16404
  3715 	  81262
  3715 	  77148
  3715 	  70314
115258 	  51513
115258 	  64266
 69513 	  82555
 69513 	 105200
 69513 	  28241
 69513 	  82246
 69513 	  92250
 69513 	  82503
 69513 	  51289
 69513 	  65863
 69513 	  53672
 69513 	  58481
 69513 	  51513
 69513 	  79310
 69513 	  37464
 69513 	   2996
 69513 	  82318
 69513 	  64266
 69513 	  52786
 69513 	 105413
 69513 	  48486
 69513 	  37931
 69513 	  34379
 87759 	  10217
 87759 	  82503
 87759 	  51513
 87759 	  10274
 87759 	  64266
 87759 	  16404
 87759 	  81262
 87759 	  34379
126248 	   9595
126248 	  81305
126248 	 205919
126248 	  95182
126248 	  65408
126248 	  10217
126248 	  82503
126248 	  69026
126248 	  31770
126248 	  81306
126248 	  77153
126248 	  51513
126248 	  69633
126248 	  10274
126248 	  79768
126248 	  64266
126248 	  16404
126248 	  81262
126248 	  77148
126248 	  70314
102995 	  82246
102995 	  82503
102995 	  51513
102995 	  64266
120346 	  82246
120346 	  10217
120346 	  82503
120346 	  51289
120346 	  51513
120346 	  82318
120346 	  64266
118432 	  77153
118432 	  51513
118432 	 107568
118432 	  65192
118432 	  64266
118432 	  87759
  2267 	   4793
  2267 	  90154
  2267 	   9967
  2267 	  85402
  2267 	  31770
  2267 	  51513
  2267 	  95336
  2267 	 107568
  2267 	  65192
  2267 	  62649
  2267 	  64266
  2267 	  74885
  2267 	  87759
   514 	 113401
   514 	  92753
   514 	 127102
   514 	  59539
   514 	  96511
   514 	 130387
   514 	 110641
   514 	  50275
   514 	  93163
   514 	 119680
   514 	  92014
   514 	  39079
   514 	  91563
   514 	 100225
   514 	  95573
   514 	 127242
   514 	  82555
   514 	  52768
   514 	   2986
   514 	   5543
   514 	 126040
   514 	 128844
   514 	 106205
   514 	 105200
   514 	  15511
   514 	 110571
   514 	 122022
   514 	  96738
   514 	  70752
   514 	   8980
   514 	 130780
   514 	 125052
   514 	 129131
   514 	 131018
   514 	 126200
   514 	 113027
   514 	 124999
   514 	  28241
   514 	 130983
   514 	  93171
   514 	 114379
   514 	 131151
   514 	 126721
   514 	 102278
   514 	  29716
   514 	 127649
   514 	  95603
   514 	  66308
   514 	  91926
   514 	   7012
   514 	 117081
   514 	  92250
   514 	  82503
   514 	 114535
   514 	  96113
   514 	 129859
   514 	  51289
   514 	  94264
   514 	 111407
   514 	 100909
   514 	  65863
   514 	  53672
   514 	 108185
   514 	 117951
   514 	 105970
   514 	 129134
   514 	 131017
   514 	  44074
   514 	 127855
   514 	 130218
   514 	   4363
   514 	  67362
   514 	 119325
   514 	  58481
   514 	  70646
   514 	 105815
   514 	 129960
   514 	 126216
   514 	 130986
   514 	  85972
   514 	 115173
   514 	 104295
   514 	  91637
   514 	   2332
   514 	 105733
   514 	  36327
   514 	 119311
   514 	  43129
   514 	   5103
   514 	 109370
   514 	  97207
   514 	   5133
   514 	  76449
   514 	  51513
   514 	 103133
   514 	 101463
   514 	 108127
   514 	 120065
   514 	 114673
   514 	 107568
   514 	  96012
   514 	 128974
   514 	  79310
   514 	 107458
   514 	  96900
   514 	 114259
   514 	  37464
   514 	 108273
   514 	   2996
   514 	 115606
   514 	 110588
   514 	  92527
   514 	 101749
   514 	 108174
   514 	   1531
   514 	  58632
   514 	  62268
   514 	 115220
   514 	 105413
   514 	  48486
   514 	  37931
   514 	 111297
   514 	 127221
   514 	  27623
   514 	  95781
   514 	  51767
   514 	 105156
   514 	  95409
   514 	  99213
   514 	  98469
   514 	 119685
   514 	 121308
   514 	   3715
   514 	 115258
   514 	    514
 82463 	   9595
 82463 	  82555
 82463 	  10217
 82463 	  90147
 82463 	  82503
 82463 	  53672
 82463 	  31770
 82463 	  81306
 82463 	  77153
 82463 	  51513
 82463 	  69633
 82463 	  10274
 82463 	   2996
 82463 	  90137
 82463 	  82318
 82463 	  64266
 82463 	  16404
 82463 	  81262
 82463 	  37931
 82463 	  77148
115465 	   9595
115465 	  31770
115465 	  77153
115465 	  51513
115465 	  69633
115465 	  64266
115465 	  16404
115465 	  77148
115465 	  82463
107890 	   9595
107890 	  82246
107890 	  10217
107890 	  82503
107890 	  81306
107890 	  51513
107890 	  69633
107890 	  64266
107890 	  16404
107890 	  82463
 95790 	  51513
 95790 	  82318
 95790 	  64266
 95350 	  10217
 95350 	  82503
 95350 	  51513
 95350 	  64266
101486 	  81305
101486 	 205919
101486 	  10217
101486 	  82503
101486 	  51513
101486 	  10274
101486 	  82318
101486 	  64266
101486 	  81262
101486 	  82463
101809 	 106567
101809 	 100617
101809 	  94908
101809 	  94927
101809 	  96511
101809 	 130387
101809 	 117891
101809 	  39337
101809 	 110641
101809 	  93163
101809 	 119680
101809 	  39079
101809 	 128397
101809 	 130665
101809 	  80076
101809 	 126869
101809 	 126040
101809 	  75030
101809 	 106302
101809 	 110571
101809 	  88333
101809 	  70752
101809 	 130780
101809 	 125052
101809 	 131018
101809 	 126200
101809 	 126626
101809 	 113027
101809 	 124999
101809 	 114379
101809 	  92865
101809 	   5646
101809 	  96113
101809 	 129859
101809 	 102503
101809 	  94264
101809 	 100909
101809 	  99477
101809 	 131017
101809 	 127451
101809 	 130218
101809 	 129644
101809 	 129434
101809 	 104295
101809 	 124419
101809 	 128492
101809 	  68681
101809 	   2911
101809 	 125839
101809 	 124080
101809 	  97207
101809 	  51513
101809 	 103133
101809 	 107568
101809 	  96012
101809 	 111666
101809 	 129208
101809 	  98252
101809 	  73957
101809 	  99159
101809 	 119617
101809 	  99455
101809 	 119112
101809 	 101749
101809 	  75566
101809 	 103677
101809 	 122600
101809 	  94602
101809 	  82318
101809 	 115220
101809 	 124477
101809 	 106697
101809 	  95781
101809 	  74885
101809 	 105156
101809 	  95409
101809 	  99213
101809 	  98469
101809 	 128471
101809 	 115258
101809 	 126248
101809 	 102995
101809 	 118432
101809 	 115465
101809 	  95350
101809 	 101486
101809 	 101809
 48728 	   9595
 48728 	  82503
 48728 	  31770
 48728 	  81306
 48728 	  77153
 48728 	  51513
 48728 	  69633
 48728 	  82318
 48728 	  64266
 48728 	  16404
 48728 	  77148
109399 	  82246
109399 	  10217
109399 	  82503
109399 	  51513
109399 	  64266
 86335 	  82246
 86335 	  82503
 86335 	  51513
 86335 	  64266
 61797 	  81305
 61797 	 205919
 61797 	  10217
 61797 	  82503
 61797 	  69026
 61797 	  81306
 61797 	  51513
 61797 	  69633
 61797 	  10274
 61797 	  79768
 61797 	  64266
 61797 	  16404
 61797 	  81262
 61797 	  70314
 61797 	  82463
 61797 	  48728
 95513 	  51513
 95513 	  82318
 95513 	  64266
 95513 	  82463
 94015 	  51513
 94015 	  82318
 94015 	  64266
 94015 	  34379
 94015 	  82463
117213 	  85402
117213 	  31770
117213 	  77153
117213 	  51513
117213 	  95336
117213 	  64266
117213 	  77148
117213 	  82463
 94005 	   9595
 94005 	  10217
 94005 	  82503
 94005 	  31770
 94005 	  69633
 94005 	  64266
 94005 	  16404
 94005 	  82463
123976 	   9595
123976 	  81305
123976 	  82555
123976 	  10217
123976 	  82503
123976 	  53672
123976 	  72992
123976 	  51513
123976 	   2996
123976 	  82318
123976 	  64266
123976 	  81262
123976 	  37931
123976 	  82463
123976 	  48728
 18023 	  82555
 18023 	 105200
 18023 	  51513
 18023 	 107489
 65978 	  10217
 65978 	  82503
 65978 	  51513
 65978 	  64266
129747 	  82246
129747 	  10217
129747 	  82503
129747 	  51513
129747 	  64266
117950 	  31770
117950 	  51513
117950 	  82318
117950 	  64266
117950 	  82463
109086 	  82503
109086 	  51513
109086 	  69633
109086 	  82318
109086 	  64266
109086 	  82463
 76438 	  51513
 76438 	  64266
122891 	  82246
122891 	  10217
122891 	  82503
122891 	  51513
122891 	  82318
122891 	  64266
 79171 	   9595
 79171 	 205919
 79171 	  82503
 79171 	  31770
 79171 	  81306
 79171 	  77153
 79171 	  51513
 79171 	  69633
 79171 	  10274
 79171 	  79768
 79171 	  64266
 79171 	  16404
 79171 	  81262
 79171 	  77148
 79171 	  70314
 79171 	  48728
124881 	  82555
124881 	  95182
124881 	  51513
124881 	  64266
124881 	  37931
124881 	  82463
126974 	  51513
126974 	  82318
126974 	  64266
105523 	  31770
105523 	  51513
105523 	  82318
105523 	  64266
129421 	   9595
129421 	  81305
129421 	 205919
129421 	  10217
129421 	  82503
129421 	  69026
129421 	  69633
129421 	  10274
129421 	  79768
129421 	  64266
129421 	  16404
129421 	  81262
129421 	  82463
129421 	  48728
113610 	  10217
113610 	  82503
113610 	  51513
113610 	  64266
113610 	  48728
103091 	 106567
103091 	 130387
103091 	 110641
103091 	  82555
103091 	 105200
103091 	 110571
103091 	 114621
103091 	  70752
103091 	 125052
103091 	 107934
103091 	 124999
103091 	   7012
103091 	  94264
103091 	 111407
103091 	 100909
103091 	 105970
103091 	 115173
103091 	 104295
103091 	 124419
103091 	  36327
103091 	 125839
103091 	 116522
103091 	  51513
103091 	 103133
103091 	 107458
103091 	 110588
103091 	 108174
103091 	 122600
103091 	  64266
103091 	 115220
103091 	 107489
103091 	 127221
103091 	 106697
103091 	 124177
103091 	 115258
103091 	 102995
103091 	 115465
103091 	 107890
103091 	 109399
103091 	 124881
103091 	 113610
 67993 	   9595
 67993 	  82555
 67993 	  90147
 67993 	  31770
 67993 	  51513
 67993 	   2996
 67993 	  90137
 67993 	  82318
 67993 	 107489
 67993 	  37931
 98991 	  10217
 98991 	  82503
 98991 	  64266
 98991 	  16404
110898 	  82555
110898 	 105200
110898 	  28241
110898 	  82246
110898 	  82503
110898 	  51289
110898 	  51513
110898 	  79310
110898 	  37464
110898 	   2996
110898 	 108174
110898 	  82318
110898 	  64266
110898 	 105413
110898 	  37931
110898 	   2267
110898 	    514
 61753 	   9595
 61753 	  95182
 61753 	  65408
 61753 	  90147
 61753 	  53672
 61753 	  81306
 61753 	  51513
 61753 	  69633
 61753 	   2996
 61753 	  90137
 61753 	  82318
 61753 	  64266
 61753 	  16404
 61753 	  37931
 61753 	  82463
 93696 	  51513
 93696 	  82318
 93696 	  64266
 93696 	  34379
 58883 	   9595
 58883 	  90154
 58883 	   9967
 58883 	  85402
 58883 	  75641
 58883 	  31770
 58883 	  81306
 58883 	  65887
 58883 	  43129
 58883 	  77153
 58883 	  51513
 58883 	  95336
 58883 	  69633
 58883 	  65192
 58883 	  62649
 58883 	  82318
 58883 	  64266
 58883 	  16404
 58883 	  74885
 58883 	  77148
 58883 	  87759
 58883 	  82463
 58883 	  65978
 58883 	  61753
119884 	  10217
119884 	  82503
119884 	  51513
119884 	  64266
110974 	  51513
110974 	  64266
123022 	  95182
123022 	  10217
123022 	  82503
123022 	  53672
123022 	  31770
123022 	  51513
123022 	  10274
123022 	   2996
123022 	  64266
123022 	  48486
123022 	  37931
123022 	  82463
100744 	  82503
100744 	  51289
100744 	  51513
100744 	  37464
100744 	   2996
100744 	  64266
100744 	  48486
100744 	 119884
118234 	   9595
118234 	  82503
118234 	  31770
118234 	  77153
118234 	  51513
118234 	  69633
118234 	  82318
118234 	  64266
118234 	  16404
118234 	  77148
118234 	  82463
118234 	  67993
122171 	   9595
122171 	  31770
122171 	  72992
122171 	  51513
122171 	   2996
122171 	  64266
122171 	  82463
122171 	  67993
115883 	  90147
115883 	  31770
115883 	  72992
115883 	  51513
115883 	  90137
115883 	  82318
115883 	  64266
115883 	  82463
103973 	 127102
103973 	 110641
103973 	  92014
103973 	  91563
103973 	  82555
103973 	 128844
103973 	 105200
103973 	  70752
103973 	   8980
103973 	 125052
103973 	 113027
103973 	 124999
103973 	  28241
103973 	 130983
103973 	 126721
103973 	 117081
103973 	  92250
103973 	 129859
103973 	 105970
103973 	 129134
103973 	  58481
103973 	  70646
103973 	 129960
103973 	  85972
103973 	  36327
103973 	 109370
103973 	  51513
103973 	 114673
103973 	 107568
103973 	  79310
103973 	 107458
103973 	  92527
103973 	 108174
103973 	  64266
103973 	 115220
103973 	 107489
103973 	 105413
103973 	  48486
103973 	  27623
103973 	  34379
103973 	 116898
103973 	 102995
103973 	 107890
103973 	 109399
103973 	  93696
103973 	 119884
103973 	 115883
103973 	 103973
 67672 	   9595
 67672 	  82503
 67672 	 129134
 67672 	  31770
 67672 	  81306
 67672 	  77153
 67672 	  51513
 67672 	  69633
 67672 	  64266
 67672 	  16404
 67672 	  77148
 67672 	  67993
111227 	  82503
111227 	  51513
111227 	  64266
111227 	  37931
111227 	  82463
 52250 	   4793
 52250 	  51513
 52250 	  64266
 52250 	  58632
 52250 	  58416
 52250 	  82463
 52250 	  18023
 52250 	  58883
 52250 	  67672
121157 	 110571
121157 	 124419
121157 	  51513
121157 	 101749
121157 	  82318
121157 	  64266
121157 	  95781
121157 	 102995
121157 	 124881
 31394 	 100617
 31394 	   4793
 31394 	 102380
 31394 	  90154
 31394 	 128397
 31394 	  80076
 31394 	 126869
 31394 	 126040
 31394 	 125052
 31394 	 126200
 31394 	   9967
 31394 	 124999
 31394 	  85402
 31394 	 129859
 31394 	  99477
 31394 	 129134
 31394 	  31770
 31394 	   2911
 31394 	   2622
 31394 	  95336
 31394 	 107568
 31394 	  65192
 31394 	  62649
 31394 	  64266
 31394 	  74885
 31394 	  87759
 31394 	  82463
 31394 	 115465
 31394 	  18023
 31394 	  98991
 31394 	  61753
 31394 	  93696
 31394 	 100744
 31394 	 118234
 81503 	  82503
 81503 	  51513
 81503 	  64266
116540 	  51513
116540 	  64266
123045 	  85402
123045 	  31770
123045 	  51513
123045 	  95336
123045 	 107568
123045 	  65192
123045 	  64266
123045 	  74885
123045 	  87759
123045 	  82463
  2268 	   9967
  2268 	  31770
  2268 	  51513
  2268 	  82463
  7303 	  10217
  7303 	  82503
  7303 	  51513
  7303 	   2996
  7303 	  64266
  7303 	  48486
  7303 	  37931
  7303 	  48728
  7303 	  81503
126651 	   9595
126651 	  82503
126651 	  31770
126651 	  51513
126651 	  69633
126651 	  64266
126651 	  82463
126651 	  67993
 92509 	   9595
 92509 	  82503
 92509 	  81306
 92509 	  51513
 92509 	  69633
 92509 	  64266
 92509 	  16404
 82242 	  31770
 82242 	  51513
 82242 	   2996
 82242 	  64266
 82242 	  37931
 82242 	  82463
113681 	 107934
113681 	  51513
113681 	 114673
113681 	   3208
113681 	 108174
113681 	  64266
 75661 	  31770
 75661 	  51513
 75661 	  64266
 66563 	  90154
 66563 	  85402
 66563 	  31770
 66563 	  51513
 66563 	  95336
 66563 	  65192
 66563 	  62649
 66563 	  82318
 66563 	  64266
 66563 	  74885
 66563 	  87759
 66563 	  82463
 66563 	  61753
 62878 	  82246
 62878 	  10217
 62878 	  82503
 62878 	  51513
 62878 	  82318
 62878 	  64266
100172 	  82555
100172 	  51513
100172 	  82318
100172 	  64266
100172 	  82463
108160 	  69026
108160 	  31770
108160 	  77153
108160 	  51513
108160 	  82318
108160 	  64266
108160 	  77148
108160 	  82463
 77586 	  10217
 77586 	  82503
 77586 	  53672
 77586 	  51513
 77586 	   2996
 77586 	  64266
 77586 	  81262
 77586 	  48728
128300 	  10217
128300 	  82503
128300 	  51513
128300 	  82318
128300 	  64266
101850 	   4793
101850 	  63310
101850 	  51513
101850 	   3208
101850 	  37464
101850 	  62649
101850 	  64266
101850 	  37931
101850 	  82463
101850 	  61797
 50309 	  64266
 91740 	 106567
 91740 	  92753
 91740 	  93163
 91740 	 119680
 91740 	 205919
 91740 	   5543
 91740 	  15511
 91740 	  66388
 91740 	 131018
 91740 	 105455
 91740 	 113027
 91740 	  82246
 91740 	  93171
 91740 	 131151
 91740 	 102278
 91740 	  66308
 91740 	  91926
 91740 	  82503
 91740 	  96113
 91740 	  51289
 91740 	 131017
 91740 	 130218
 91740 	 119325
 91740 	 129644
 91740 	  93950
 91740 	  70646
 91740 	 126216
 91740 	  85972
 91740 	 124419
 91740 	  91637
 91740 	  52894
 91740 	  36327
 91740 	 119311
 91740 	 125839
 91740 	 109370
 91740 	  97207
 91740 	  51513
 91740 	 108127
 91740 	 120065
 91740 	  96012
 91740 	 111666
 91740 	  96900
 91740 	 114259
 91740 	   2524
 91740 	  94602
 91740 	  64266
 91740 	  58632
 91740 	  62268
 91740 	  58416
 91740 	  52786
 91740 	 124477
 91740 	 111297
 91740 	 106697
 91740 	  34379
 91740 	  95781
 91740 	  28201
 91740 	 121308
 91740 	 115258
 91740 	 102995
 91740 	 115465
 91740 	  18023
 91740 	 109086
 91740 	 124881
 91740 	 129421
 91740 	  98991
 91740 	 100744
 91740 	   7303
 91740 	 113681
 91740 	  77586
 59944 	  96511
 59944 	 130387
 59944 	 110641
 59944 	  93163
 59944 	  39079
 59944 	 110571
 59944 	  88333
 59944 	  70752
 59944 	 130780
 59944 	 125052
 59944 	 131018
 59944 	 126200
 59944 	 113027
 59944 	 124999
 59944 	  96113
 59944 	 129859
 59944 	 100909
 59944 	 129134
 59944 	 131017
 59944 	 104295
 59944 	 124419
 59944 	 125839
 59944 	  97207
 59944 	  51513
 59944 	 103133
 59944 	 107568
 59944 	  96012
 59944 	 129208
 59944 	 119617
 59944 	 101749
 59944 	  82318
 59944 	  64266
 59944 	 115220
 59944 	 124477
 59944 	 106697
 59944 	  95781
 59944 	 105156
 59944 	  98469
 59944 	 115258
 59944 	 102995
 59944 	 124881
 59944 	 113610
 59944 	 100744
 80885 	 130780
 80885 	 125052
 80885 	 126200
 80885 	 124999
 80885 	  92250
 80885 	 129859
 80885 	 100909
 80885 	 129134
 80885 	  36327
 80885 	  51513
 80885 	 107458
 80885 	 110588
 80885 	  82318
 80885 	  64266
 80885 	  34379
 80885 	  95781
 70788 	 106567
 70788 	  92753
 70788 	 127102
 70788 	  59539
 70788 	 130387
 70788 	 102380
 70788 	 110641
 70788 	  50275
 70788 	  93163
 70788 	 119680
 70788 	  92014
 70788 	 128397
 70788 	  82555
 70788 	  52768
 70788 	   5543
 70788 	 126040
 70788 	 128844
 70788 	 105200
 70788 	  15511
 70788 	  66388
 70788 	 110571
 70788 	 114621
 70788 	 122022
 70788 	  88333
 70788 	  70752
 70788 	 125052
 70788 	 107934
 70788 	 129131
 70788 	 105455
 70788 	 113027
 70788 	 124999
 70788 	  28241
 70788 	 130983
 70788 	  82246
 70788 	  93171
 70788 	 131151
 70788 	 126721
 70788 	 102278
 70788 	 127649
 70788 	  66308
 70788 	  91926
 70788 	   7012
 70788 	 117081
 70788 	  92250
 70788 	  82503
 70788 	  31490
 70788 	  96113
 70788 	 129859
 70788 	  51289
 70788 	  94264
 70788 	 111407
 70788 	 113290
 70788 	 100909
 70788 	  65863
 70788 	  53672
 70788 	 105970
 70788 	 129134
 70788 	 131017
 70788 	  44074
 70788 	 127855
 70788 	 130218
 70788 	   4363
 70788 	  67362
 70788 	 119325
 70788 	 129644
 70788 	  93950
 70788 	  58481
 70788 	  70646
 70788 	 129960
 70788 	 126216
 70788 	  85972
 70788 	 115173
 70788 	 104295
 70788 	 124419
 70788 	  91637
 70788 	  52894
 70788 	 105733
 70788 	 103296
 70788 	  36327
 70788 	 125839
 70788 	   5103
 70788 	 109370
 70788 	  97207
 70788 	 116522
 70788 	   5133
 70788 	  51513
 70788 	 103133
 70788 	 101463
 70788 	 108127
 70788 	 120065
 70788 	 114673
 70788 	 107568
 70788 	 111666
 70788 	  79310
 70788 	 107458
 70788 	  96900
 70788 	 114259
 70788 	   2524
 70788 	  37464
 70788 	   2996
 70788 	 115606
 70788 	 110588
 70788 	  92527
 70788 	 101749
 70788 	 108174
 70788 	 122600
 70788 	  94602
 70788 	  64266
 70788 	  58632
 70788 	  62268
 70788 	 115220
 70788 	 107489
 70788 	  58416
 70788 	  52786
 70788 	 105413
 70788 	 124477
 70788 	  48486
 70788 	  37931
 70788 	 111297
 70788 	 127221
 70788 	 106697
 70788 	  27623
 70788 	  34379
 70788 	  95781
 70788 	 124177
 70788 	 116898
 70788 	  51767
 70788 	 105156
 70788 	  95409
 70788 	 124225
 70788 	 121308
 70788 	   3715
 70788 	 115258
 70788 	 102995
 70788 	    514
 70788 	 115465
 70788 	 107890
 70788 	 109399
 70788 	  94015
 70788 	  94005
 70788 	 123976
 70788 	  18023
 70788 	 109086
 70788 	 124881
 70788 	 129421
 70788 	 113610
 70788 	  98991
 70788 	 119884
 70788 	 100744
 70788 	 122171
 70788 	 115883
 70788 	 103973
 70788 	 111227
 70788 	 121157
 70788 	  81503
 70788 	   2268
 70788 	   7303
 70788 	  92509
 70788 	  82242
 70788 	 113681
 70788 	  66563
 70788 	  62878
 70788 	  77586
 70788 	  50309
 66886 	  10217
 66886 	  82503
 66886 	  31770
 66886 	  77153
 66886 	  51513
 66886 	  69633
 66886 	  64266
 66886 	  77148
 66886 	  67993
 66886 	  66886
103733 	  82503
103733 	  51513
103733 	  69633
103733 	  82318
103733 	  64266
 74664 	   9595
 74664 	  81305
 74664 	 205919
 74664 	  10217
 74664 	  82503
 74664 	  69026
 74664 	  31770
 74664 	  81306
 74664 	  51513
 74664 	  69633
 74664 	  10274
 74664 	  79768
 74664 	  64266
 74664 	  16404
 74664 	  81262
 74664 	  70314
 74664 	  82463
 74664 	  48728
 74664 	  31394
 74664 	  59944
 74664 	  80885
 74664 	  66886
106244 	  81305
106244 	 205919
106244 	  10217
106244 	  82503
106244 	  51513
106244 	  10274
106244 	  82318
106244 	  64266
106244 	  81262
106244 	  82463
106244 	  48728
100737 	   9595
100737 	 205919
100737 	  10217
100737 	  82503
100737 	  53672
100737 	  81306
100737 	  69633
100737 	  10274
100737 	  79768
100737 	   2996
100737 	  64266
100737 	  16404
100737 	  81262
100737 	  70314
100737 	  82463
100737 	  48728
100737 	  67993
100737 	  80885
100737 	  66886
108765 	  31770
108765 	  51513
108765 	  82318
108765 	  64266
108765 	  34379
108765 	  82463
108765 	  66886
119270 	  10217
119270 	  82503
119270 	  51513
119270 	  64266
119270 	  48728
126646 	  10217
126646 	  82503
126646 	  51513
126646 	  64266
108254 	   9595
108254 	  10217
108254 	  82503
108254 	  31770
108254 	  81306
108254 	  77153
108254 	  69633
108254 	  64266
108254 	  16404
108254 	  77148
108254 	  82463
108254 	  67993
108254 	  67672
108254 	  66886
103038 	  81305
103038 	 205919
103038 	  10217
103038 	  82503
103038 	  51289
103038 	  31770
103038 	  51513
103038 	  69633
103038 	  10274
103038 	  79768
103038 	  64266
103038 	  16404
103038 	  81262
103038 	  48728
103038 	  59944
103038 	  80885
103038 	  66886
126048 	   9595
126048 	  81305
126048 	  82503
126048 	  31770
126048 	  51513
126048 	  69633
126048 	  82318
126048 	  48728
126048 	  59944
126048 	  66886
 99548 	 106567
 99548 	 100617
 99548 	  94908
 99548 	  94927
 99548 	  96511
 99548 	 130387
 99548 	 117891
 99548 	 110641
 99548 	  93163
 99548 	 119680
 99548 	  39079
 99548 	 128397
 99548 	 130665
 99548 	 126869
 99548 	  75030
 99548 	 106302
 99548 	 110571
 99548 	  88333
 99548 	  70752
 99548 	 130780
 99548 	 125052
 99548 	 131018
 99548 	 126200
 99548 	 126626
 99548 	 113027
 99548 	 124999
 99548 	 114379
 99548 	  85402
 99548 	  92865
 99548 	  96113
 99548 	 129859
 99548 	 102503
 99548 	  94264
 99548 	 100909
 99548 	  99477
 99548 	 131017
 99548 	 127451
 99548 	 130218
 99548 	 129644
 99548 	 129434
 99548 	 104295
 99548 	 124419
 99548 	 128492
 99548 	  68681
 99548 	   2911
 99548 	 125839
 99548 	 124080
 99548 	  97207
 99548 	  51513
 99548 	 103133
 99548 	  95336
 99548 	 107568
 99548 	  96012
 99548 	 111666
 99548 	 129208
 99548 	  98252
 99548 	  73957
 99548 	  99159
 99548 	 119617
 99548 	  99455
 99548 	 101749
 99548 	 103677
 99548 	 122600
 99548 	  94602
 99548 	  82318
 99548 	 115220
 99548 	 124477
 99548 	 106697
 99548 	  95781
 99548 	  74885
 99548 	 105156
 99548 	  95409
 99548 	  99213
 99548 	  98469
 99548 	 128471
 99548 	 115258
 99548 	 126248
 99548 	 102995
 99548 	 115465
 99548 	 101809
 99548 	  95513
 99548 	 124881
 99548 	 113610
 99548 	 100744
 99548 	 126651
 99548 	  77586
 99548 	 128300
 99548 	 106244
 99548 	 100737
 99548 	 108765
 99548 	 126646
 99548 	 126048
 86131 	  31770
 86131 	  51513
 86131 	  64266
 86131 	  82463
 86131 	  66886
  7854 	  81305
  7854 	  82246
  7854 	  10217
  7854 	  82503
  7854 	  51513
  7854 	  69633
  7854 	  64266
  7854 	  81262
  7854 	  82463
  7854 	  48728
  7854 	  59944
126574 	  51513
126574 	  64266
 66058 	 205919
 66058 	  10217
 66058 	  82503
 66058 	  51289
 66058 	  51513
 66058 	  10274
 66058 	  64266
 66058 	  16404
 66058 	  81262
 66058 	  48728
 66058 	  86131
127707 	   4793
127707 	  63310
127707 	  51513
127707 	   3208
127707 	  82318
127707 	  64266
127707 	 107489
127707 	  82463
127707 	  67672
 94837 	  51513
 94837 	  37464
 94837 	  64266
 94837 	  37931
126274 	   9595
126274 	  81305
126274 	 205919
126274 	  10217
126274 	  82503
126274 	  69026
126274 	  51289
126274 	  31770
126274 	  81306
126274 	  77153
126274 	  51513
126274 	  69633
126274 	  10274
126274 	  79768
126274 	  64266
126274 	  16404
126274 	  81262
126274 	  77148
126274 	  48728
126274 	  67993
126274 	  59944
126274 	  80885
126274 	  66886
126274 	  86131
124069 	   9595
124069 	  10217
124069 	  75641
124069 	  31770
124069 	  77153
124069 	  51513
124069 	  64266
124069 	  77148
124069 	  66886
119890 	  82503
119890 	  81306
119890 	  51513
119890 	  69633
119890 	  82318
119890 	  64266
119890 	  16404
119890 	  82463
 41611 	  10217
 41611 	  82503
 41611 	  51513
 41611 	  10274
 41611 	  79768
 41611 	  64266
 41611 	  16404
 41611 	  48728
 41611 	  80885
 41611 	  86131
127382 	  50275
127382 	  82555
127382 	 105200
127382 	  28241
127382 	  82246
127382 	  10217
127382 	  82503
127382 	  51289
127382 	  65863
127382 	  53672
127382 	 105733
127382 	  51513
127382 	  10274
127382 	  37464
127382 	   2996
127382 	  82318
127382 	  64266
127382 	  52786
127382 	  16404
127382 	 105413
127382 	  37931
127382 	  65782
127382 	   2267
127382 	    514
127382 	  48728
127382 	 119884
127382 	  81503
127382 	   2268
127382 	  62878
127382 	  86131
 60615 	   9595
 60615 	  81305
 60615 	 205919
 60615 	  95182
 60615 	  65408
 60615 	  10217
 60615 	  82503
 60615 	  69026
 60615 	  53672
 60615 	  31770
 60615 	  77153
 60615 	  51513
 60615 	  69633
 60615 	  10274
 60615 	  79768
 60615 	  64266
 60615 	  16404
 60615 	  81262
 60615 	  77148
 60615 	  48728
 60615 	  67993
 60615 	  59944
 60615 	  80885
 60615 	  66886
 60615 	  86131
103084 	  82555
103084 	  95182
103084 	  31770
103084 	  72992
103084 	  51513
103084 	  82318
103084 	  64266
103084 	  82463
103084 	  67672
103084 	  59944
103084 	  66886
130419 	  31770
130419 	  51513
130419 	  82318
130419 	  64266
130419 	  59944
130419 	  66886
 68575 	  10217
 68575 	  82503
 68575 	  51513
 68575 	  64266
117924 	  82503
117924 	  51513
117924 	  69633
117924 	  82318
117924 	  64266
 62617 	   9595
 62617 	  81305
 62617 	  82246
 62617 	  10217
 62617 	  82503
 62617 	  51513
 62617 	  69633
 62617 	  10274
 62617 	  82318
 62617 	  64266
 62617 	  81262
 62617 	  82463
 62617 	  48728
 62617 	  80885
 62617 	  86131
128707 	  82555
128707 	  10217
128707 	  82503
128707 	  51513
128707 	  10274
128707 	  79768
128707 	   2996
128707 	  82318
128707 	  64266
128707 	  48486
128707 	  37931
128707 	  48728
128707 	  81503
128707 	  66886
128707 	  86131
126992 	  82246
126992 	  10217
126992 	  82503
126992 	  31770
126992 	  51513
126992 	  69633
126992 	  64266
126992 	  82463
126992 	  66886
 96495 	  31770
 96495 	  72992
 96495 	  51513
 96495 	  82318
 96495 	  64266
 96495 	  82463
 96495 	  59944
 96495 	  66886
 51984 	   9595
 51984 	   4793
 51984 	  90154
 51984 	  75030
 51984 	   9967
 51984 	  10217
 51984 	  75641
 51984 	  31770
 51984 	  93950
 51984 	  81306
 51984 	 125161
 51984 	  65887
 51984 	  77153
 51984 	  95336
 51984 	  69633
 51984 	  52224
 51984 	  62649
 51984 	  64266
 51984 	  58632
 51984 	  16404
 51984 	  74885
 51984 	  77148
 51984 	  87759
 51984 	  82463
 51984 	  67993
 51984 	  61753
 51984 	  67672
 51984 	  70788
 51984 	  66886
 51984 	  60615
105872 	  10217
105872 	  82503
105872 	  51513
105872 	  69633
105872 	  64266
105872 	  81262
105872 	  48728
101248 	   9595
101248 	 205919
101248 	  95182
101248 	  65408
101248 	  10217
101248 	  82503
101248 	  53672
101248 	  31770
101248 	  81306
101248 	  77153
101248 	  69633
101248 	  10274
101248 	  79768
101248 	   2996
101248 	  64266
101248 	  16404
101248 	  81262
101248 	  77148
101248 	  70314
101248 	  48728
101248 	  59944
101248 	  80885
101248 	  66886
101248 	  86131
124765 	  10217
124765 	  82503
124765 	  81306
124765 	  51513
124765 	  69633
124765 	  64266
124765 	  16404
124765 	  82463
 95929 	  31770
 95929 	  51513
 95929 	  82318
 95929 	  64266
 95929 	 107489
 95929 	  82463
 95929 	  66886
 97187 	  51513
 97187 	  64266
 97187 	  59944
 97187 	  66886
 90122 	  66308
 90122 	  51513
 90122 	  64266
 90122 	  75661
 90122 	  94837
 76123 	  10217
 76123 	  82503
 76123 	  51513
 76123 	  64266
 66016 	  82555
 66016 	  10217
 66016 	  82503
 66016 	  51513
 66016 	  37464
 66016 	   2996
 66016 	  64266
 66016 	  37931
 66016 	  48728
 66016 	  86131
102704 	   9595
102704 	  82246
102704 	  85402
102704 	  10217
102704 	  82503
102704 	  31770
102704 	  81306
102704 	  43129
102704 	  77153
102704 	  51513
102704 	  95336
102704 	  69633
102704 	  82318
102704 	  64266
102704 	  16404
102704 	  77148
102704 	  82463
102704 	  67993
102704 	  67672
102704 	  70788
102704 	  66886
131601 	   9595
131601 	 205919
131601 	  10217
131601 	  82503
131601 	  51289
131601 	  53672
131601 	  81306
131601 	  51513
131601 	  69633
131601 	  10274
131601 	  79768
131601 	   2996
131601 	  64266
131601 	  16404
131601 	  81262
131601 	  37931
131601 	  34379
131601 	  70314
131601 	  82463
131601 	  48728
131601 	  80885
131601 	  66886
131601 	  86131
111569 	  90147
111569 	  31770
111569 	  72992
111569 	  77153
111569 	  51513
111569 	  90137
111569 	  82318
111569 	  64266
111569 	  77148
111569 	  82463
111569 	  67672
111569 	  59944
111569 	  66886
101342 	  82503
101342 	  31770
101342 	  51513
101342 	  64266
101342 	  81503
101342 	  59944
101342 	  66886
 68241 	  51513
 68241 	  64266
124365 	 106567
124365 	 100617
124365 	  94908
124365 	  94927
124365 	  96511
124365 	 130387
124365 	 117891
124365 	  39337
124365 	 110641
124365 	  93163
124365 	 119680
124365 	 128397
124365 	 130665
124365 	  80076
124365 	 126869
124365 	 126040
124365 	 106302
124365 	 110571
124365 	  88333
124365 	 130780
124365 	 125052
124365 	 131018
124365 	 126200
124365 	 126626
124365 	 113027
124365 	 124999
124365 	 114379
124365 	  92865
124365 	   5646
124365 	  96113
124365 	 129859
124365 	 102503
124365 	  94264
124365 	 100909
124365 	  99477
124365 	 131017
124365 	 127451
124365 	 130218
124365 	 129644
124365 	 129434
124365 	 104295
124365 	 124419
124365 	 128492
124365 	  68681
124365 	   2911
124365 	 125839
124365 	 124080
124365 	  97207
124365 	  51513
124365 	 103133
124365 	 107568
124365 	  96012
124365 	 111666
124365 	 129208
124365 	  98252
124365 	  99159
124365 	 119617
124365 	  99455
124365 	 119112
124365 	 101749
124365 	 103677
124365 	 122600
124365 	  94602
124365 	  82318
124365 	 115220
124365 	 124477
124365 	 106697
124365 	  95781
124365 	  74885
124365 	 105156
124365 	  95409
124365 	  99213
124365 	  98469
124365 	 128471
124365 	 115258
124365 	 126248
124365 	 102995
124365 	 118432
124365 	 115465
124365 	 101486
124365 	 101809
124365 	  95513
124365 	  18023
124365 	 124881
124365 	 113610
124365 	 103091
124365 	 126651
124365 	 128300
124365 	 106244
124365 	 100737
124365 	 108765
124365 	 126646
124365 	 126048
124365 	  99548
124365 	 126574
124365 	 127707
124365 	 124069
124365 	 127382
124365 	  60615
124365 	 103084
124365 	 128707
124365 	 126992
124365 	 101248
124365 	 124765
124365 	 102704
124365 	 111569
 86570 	 205919
 86570 	  10217
 86570 	  82503
 86570 	  51513
 86570 	  10274
 86570 	  64266
 86570 	  81262
 86570 	  48728
 86570 	  86131
 86570 	  86570
 97422 	   9595
 97422 	  81305
 97422 	 205919
 97422 	  10217
 97422 	  82503
 97422 	  69026
 97422 	  31770
 97422 	  77153
 97422 	  51513
 97422 	  69633
 97422 	  10274
 97422 	  79768
 97422 	  64266
 97422 	  16404
 97422 	  81262
 97422 	  77148
 97422 	  48728
 97422 	  59944
 97422 	  80885
 97422 	  66886
 97422 	  86131
 97422 	  86570
113690 	  82246
113690 	  10217
113690 	  51513
113690 	  82318
113690 	  64266
113690 	  81262
113690 	  48728
113690 	  86131
113690 	  86570
 94367 	  10217
 94367 	  82503
 94367 	  31770
 94367 	  51513
 94367 	  69633
 94367 	  64266
 94367 	  16404
 94367 	  82463
 94367 	  67993
 94367 	  66886
108883 	  51513
108883 	  82318
108883 	  64266
108883 	  59944
108883 	  66886
128822 	  51513
128822 	  82318
128822 	  64266
128822 	  82463
128822 	  66886
128975 	  51513
128975 	  64266
123702 	  81305
123702 	 205919
123702 	  10217
123702 	  82503
123702 	  69026
123702 	  51513
123702 	  10274
123702 	  79768
123702 	  82318
123702 	  64266
123702 	  81262
123702 	  82463
123702 	  48728
123702 	  80885
123702 	  86131
123702 	  86570
102759 	   9595
102759 	 205919
102759 	  82555
102759 	  95182
102759 	  65408
102759 	  10217
102759 	  82503
102759 	  51289
102759 	  53672
102759 	  31770
102759 	  81306
102759 	  51513
102759 	  69633
102759 	  10274
102759 	  79768
102759 	   2996
102759 	  64266
102759 	  16404
102759 	  81262
102759 	  37931
102759 	  70314
102759 	  82463
102759 	  48728
102759 	  31394
102759 	  59944
102759 	  80885
102759 	  70788
102759 	  66886
102759 	  86131
102759 	  86570
126225 	  51513
126225 	  82318
126225 	  64266
113068 	  81305
113068 	 205919
113068 	  10217
113068 	  82503
113068 	  69026
113068 	  51289
113068 	  31770
113068 	  81306
113068 	  51513
113068 	  69633
113068 	  10274
113068 	  79768
113068 	  64266
113068 	  16404
113068 	  81262
113068 	  70314
113068 	  82463
113068 	  48728
113068 	  59944
113068 	  80885
113068 	  66886
113068 	  86131
113068 	  86570
 95748 	  31770
 95748 	  72992
 95748 	  51513
 95748 	  82318
 95748 	  64266
 95748 	 107489
 95748 	  82463
 95748 	  59944
 95748 	  66886
 95748 	 105872
 76053 	  82555
 76053 	 105200
 76053 	  28241
 76053 	  82246
 76053 	  66308
 76053 	  92250
 76053 	  82503
 76053 	  51289
 76053 	  65863
 76053 	  53672
 76053 	  67362
 76053 	  52894
 76053 	  51513
 76053 	  37464
 76053 	   2996
 76053 	  64266
 76053 	  52786
 76053 	 105413
 76053 	  37931
 76053 	  34379
 76053 	  65782
 76053 	    514
 76053 	  94005
 76053 	 119884
 76053 	  81503
 76053 	   2268
 76053 	  62878
 76053 	  86131
 90406 	  10217
 90406 	  82503
 90406 	  53672
 90406 	  51513
 90406 	  10274
 90406 	   2996
 90406 	  64266
 90406 	  16404
 90406 	  81262
 90406 	  48728
 90406 	  86131
 90406 	  86570
117793 	   9595
117793 	  92753
117793 	  88141
117793 	   4793
117793 	  81305
117793 	 205919
117793 	  95182
117793 	   9967
117793 	  82246
117793 	  65408
117793 	  10217
117793 	  82503
117793 	  69026
117793 	  75641
117793 	  31770
117793 	  81306
117793 	  65887
117793 	  77153
117793 	  51513
117793 	  69633
117793 	  79310
117793 	   3208
117793 	  10274
117793 	  79768
117793 	  64266
117793 	  16404
117793 	 105413
117793 	  81262
117793 	  37931
117793 	  77148
117793 	  70314
117793 	  82463
117793 	  48728
117793 	  67672
117793 	  80885
117793 	  70788
117793 	  66886
117793 	  86131
117793 	  86570
125108 	  51513
125108 	  64266
117490 	  51513
117490 	  64266
117344 	  51513
117344 	  64266
 97464 	 106567
 97464 	 113401
 97464 	 118052
 97464 	  96511
 97464 	 130387
 97464 	 110641
 97464 	  50275
 97464 	 119680
 97464 	  39079
 97464 	 100225
 97464 	  95573
 97464 	 126869
 97464 	  82555
 97464 	 126040
 97464 	 105200
 97464 	 110571
 97464 	 114621
 97464 	  88333
 97464 	  96738
 97464 	  70752
 97464 	 130780
 97464 	 125052
 97464 	 107934
 97464 	 131018
 97464 	 124999
 97464 	  28241
 97464 	  95603
 97464 	   7012
 97464 	  92865
 97464 	  92250
 97464 	  96113
 97464 	 129859
 97464 	 111407
 97464 	 113290
 97464 	 100909
 97464 	  65863
 97464 	 117951
 97464 	 105970
 97464 	 131017
 97464 	 115173
 97464 	 104295
 97464 	 124419
 97464 	 105733
 97464 	   2911
 97464 	 125839
 97464 	 116522
 97464 	  76449
 97464 	  51513
 97464 	 103133
 97464 	 114673
 97464 	 107568
 97464 	  96012
 97464 	  79310
 97464 	 119617
 97464 	 107458
 97464 	 108273
 97464 	 110588
 97464 	 101749
 97464 	 108174
 97464 	 122600
 97464 	  94602
 97464 	 115220
 97464 	 107489
 97464 	 124477
 97464 	 127221
 97464 	 106697
 97464 	  74286
 97464 	  95781
 97464 	 124177
 97464 	 105156
 97464 	 124225
 97464 	  96223
 97464 	 115258
 97464 	 102995
 97464 	 115465
 97464 	 107890
 97464 	  95790
 97464 	 109399
 97464 	  95513
 97464 	  94005
 97464 	 123976
 97464 	  76438
 97464 	 124881
 97464 	 113610
 97464 	  93696
 97464 	 119884
 97464 	 122171
 97464 	 111227
 97464 	  92509
 97464 	  82242
 97464 	  75661
 97464 	  66563
 97464 	  62878
 97464 	  77586
 97464 	 103733
 97464 	  74664
 97464 	 106244
 97464 	 108765
 97464 	 103038
 97464 	 126048
 97464 	  99548
 97464 	 126574
 97464 	 124069
 97464 	  41611
 97464 	 103084
 97464 	  62617
 97464 	 128707
 97464 	  96495
 97464 	 105872
 97464 	 101248
 97464 	 124765
 97464 	  95929
 97464 	 131601
 97464 	 111569
 97464 	 113690
 97464 	 108883
 97464 	 126225
 97464 	  95748
 97464 	 125108
 69636 	   9595
 69636 	  10217
 69636 	  82503
 69636 	  31770
 69636 	  81306
 69636 	  77153
 69636 	  51513
 69636 	  69633
 69636 	  64266
 69636 	  16404
 69636 	  77148
 69636 	  82463
 69636 	  67993
 69636 	  66886
 69636 	  69636
113639 	  82555
113639 	 105200
113639 	  92250
113639 	 129859
113639 	  36327
113639 	  51513
113639 	 107458
113639 	  92527
113639 	 108174
113639 	  82318
113639 	 107489
113639 	 107890
113639 	 119884
113639 	 105872
113639 	 125108
 52076 	  50275
 52076 	  82555
 52076 	  28241
 52076 	 111407
 52076 	 105733
 52076 	  51513
 52076 	  79310
 52076 	 108174
 52076 	 109399
 52076 	 111227
 52076 	 105872
 52076 	 131601
 34899 	  51513
 34899 	  82318
 34899 	  64266
 34899 	  82463
 73555 	  81305
 73555 	  82503
 73555 	  69026
 73555 	  51513
 73555 	  82318
 73555 	  64266
 73555 	  81262
 73555 	  48728
 73555 	  59944
 73555 	  66886
 73555 	  86570
 94032 	  10217
 94032 	  82503
 94032 	  51289
 94032 	  51513
 94032 	  64266
 94032 	  48728
 94032 	  86131
 94032 	  86570
 98993 	  31770
 98993 	  51513
 98993 	  64266
 98993 	  82463
 98993 	  59944
 98993 	  66886
129520 	   4793
129520 	  10217
129520 	  77153
129520 	  51513
129520 	  64266
129520 	  82463
129520 	  59944
129520 	  66886
 50841 	  31770
 50841 	  51513
 50841 	  82318
 50841 	  64266
 50841 	  82463
 50841 	  59944
 50841 	  66886
 91849 	  82246
 91849 	  10217
 91849 	  82503
 91849 	  51513
 91849 	  64266
117925 	  51513
117925 	  82318
117925 	  64266
107802 	   9595
107802 	  82246
107802 	  10217
107802 	  82503
107802 	  31770
107802 	  77153
107802 	  69633
107802 	  82318
107802 	  64266
107802 	  77148
107802 	  82463
107802 	  67993
107802 	  66886
107802 	  69636
103602 	  31770
103602 	  81306
103602 	  72992
103602 	  51513
103602 	   2996
103602 	  82318
103602 	  64266
103602 	  16404
103602 	  37931
103602 	    514
103602 	  82463
103602 	  81503
103602 	  66886
 93364 	   9595
 93364 	  82246
 93364 	  10217
 93364 	  82503
 93364 	  31770
 93364 	  81306
 93364 	  77153
 93364 	  95336
 93364 	  69633
 93364 	  82318
 93364 	  64266
 93364 	  16404
 93364 	  74885
 93364 	  77148
 93364 	  82463
 93364 	  67672
 93364 	  66886
 93364 	  60615
 93364 	  69636
 93364 	  34899
119808 	   9595
119808 	   4793
119808 	  81305
119808 	 205919
119808 	  95182
119808 	   9967
119808 	  65408
119808 	  10217
119808 	  82503
119808 	  69026
119808 	  53672
119808 	  75641
119808 	  31770
119808 	  81306
119808 	  65887
119808 	  77153
119808 	  51513
119808 	  69633
119808 	   3208
119808 	  10274
119808 	  79768
119808 	   2996
119808 	  82318
119808 	  64266
119808 	  16404
119808 	  81262
119808 	  37931
119808 	  77148
119808 	  70314
119808 	  82463
119808 	  48728
119808 	  67672
119808 	  31394
119808 	  80885
119808 	  70788
119808 	  66886
119808 	  86131
119808 	  86570
119808 	  69636
119808 	  52076
125120 	   9595
125120 	  10217
125120 	  82503
125120 	  31770
125120 	  77153
125120 	  51513
125120 	  69633
125120 	  64266
125120 	  16404
125120 	  77148
125120 	  82463
125120 	  67993
125120 	  66886
125120 	  69636
101626 	   9595
101626 	  82555
101626 	  10217
101626 	  82503
101626 	  51513
101626 	   2996
101626 	  82318
101626 	  64266
101626 	  37931
101626 	  48728
101626 	  81503
101626 	  66886
101626 	  86570
129161 	   4793
129161 	  95182
129161 	  76155
129161 	  75030
129161 	  91848
129161 	   9967
129161 	  63310
129161 	  66308
129161 	 114535
129161 	  31770
129161 	  51513
129161 	   3208
129161 	  75566
129161 	  52224
129161 	  82318
129161 	  64266
129161 	  83275
129161 	  82463
129161 	  94005
129161 	  18023
129161 	 105523
129161 	  67672
129161 	 111227
129161 	 116540
129161 	  75661
129161 	  66563
129161 	  59944
129161 	  66886
 31821 	   9967
 31821 	  82503
 31821 	  51513
 31821 	   2996
 31821 	  52224
 31821 	  64266
 31821 	  37931
 31821 	 109086
 31821 	  58883
 31821 	  81503
 31821 	  70788
 98813 	  82503
 98813 	  51513
 98813 	  64266
 98813 	  48728
 98813 	  86570
 61674 	  31770
 61674 	  51513
 61674 	  64266
 61674 	  59944
 61674 	  66886
121983 	  81305
121983 	 205919
121983 	  95182
121983 	  65408
121983 	  10217
121983 	  82503
121983 	  69026
121983 	  53672
121983 	  51513
121983 	  69633
121983 	  10274
121983 	  79768
121983 	   2996
121983 	  64266
121983 	  16404
121983 	  81262
121983 	  37931
121983 	  48728
121983 	  80885
121983 	  66886
121983 	  86131
121983 	  86570
121983 	  69636
125231 	  81305
125231 	 205919
125231 	  82503
125231 	  69026
125231 	  77153
125231 	  10274
125231 	  79768
125231 	  64266
125231 	  81262
125231 	  70314
125231 	  48728
125231 	  67672
125231 	  59944
125231 	  80885
125231 	  66886
125231 	  86131
125231 	  86570
 92153 	  82246
 92153 	  10217
 92153 	  82503
 92153 	  51513
 92153 	  69633
 92153 	  82318
 92153 	  64266
 92153 	  16404
 92153 	  69636
 95496 	   9595
 95496 	  82503
 95496 	  75641
 95496 	  31770
 95496 	  77153
 95496 	  51513
 95496 	  64266
 95496 	  16404
 95496 	  77148
 95496 	  67993
 95496 	  66886
 95496 	  52076
 92477 	 113401
 92477 	  92753
 92477 	  50275
 92477 	  93163
 92477 	  92014
 92477 	  82555
 92477 	 128844
 92477 	 105200
 92477 	  96738
 92477 	   8980
 92477 	 125052
 92477 	 131018
 92477 	 124999
 92477 	  28241
 92477 	 126721
 92477 	  95603
 92477 	  92865
 92477 	  92250
 92477 	  82503
 92477 	 129859
 92477 	  94264
 92477 	 113290
 92477 	  70646
 92477 	   5103
 92477 	  51513
 92477 	 101463
 92477 	 114673
 92477 	 107568
 92477 	  96012
 92477 	 128974
 92477 	  79310
 92477 	 107458
 92477 	  96900
 92477 	   2996
 92477 	  92527
 92477 	 108174
 92477 	  82318
 92477 	  64266
 92477 	 107489
 92477 	  52786
 92477 	  37931
 92477 	 116898
 92477 	 107890
 92477 	  95790
 92477 	  95513
 92477 	  93696
 92477 	 119884
 92477 	 103973
 92477 	 121157
 92477 	  62878
 92477 	  50309
 92477 	  94837
 92477 	 105872
 92477 	  95929
 92477 	  66016
 92477 	 131601
 92477 	 101342
 92477 	 125108
 92477 	  50841
 92477 	  93364
 92477 	 119808
 92477 	 125120
 92477 	  31821
 92477 	 121983
 92477 	  95496
 66612 	 205919
 66612 	  10217
 66612 	  82503
 66612 	  51513
 66612 	  10274
 66612 	  82318
 66612 	  64266
 66612 	  81262
 66612 	  48728
 66612 	  86131
 66612 	  86570
 97373 	   9595
 97373 	  10217
 97373 	  82503
 97373 	  31770
 97373 	  77153
 97373 	  51513
 97373 	  69633
 97373 	  64266
 97373 	  16404
 97373 	  77148
 97373 	  82463
 97373 	  67993
 97373 	  66886
 97373 	  69636
124281 	  95182
124281 	  65408
124281 	  53672
124281 	  31770
124281 	  51513
124281 	   2996
124281 	  64266
124281 	  37931
124281 	  82463
124281 	  81503
124281 	  59944
124281 	  66886
 96106 	   9595
 96106 	  81305
 96106 	 205919
 96106 	  10217
 96106 	  82503
 96106 	  69026
 96106 	  69633
 96106 	  10274
 96106 	  79768
 96106 	  82318
 96106 	  64266
 96106 	  16404
 96106 	  81262
 96106 	  48728
 96106 	  67672
 96106 	  80885
 96106 	  70788
 96106 	  66886
 96106 	  86131
 96106 	  86570
 96106 	  69636
 96106 	  66612
111453 	  51513
111453 	  82318
111453 	  64266
111453 	 107489
111453 	  82463
111453 	  66886
111453 	  76123
 82662 	  51513
 82662 	  82318
 82662 	  64266
 82662 	  74885
 82662 	  82463
 82662 	  66886
 64212 	 106567
 64212 	  94908
 64212 	  94927
 64212 	  96511
 64212 	 130387
 64212 	 117891
 64212 	 110641
 64212 	  93163
 64212 	 119680
 64212 	  39079
 64212 	 128397
 64212 	 130665
 64212 	 126869
 64212 	  75030
 64212 	 106302
 64212 	 110571
 64212 	  88333
 64212 	  70752
 64212 	 130780
 64212 	 125052
 64212 	 131018
 64212 	 126200
 64212 	 126626
 64212 	 113027
 64212 	 124999
 64212 	 114379
 64212 	  92865
 64212 	  96113
 64212 	 129859
 64212 	  94264
 64212 	 100909
 64212 	 129134
 64212 	 131017
 64212 	 127451
 64212 	 130218
 64212 	 129644
 64212 	 104295
 64212 	 124419
 64212 	 128492
 64212 	  68681
 64212 	   2911
 64212 	 125839
 64212 	 124080
 64212 	  97207
 64212 	  51513
 64212 	 103133
 64212 	  95336
 64212 	 107568
 64212 	  96012
 64212 	 111666
 64212 	 129208
 64212 	 119617
 64212 	 101749
 64212 	 103677
 64212 	 122600
 64212 	  94602
 64212 	  82318
 64212 	 115220
 64212 	 124477
 64212 	 106697
 64212 	  95781
 64212 	  74885
 64212 	 105156
 64212 	  95409
 64212 	  99213
 64212 	  98469
 64212 	 128471
 64212 	 115258
 64212 	 126248
 64212 	 102995
 64212 	 115465
 64212 	 101809
 64212 	  95513
 64212 	 124881
 64212 	 113610
 64212 	 126651
 64212 	  77586
 64212 	 128300
 64212 	 106244
 64212 	 100737
 64212 	 108765
 64212 	 126048
 64212 	 127707
 64212 	 124069
 64212 	 127382
 64212 	  60615
 64212 	 103084
 64212 	 128707
 64212 	 126992
 64212 	 124765
 64212 	 111569
 64212 	  97422
 64212 	 113690
 64212 	 102759
 64212 	 126225
 64212 	  95748
 64212 	 117793
 64212 	 125108
 64212 	 125120
 64212 	 125231
 64212 	  92153
 64212 	  97373
 64212 	 111453
 89982 	  51513
 89982 	  82318
 89982 	  64266
 89982 	  82463
 89982 	  31821
 42495 	   9595
 42495 	  81305
 42495 	 205919
 42495 	  10217
 42495 	  82503
 42495 	  69026
 42495 	  51289
 42495 	  31770
 42495 	  81306
 42495 	  77153
 42495 	  51513
 42495 	  69633
 42495 	  10274
 42495 	  79768
 42495 	  82318
 42495 	  64266
 42495 	  16404
 42495 	  81262
 42495 	  77148
 42495 	  48728
 42495 	  67993
 42495 	  67672
 42495 	  59944
 42495 	  80885
 42495 	  70788
 42495 	  66886
 42495 	  86131
 42495 	  86570
 42495 	  69636
 42495 	  34899
 42495 	  66612
 42495 	  89982
116362 	   4793
116362 	   9967
116362 	  69026
116362 	  31770
116362 	  65887
116362 	  77153
116362 	  51513
116362 	  95336
116362 	  82318
116362 	  64266
116362 	  77148
116362 	  82463
116362 	  67993
116362 	  67672
116362 	  59944
116362 	  66886
116362 	  52076
105591 	   9595
105591 	 205919
105591 	  10217
105591 	  82503
105591 	  53672
105591 	  51513
105591 	  69633
105591 	  10274
105591 	  79768
105591 	  64266
105591 	  16404
105591 	  81262
105591 	  48728
105591 	  67993
105591 	  66886
105591 	  86131
105591 	  86570
105591 	  69636
105591 	  89982
128928 	  81305
128928 	  82555
128928 	  95182
128928 	  82246
128928 	  65408
128928 	  10217
128928 	  82503
128928 	  69026
128928 	  53672
128928 	  81306
128928 	  51513
128928 	  69633
128928 	  10274
128928 	  79768
128928 	   2996
128928 	  64266
128928 	  16404
128928 	  81262
128928 	  48486
128928 	  37931
128928 	  82463
128928 	  48728
128928 	  81503
128928 	  80885
128928 	  70788
128928 	  86131
128928 	  86570
128928 	  69636
128928 	  52076
128928 	  89982
128079 	  10217
128079 	  82503
128079 	  31770
128079 	  51513
128079 	  69633
128079 	  64266
128079 	  82463
128079 	  66886
128079 	  69636
122396 	   4793
122396 	  90154
122396 	 128397
122396 	 130780
122396 	 126200
122396 	   9967
122396 	  85402
122396 	  92865
122396 	  69026
122396 	 129859
122396 	  75641
122396 	 129134
122396 	 131017
122396 	 127451
122396 	  85890
122396 	  97207
122396 	  51513
122396 	  95336
122396 	 129208
122396 	  62649
122396 	  64266
122396 	 100142
122396 	  87759
122396 	  82463
122396 	 117213
122396 	  65978
122396 	  61753
122396 	 100744
122396 	  67672
122396 	 126651
122396 	 100172
122396 	  66886
122396 	 125120
122396 	 116362
 88019 	  10217
 88019 	  82503
 88019 	  51513
 88019 	  64266
118243 	   9595
118243 	  81305
118243 	 205919
118243 	  10217
118243 	  82503
118243 	  69026
118243 	  51289
118243 	  53672
118243 	  81306
118243 	  51513
118243 	  69633
118243 	  10274
118243 	  79768
118243 	  64266
118243 	  16404
118243 	  81262
118243 	  70314
118243 	  82463
118243 	  48728
118243 	  67993
118243 	  80885
118243 	  70788
118243 	  66886
118243 	  86131
118243 	  86570
118243 	  69636
118243 	  89982
112063 	  10217
112063 	  82503
112063 	  51513
112063 	  64266
100687 	  10217
100687 	  82503
100687 	  51513
100687 	  10274
100687 	  64266
100687 	  16404
100687 	  48728
100687 	  86131
100687 	  86570
100687 	  89982
100687 	  88019
130833 	   4793
130833 	  90154
130833 	   9967
130833 	  85402
130833 	  31770
130833 	  36327
130833 	  77153
130833 	  51513
130833 	  95336
130833 	  65192
130833 	  62649
130833 	  82318
130833 	  64266
130833 	  74885
130833 	  87759
130833 	  82463
130833 	 115465
130833 	  61753
130833 	 118234
130833 	  67672
130833 	 113681
130833 	  66886
130833 	  60615
130833 	  90406
130833 	  31821
130833 	 128928
114929 	   9595
114929 	   4793
114929 	   9967
114929 	  10217
114929 	  66308
114929 	  72459
114929 	  93950
114929 	  53106
114929 	  81306
114929 	  91637
114929 	 125161
114929 	   2911
114929 	  65887
114929 	  69633
114929 	  75566
114929 	  64266
114929 	  58632
114929 	  62268
114929 	  58416
114929 	  16404
114929 	 111297
114929 	  51767
114929 	  82463
114929 	  18023
114929 	  65978
114929 	  67672
114929 	 123045
114929 	  70788
114929 	  51984
114929 	  76053
114929 	  69636
114929 	  34899
114929 	  93364
114929 	  66612
123347 	  51513
123347 	  64266
 58385 	  51513
 58385 	  82318
 58385 	  64266
 58385 	  82463
 58385 	  67672
105144 	  81305
105144 	  82246
105144 	  10217
105144 	  82503
105144 	  81306
105144 	  51513
105144 	  69633
105144 	  10274
105144 	  79768
105144 	  82318
105144 	  64266
105144 	  16404
105144 	  82463
105144 	  48728
105144 	  80885
105144 	  70788
105144 	  66886
105144 	  86131
105144 	  86570
105144 	  69636
105144 	  66612
105144 	  89982
130531 	 106567
130531 	 113401
130531 	  94908
130531 	  94927
130531 	  96511
130531 	 130387
130531 	 117891
130531 	 110641
130531 	  50275
130531 	 119680
130531 	  39079
130531 	 128397
130531 	 100225
130531 	 130665
130531 	  95573
130531 	 126869
130531 	  82555
130531 	  62372
130531 	 106302
130531 	 105200
130531 	  66388
130531 	 110571
130531 	 114621
130531 	  99902
130531 	  88333
130531 	  18307
130531 	  96738
130531 	  70752
130531 	 130780
130531 	 125052
130531 	 107934
130531 	 131018
130531 	 126200
130531 	 126626
130531 	 124999
130531 	  28241
130531 	  51213
130531 	  29716
130531 	  95603
130531 	  92865
130531 	  92250
130531 	 114535
130531 	  96113
130531 	 129859
130531 	 111407
130531 	 113290
130531 	 100909
130531 	  99477
130531 	 105970
130531 	 129134
130531 	 131017
130531 	 127451
130531 	 129644
130531 	 129960
130531 	 101892
130531 	 129434
130531 	 115173
130531 	 104295
130531 	 124419
130531 	 128492
130531 	  68681
130531 	 105733
130531 	   2911
130531 	  16479
130531 	 125839
130531 	 124080
130531 	  97207
130531 	 116522
130531 	  51513
130531 	 103133
130531 	 114673
130531 	 107568
130531 	  96012
130531 	 111666
130531 	 129208
130531 	  79310
130531 	  99159
130531 	 119617
130531 	 107458
130531 	 108273
130531 	 120998
130531 	  15972
130531 	 110588
130531 	 101749
130531 	 108174
130531 	 103677
130531 	 122600
130531 	  94602
130531 	  82318
130531 	 115220
130531 	 107489
130531 	 117884
130531 	 124477
130531 	 127221
130531 	 106697
130531 	  95781
130531 	 124177
130531 	  74885
130531 	 105156
130531 	  95409
130531 	 124225
130531 	 128471
130531 	  96223
130531 	 115258
130531 	 126248
130531 	 102995
130531 	 115465
130531 	 107890
130531 	  95790
130531 	 109399
130531 	  95513
130531 	  94005
130531 	 123976
130531 	  79171
130531 	 124881
130531 	 113610
130531 	 110898
130531 	  93696
130531 	 119884
130531 	 110974
130531 	 122171
130531 	 111227
130531 	 126651
130531 	  92509
130531 	  82242
130531 	  75661
130531 	  62878
130531 	 128300
130531 	 103733
130531 	 106244
130531 	 108765
130531 	 126646
130531 	 103038
130531 	 126048
130531 	 127707
130531 	 124069
130531 	  41611
130531 	 127382
130531 	  60615
130531 	 103084
130531 	  62617
130531 	 128707
130531 	 126992
130531 	  96495
130531 	 105872
130531 	 124765
130531 	  95929
130531 	 102704
130531 	 131601
130531 	 111569
130531 	 113690
130531 	 108883
130531 	 126225
130531 	  95748
130531 	  90406
130531 	 117793
130531 	 125108
130531 	 113639
130531 	  98993
130531 	 117925
130531 	  93364
130531 	 119808
130531 	 125120
130531 	 101626
130531 	 125231
130531 	  95496
130531 	  92477
130531 	 124281
130531 	 111453
130531 	 116362
130531 	 128928
130531 	 128079
130531 	  88019
130531 	 112063
130531 	 100687
130531 	 130833
130531 	 123347
130531 	 130531
 69502 	   4793
 69502 	   9967
 69502 	  51513
 69502 	  95336
 69502 	  64266
 69502 	  82463
 69502 	  67672
 69502 	  66886
 69502 	  66612
 92655 	  82555
 92655 	  51513
 92655 	  64266
  8991 	  82555
  8991 	  10217
  8991 	  92250
  8991 	  51513
  8991 	  79310
  8991 	  64266
  8991 	  48486
  8991 	 123347
 66646 	   9595
 66646 	  82555
 66646 	  10217
 66646 	  82503
 66646 	  31770
 66646 	  77153
 66646 	  51513
 66646 	  69633
 66646 	  79310
 66646 	  10274
 66646 	  64266
 66646 	  16404
 66646 	  81262
 66646 	  37931
 66646 	  77148
 66646 	  48728
 66646 	  67993
 66646 	  59944
 66646 	  80885
 66646 	  66886
 66646 	  86131
 66646 	  86570
 66646 	  69636
 66646 	  89982
 66646 	  69502
  3476 	   9595
  3476 	   4793
  3476 	   9967
  3476 	  82246
  3476 	  10217
  3476 	  75641
  3476 	  93950
  3476 	  81306
  3476 	 125161
  3476 	  65887
  3476 	  51513
  3476 	  69633
  3476 	  64266
  3476 	  16404
  3476 	  87759
  3476 	  82463
  3476 	  18023
  3476 	  67993
  3476 	  67672
  3476 	  70788
  3476 	  66886
  3476 	  69636
  3476 	  52076
  3476 	  34899
  3476 	  66612
  3476 	  69502
113084 	   9595
113084 	  10217
113084 	  82503
113084 	  31770
113084 	  81306
113084 	  77153
113084 	  51513
113084 	  69633
113084 	  64266
113084 	  16404
113084 	  77148
113084 	  82463
113084 	  67993
113084 	  70788
113084 	  66886
113084 	  69636
113084 	  69502
 98306 	  92014
 98306 	 105455
 98306 	  82246
 98306 	  66308
 98306 	  82503
 98306 	  51513
 98306 	  92527
 98306 	  82318
 98306 	  64266
 98306 	  50309
 98306 	  82662
122256 	  51513
122256 	  82318
122256 	  64266
122256 	  82463
 87194 	 205919
 87194 	  10217
 87194 	  82503
 87194 	  53672
 87194 	  51513
 87194 	  10274
 87194 	   2996
 87194 	  64266
 87194 	  16404
 87194 	  81262
 87194 	  37931
 87194 	  48728
 87194 	  86131
 87194 	  86570
 87194 	  89982
 87194 	  69502
