127102 	  88141
 96511 	  94908
 96511 	  94927
102380 	 130387
 90154 	  96511
 90154 	 130387
 90154 	 117891
119680 	  94908
119680 	  94927
119680 	 127102
119680 	  59539
119680 	  96511
119680 	 119680
 92014 	 100617
 92014 	  59539
 92014 	  92014
128397 	  92014
100225 	 130387
100225 	  92014
 80076 	  96511
 80076 	 130387
 80076 	 119680
 80076 	  91563
 80076 	 130665
127242 	 119680
 78533 	  94908
 78533 	  94927
 78533 	 118052
 78533 	 117891
 78533 	 127242
126869 	  96511
126869 	  92014
126869 	  91563
 95182 	  92014
 95182 	  39079
  2986 	  59539
  2986 	 128397
  5543 	 102380
 80370 	  94908
 80370 	  94927
 80370 	  96511
 80370 	 117891
 80370 	  39079
 80370 	 130665
 80370 	 127242
126040 	 119680
126040 	   5543
 62372 	  94927
 62372 	  96511
 62372 	 117891
 62372 	 110641
 62372 	 130665
 76155 	 119680
 76155 	   2986
 75030 	  92014
 75030 	  62372
 75030 	  75030
106302 	 102380
106302 	  92014
106302 	 127242
106302 	  97838
128844 	 127102
128844 	 130387
128844 	  92014
128844 	  91563
128844 	 127242
128844 	 126869
128844 	  80370
128844 	 126040
128844 	  76155
128844 	 128844
105200 	 127102
105200 	 102380
105200 	  97838
105200 	 128844
105200 	 106205
127533 	 130387
127533 	  92014
127533 	 127242
127533 	  97838
127533 	 126040
110571 	   5543
110571 	 106302
114621 	  59539
114621 	 102380
114621 	  92014
114621 	 127242
114621 	  78533
114621 	  52768
114621 	   2986
114621 	 106205
109693 	  92014
109693 	  91563
109693 	  80370
109693 	  15511
 99902 	 100617
 99902 	  59539
 99902 	 102380
 99902 	  92014
 99902 	 127242
 99902 	  97838
 99902 	  52768
 99902 	  99902
122022 	 100617
122022 	  94908
122022 	 130387
122022 	  39337
122022 	  50275
122022 	  92014
122022 	 127242
122022 	 126869
122022 	  97838
122022 	 126040
122022 	 106205
122022 	  99902
 88333 	 119680
 88333 	 106302
 96738 	  59539
 96738 	 130387
 96738 	 126869
 96738 	  97838
 96738 	  52768
 96738 	 126040
 96738 	 106205
 96738 	  99902
 70752 	  94908
 70752 	 127102
 70752 	  59539
 70752 	 102380
 70752 	  92014
 70752 	  52768
 70752 	   2986
 70752 	 126040
 70752 	 128844
 70752 	  99902
  8980 	 127102
  8980 	 102380
  8980 	 128844
130780 	 128397
130780 	  75030
 91848 	 127242
125052 	 126040
125052 	 122022
125052 	  88333
107934 	 119680
107934 	  39079
107934 	  75030
107934 	  15511
107934 	 109693
107934 	 122022
107934 	  88333
107934 	 130780
129131 	 100617
129131 	  92014
129131 	  62372
129131 	  75030
129131 	 114621
129131 	  18307
129131 	 129131
131018 	 119680
131018 	  39079
131018 	 106302
131018 	 122022
131018 	  88333
131018 	 131018
126200 	 127102
126200 	 119680
126200 	  91563
126200 	 106302
126200 	 128844
126200 	 106205
126200 	  15511
126200 	 109693
126200 	  88333
126200 	   8980
126200 	 131018
105455 	  76155
124999 	  80370
124999 	 109693
 28241 	 102380
 28241 	  92014
 28241 	 127242
 28241 	  97838
 28241 	 106205
 28241 	  15511
 28241 	   8980
 28241 	 130780
 28241 	 105455
130983 	  92753
 93171 	  59539
 93171 	  52768
 93171 	 107934
114379 	 119680
114379 	  91563
114379 	  97838
114379 	 106302
114379 	 106205
114379 	  15511
114379 	  66388
114379 	 114621
114379 	 109693
114379 	 122022
114379 	 129131
114379 	 131018
114379 	 126200
114379 	 105455
114379 	  93171
131151 	 126869
 51213 	  94927
 51213 	  96511
 51213 	 117891
 51213 	  92014
 51213 	 130665
 51213 	  15511
 51213 	 110571
 51213 	  99902
 51213 	 122022
 51213 	  88333
 51213 	 129131
 51213 	 131151
126721 	 119680
126721 	  39079
126721 	 128397
126721 	 106302
126721 	 106205
126721 	 109693
126721 	 122022
126721 	 131018
126721 	 105455
126721 	 131151
102278 	  81305
 65408 	 119680
 65408 	 106302
101280 	 102380
101280 	 127242
101280 	  78533
101280 	 126869
101280 	 106205
101280 	 129131
101280 	 131151
101280 	 102278
103813 	  75030
103813 	 130780
103813 	 126200
 85402 	  78533
101160 	  59539
101160 	  96511
101160 	  91563
101160 	 130665
101160 	  52768
101160 	 106205
101160 	  15511
101160 	 110571
101160 	 109693
101160 	 122022
101160 	  88333
101160 	 110268
 63310 	  81305
 63310 	 205919
 10217 	 101160
 90147 	 119680
 90147 	  97838
 90147 	  80370
 90147 	  75030
 90147 	 106302
 90147 	  15511
 90147 	 109693
 90147 	  88333
 90147 	 131018
 66308 	 127102
 66308 	  59539
 66308 	 102380
 66308 	 127242
 66308 	  97838
 66308 	  52768
 66308 	 128844
 66308 	 106205
 66308 	  99902
 66308 	 129131
 66308 	 130983
 66308 	 131151
 66308 	 126721
 66308 	 127649
 66308 	  66308
 91926 	  39337
 91926 	  39079
 91926 	  78533
 91926 	 126040
 91926 	  75030
 91926 	 106205
 91926 	  15511
 91926 	 109693
 91926 	   8980
 91926 	 130780
 91926 	 126200
 91926 	 105455
 91926 	 102278
 91926 	  85402
 91926 	 127649
 91926 	  91926
  7012 	 127102
  7012 	 127242
  7012 	 128844
  7012 	 130983
  7012 	 127649
117081 	 100617
117081 	 102380
117081 	  39337
117081 	  92014
117081 	 127242
117081 	 126040
117081 	 114621
117081 	 125052
117081 	 129131
117081 	 126200
117081 	 105455
117081 	 124999
117081 	  66308
117081 	  95442
 92865 	  39337
 92865 	 117976
  5646 	 130387
  5646 	  39079
  5646 	 128397
  5646 	   5543
  5646 	   8980
  5646 	 127649
 82503 	  75030
 94332 	 102380
 94332 	 106205
 94332 	 101160
 94332 	  95442
 31490 	  10217
 69026 	 109693
 69026 	 110268
 69026 	 101160
 69026 	  91926
 69026 	  95442
114535 	  92014
114535 	 128397
114535 	 127242
114535 	  75030
114535 	  15511
114535 	  88333
114535 	 126200
114535 	 105455
114535 	 113027
114535 	 131151
114535 	 102278
114535 	  92865
 96113 	 129131
129859 	 130387
129859 	 106205
129859 	 110571
129859 	  88333
102078 	 130387
102078 	  92014
102078 	 127242
102078 	 126869
102078 	 126040
102078 	  88333
102078 	  70752
102078 	 127649
102503 	  82246
102503 	 114535
 51289 	  94927
 51289 	 127102
 51289 	 117891
 51289 	 119680
 51289 	  39079
 51289 	  91563
 51289 	 130665
 51289 	 127242
 51289 	  97838
 51289 	 106302
 51289 	 128844
 51289 	 110571
 51289 	 114621
 51289 	  99902
 51289 	  88333
 51289 	 131018
 51289 	 130983
 51289 	 126721
 51289 	  96113
 51289 	 102503
 94264 	 127102
 94264 	  39079
 94264 	  91563
 94264 	 127242
 94264 	  80370
 94264 	 128844
 94264 	 122022
 94264 	  70752
 94264 	   8980
 94264 	 105455
 94264 	 130983
 94264 	  93171
 94264 	 110268
 94264 	 127649
 94264 	  91926
111407 	 106567
111407 	 117891
111407 	 110641
111407 	 130665
111407 	 110571
111407 	 126626
113290 	  95182
113290 	  31490
113290 	 114535
113290 	 111407
122840 	 130387
122840 	  92014
122840 	 127242
122840 	 126869
122840 	 126040
122840 	   8980
122840 	 127649
122840 	  94264
100909 	   8980
100909 	 110268
100909 	 101160
100909 	  95442
100909 	  51289
100909 	 122840
 53672 	  94908
 53672 	 130387
 53672 	 102380
 53672 	 126869
 53672 	 126040
 53672 	 106205
 53672 	  99902
 53672 	 129131
 53672 	 105455
 53672 	  66308
 53672 	  95442
 53672 	 102078
 53672 	 102503
 53672 	 100909
108185 	  96511
108185 	 130387
108185 	  50275
108185 	  92014
108185 	 127242
108185 	 126040
108185 	  76155
108185 	 105455
108185 	 127649
108185 	  94264
108185 	 108185
 99477 	  94927
 99477 	 117891
 99477 	 110641
 99477 	 127242
 99477 	 110571
 99477 	  88333
 99477 	  70752
 99477 	 127649
 99477 	  99477
117951 	  96511
117951 	 130387
117951 	 128397
117951 	 130665
117951 	 127242
117951 	 110571
117951 	  88333
117951 	   8980
117951 	 126626
117951 	 127649
105970 	 101160
105970 	  90147
105970 	  95442
105970 	  94332
105970 	  31490
105970 	 122840
 75641 	 100617
131017 	  59539
131017 	  92014
131017 	  78533
131017 	  52768
131017 	 101160
131017 	  95442
131017 	  94332
131017 	 122840
131017 	  75641
 72459 	 127102
 72459 	 130387
 72459 	  39337
 72459 	  91563
 72459 	 126869
 72459 	  80370
 72459 	 126040
 72459 	 128844
 72459 	  15511
 72459 	 109693
 72459 	  88333
 72459 	  70752
 72459 	   8980
 72459 	 130780
 72459 	 107934
 72459 	 126200
 72459 	 130983
 72459 	 102278
 72459 	 117081
 72459 	  92865
 72459 	  31490
 72459 	 108185
 72459 	  75641
101510 	  88141
101510 	   5543
101510 	  93171
101510 	  72459
 44074 	  39079
 44074 	 127242
 44074 	  80370
 44074 	 106205
 44074 	  15511
 44074 	   8980
 44074 	 105455
 44074 	  28241
 44074 	 102278
 44074 	 127649
 44074 	  91926
 44074 	 117081
 44074 	  92865
 44074 	  94264
 44074 	 111407
 44074 	 108185
 44074 	  72459
116115 	 100617
116115 	  92014
116115 	 127242
116115 	  62372
116115 	 114621
116115 	  91848
116115 	  92250
127451 	 100909
130218 	  39337
130218 	 127242
130218 	  80370
130218 	 126040
130218 	 106205
130218 	  15511
130218 	 109693
130218 	 122022
130218 	 130780
130218 	 107934
130218 	 126200
130218 	 105455
130218 	 131151
130218 	 102278
130218 	 110268
130218 	 127649
130218 	 117081
130218 	  92865
130218 	  31490
130218 	 111407
130218 	  65863
130218 	 108185
130218 	  72459
  4363 	  94908
  4363 	 102380
  4363 	 126869
  4363 	  75030
  4363 	 126200
  4363 	  65408
  4363 	  90147
  4363 	  95442
  4363 	 100909
  4363 	 117951
 85890 	   5543
 85890 	  75030
 85890 	 109693
 85890 	   8980
 85890 	  91926
 67362 	  75030
 31770 	 130387
 31770 	 110641
 31770 	 127242
 31770 	 106205
 31770 	 110571
 31770 	  88333
 31770 	  70752
 31770 	 127649
 31770 	   5646
 31770 	 108185
119111 	  92753
119111 	  88141
119111 	  59539
119111 	 127242
119111 	  78533
119111 	  97838
119111 	  15511
119111 	   8980
119111 	 129131
119111 	 105455
119111 	  93171
119111 	 102278
119111 	 127649
119111 	  95442
119111 	 108185
119111 	  44074
119111 	   4363
119325 	  96113
129644 	  92753
129644 	  88141
129644 	 119680
129644 	  39079
129644 	 106302
129644 	  15511
129644 	  88333
129644 	  93171
129644 	  31490
129644 	 108185
 93950 	 127242
 93950 	  80370
 93950 	 126200
 93950 	 127649
 93950 	  95442
 93950 	   5646
 93950 	 127855
 58481 	  92014
 58481 	 105455
 58481 	  66308
 58481 	 111407
 58481 	  65863
 58481 	   4363
 58481 	 119325
 58481 	  58481
 70646 	 130387
 70646 	 110641
 70646 	 127242
 70646 	  88333
 70646 	  70752
 70646 	 127649
 70646 	 108185
 70646 	  85890
101544 	  59539
101544 	  96511
101544 	 130387
101544 	  91563
101544 	  78533
101544 	 126869
101544 	   2986
101544 	  80370
101544 	 126040
101544 	  15511
101544 	 122022
101544 	  88333
101544 	  70752
101544 	   8980
101544 	 131151
101544 	 102278
101544 	 110268
101544 	  91926
101544 	 117081
101544 	  94332
101544 	 114535
101544 	 111407
101544 	 100909
101544 	  65863
101544 	 108185
101544 	  75641
101544 	  44074
101544 	 127855
101544 	  85890
101544 	  67362
101544 	 119325
101544 	  70646
118363 	 106205
118363 	  15511
118363 	 109693
118363 	   8980
118363 	  91926
118363 	  31490
118363 	  69026
118363 	 108185
118363 	  75641
118363 	  72459
 67846 	  78533
 67846 	 126869
 67846 	 106205
 67846 	  15511
 67846 	 109693
 67846 	 122022
 67846 	   8980
 67846 	 126721
 67846 	 102278
 67846 	 127649
 67846 	  91926
 67846 	 114535
 67846 	 108185
 67846 	   4363
 67846 	  85890
 67846 	 119325
 67846 	  58481
100782 	 127242
100782 	  78533
100782 	 106205
100782 	  15511
100782 	 109693
100782 	 105455
100782 	  93171
100782 	 131151
100782 	 102278
100782 	  91926
100782 	 114535
100782 	 111407
100782 	  65863
100782 	 108185
100782 	  75641
100782 	  72459
100782 	 101510
100782 	 119325
 53106 	 126040
 53106 	  88333
105815 	  97838
105815 	  15511
105815 	 122022
105815 	   8980
105815 	 129131
105815 	 131151
105815 	  91926
105815 	  95442
105815 	  92865
105815 	 108185
105815 	 100782
105815 	  53106
101892 	  28241
101892 	 102278
101892 	 117081
101892 	 111407
101892 	  72459
101892 	  58481
126216 	 119680
126216 	  39079
126216 	 126040
126216 	 106302
126216 	  15511
126216 	 109693
126216 	 122022
126216 	  88333
126216 	   8980
126216 	 130780
126216 	 107934
126216 	 131151
126216 	 110268
126216 	  91926
126216 	  95442
126216 	 117081
126216 	  31490
126216 	  96113
126216 	 129859
126216 	 111407
126216 	 101510
126216 	 127855
126216 	 127451
126216 	 118363
126216 	 100782
126216 	  53106
130986 	 100617
130986 	 102380
130986 	 127242
130986 	 126869
130986 	  97838
130986 	 126040
130986 	 106205
130986 	  99902
130986 	 129131
130986 	 126200
130986 	 126721
130986 	 127649
130986 	  95442
130986 	 117081
130986 	  96113
130986 	 102503
130986 	 101510
130986 	 127855
130986 	 100782
 85972 	 130387
 85972 	  92014
 85972 	 126869
 85972 	 126040
 85972 	  76155
 85972 	 126721
 85972 	  94264
 85972 	 113290
 85972 	 117951
129434 	 127242
129434 	  80370
129434 	 109693
129434 	  88333
129434 	 105455
129434 	 110268
129434 	 101160
129434 	  91926
129434 	  95442
129434 	 122840
129434 	 127855
129434 	 118363
129434 	  67846
129434 	 100782
129434 	  53106
 94785 	 119325
115173 	 130387
115173 	  92014
115173 	 127242
115173 	 126869
115173 	 126040
115173 	  88333
115173 	   8980
115173 	 127649
115173 	 108185
115173 	 130218
115173 	  85890
115173 	 119325
115173 	 118363
104295 	  59539
124419 	 130387
124419 	  50275
124419 	 126869
124419 	 126040
124419 	  76155
124419 	 126721
124419 	 113290
124419 	 117951
128492 	  59539
128492 	  94332
128492 	  72459
128492 	  44074
128492 	 118363
 91637 	  88141
 91637 	 127102
 91637 	  96511
 91637 	 130387
 91637 	  91563
 91637 	  78533
 91637 	 126040
 91637 	 128844
 91637 	 106205
 91637 	  15511
 91637 	 109693
 91637 	 122022
 91637 	  88333
 91637 	 130983
 91637 	 131151
 91637 	 102278
 91637 	  91926
 91637 	  31490
 91637 	 102078
 91637 	 100909
 91637 	 117951
 91637 	 127855
 91637 	   4363
 91637 	  85890
 91637 	 119111
 91637 	  85972
 91637 	  94785
 91637 	 104295
102383 	 119680
  2332 	  96511
  2332 	 130387
  2332 	 110641
  2332 	 130665
  2332 	 127242
  2332 	 106205
  2332 	 110571
  2332 	  88333
  2332 	  70752
  2332 	 126626
  2332 	 127649
  2332 	 108185
  2332 	  85890
  2332 	 102383
122251 	 100617
122251 	 127242
122251 	 114621
122251 	  99902
122251 	 129131
122251 	 102278
122251 	  95442
122251 	  96113
122251 	 102503
122251 	 101510
122251 	 100782
122251 	   2332
 68681 	  59539
 68681 	  95573
 68681 	  78533
 68681 	  95182
 68681 	 114621
 68681 	  65408
 68681 	  94332
 68681 	  44074
 68681 	  91637
125161 	  72459
125161 	  94785
 52894 	  93163
 52894 	  39079
 52894 	  15511
 52894 	  70752
 52894 	 113027
 52894 	 131151
 52894 	 108185
105733 	   5543
105733 	 122022
105733 	 127649
105733 	 118363
103296 	  75030
103296 	  75641
 72992 	 130387
 72992 	 127242
 72992 	  97838
 72992 	  94264
 72992 	  93950
  2911 	  75030
  2911 	  75641
 16479 	  95442
 16479 	  67846
 16479 	 100782
 16479 	  53106
 16479 	 102383
 65887 	 127533
 65887 	 101280
 36327 	  36327
130217 	  92753
130217 	  88141
130217 	  59539
130217 	 127242
130217 	  78533
130217 	  97838
130217 	  15511
130217 	 129131
130217 	 105455
130217 	  93171
130217 	 102278
130217 	 127649
130217 	  95442
130217 	 108185
130217 	  44074
130217 	   4363
130217 	  70646
130217 	 118363
130217 	 100782
130217 	  53106
130217 	 104295
119311 	 119680
119311 	  39079
119311 	 126040
119311 	 106205
119311 	  15511
119311 	 109693
119311 	 122022
119311 	  88333
119311 	   8980
119311 	 131018
119311 	 131151
119311 	 110268
119311 	  85402
119311 	  91926
119311 	 117081
119311 	  92865
119311 	  31490
119311 	  96113
119311 	 129859
119311 	 108185
119311 	  72459
119311 	 101510
119311 	 127855
119311 	 127451
119311 	  85890
119311 	 119325
119311 	 118363
119311 	  53106
119311 	  85972
119311 	  68681
119311 	 119311
128762 	 118052
128762 	 102380
128762 	 126869
128762 	  96113
128762 	 102383
125839 	 106205
125839 	 105455
125839 	  91926
125839 	 108185
125839 	  58481
125839 	 100782
125839 	  85972
125839 	  94785
 43129 	 126216
 43129 	  91637
  5103 	 122840
 77153 	 130387
 77153 	  92014
 77153 	 126869
 77153 	 126040
 77153 	  88333
 77153 	   8980
 77153 	 108185
 77153 	  85890
124080 	 127102
124080 	 128844
124080 	 109693
124080 	 130983
124080 	 110268
124080 	 101160
124080 	  95442
124080 	  51289
124080 	 122840
124080 	 127855
124080 	   4363
124080 	 119325
124080 	  70646
124080 	 118363
124080 	 100782
124080 	  53106
124080 	 119311
  8179 	 100617
  8179 	 127242
  8179 	  97838
  8179 	 128844
  8179 	 106205
  8179 	  99902
  8179 	 129131
  8179 	 126721
  8179 	 102278
  8179 	  95442
  8179 	  92250
  8179 	 101510
  8179 	 127855
  8179 	 119111
  8179 	 118363
  8179 	 100782
  8179 	 130986
  8179 	 119311
109370 	  94908
109370 	  94927
109370 	  88141
109370 	  96511
109370 	 117891
109370 	  39337
109370 	 119680
109370 	 130665
109370 	 127242
109370 	  78533
109370 	  80370
109370 	  62372
109370 	 106302
109370 	 106205
109370 	  15511
109370 	 110571
109370 	 114621
109370 	 109693
109370 	  18307
109370 	 131018
109370 	 105455
109370 	  93171
109370 	  65408
109370 	  29716
109370 	 110268
109370 	  85402
109370 	  31490
109370 	  69026
109370 	  96113
109370 	 102078
109370 	 102503
109370 	  94264
109370 	 100909
109370 	 108185
109370 	  99477
109370 	 117951
109370 	  72459
109370 	 101510
109370 	  85890
109370 	 119111
109370 	  93950
109370 	 101544
109370 	 118363
109370 	  67846
109370 	  53106
109370 	  81306
109370 	 129434
109370 	 128492
109370 	 102383
109370 	 122251
109370 	  68681
109370 	   2911
109370 	  43129
109370 	 124080
109370 	   8179
  2622 	 100617
  2622 	  92014
  2622 	  62372
  2622 	 114621
  2622 	 102278
  2622 	  92250
  2622 	  96113
  2622 	  93950
  2622 	 130986
 97207 	 101160
 97207 	 122840
 97207 	 126216
116522 	  93163
116522 	 127649
116522 	  95442
116522 	 119325
116522 	 119311
  5133 	  93163
  5133 	 119680
  5133 	 106302
  5133 	 101160
  5133 	  94264
  5133 	  72459
  5133 	  93950
  5133 	 126216
  5133 	 125161
  5133 	   2622
 51513 	  94908
 51513 	 127242
 51513 	  97838
 51513 	  99902
 51513 	 129131
 51513 	 101510
 51513 	   4363
 51513 	 118363
 51513 	  81306
 51513 	 130986
 51513 	 128762
 51513 	 124080
 51513 	   2622
 91880 	 130387
 91880 	  92014
 91880 	 127242
 91880 	 126040
 91880 	  88333
 91880 	  70752
 91880 	 127649
 91880 	  94264
 91880 	 108185
 91880 	 130218
 91880 	 118363
 91880 	   2622
 91880 	  91880
103133 	  88141
103133 	  59539
103133 	  91563
103133 	 127242
103133 	   2986
103133 	  62372
103133 	 106205
103133 	  15511
103133 	 109693
103133 	  88333
103133 	   8980
103133 	 130780
103133 	 131018
103133 	 126200
103133 	 102278
103133 	 127649
103133 	  95442
103133 	  31490
103133 	  96113
103133 	 111407
103133 	 108185
103133 	  44074
103133 	 127451
103133 	  70646
103133 	 118363
103133 	 100782
103133 	  68681
103133 	   5103
103133 	 109370
103133 	  97207
101463 	  59539
101463 	 118052
101463 	  50275
101463 	   2986
101463 	  28241
101463 	  96113
101463 	 117951
101463 	 105970
101463 	  72459
101463 	 119111
101463 	  94785
101463 	 105733
101463 	   5103
108127 	  75030
108127 	 105455
108127 	  66308
108127 	  96113
108127 	  94264
108127 	 119325
108127 	  93950
108127 	 119311
108127 	   2622
120065 	  75030
 95336 	 126040
 95336 	  88333
 95336 	 126200
107568 	 100617
107568 	  92014
107568 	 127242
107568 	  75030
107568 	  99902
107568 	 129131
107568 	 126200
107568 	 105455
107568 	 131151
107568 	  99477
107568 	 128762
107568 	   2622
107568 	 101463
 96012 	   5103
111666 	  36327
129208 	 126869
129208 	  96113
129208 	  96012
 98252 	  94908
 98252 	  59539
 98252 	 102380
 98252 	  39337
 98252 	  78533
 98252 	   2986
 98252 	 126040
 98252 	 106205
 98252 	 126721
 98252 	  85402
 98252 	  94332
 98252 	 102078
 98252 	  94264
 98252 	 111407
 98252 	 100909
 98252 	  65863
 98252 	  99477
 98252 	 117951
 98252 	  44074
 98252 	 127855
 98252 	   4363
 98252 	  67362
 98252 	 119111
 98252 	 129960
 98252 	 130986
 98252 	 104295
 98252 	 102383
 98252 	 128762
 98252 	   5103
 98252 	 124080
 98252 	   8179
 98252 	   2622
 98252 	 103133
 98252 	  95336
 73957 	 126869
 73957 	 109693
 73957 	 118363
 73957 	 125839
 73957 	 108127
118768 	   5543
118768 	   8980
118768 	 118363
118768 	  91637
118768 	  73957
 85142 	  91880
 69633 	 127102
 69633 	  59539
 69633 	 127242
 69633 	  78533
 69633 	 128844
 69633 	 129131
 69633 	 105455
 69633 	 130983
 69633 	 131151
 69633 	 126721
 69633 	 102278
 69633 	 127649
 69633 	  95442
 69633 	 127855
 69633 	   4363
 69633 	  58481
 69633 	  67846
 69633 	 100782
 69633 	 129960
 69633 	 102383
 69633 	   2332
 69633 	 128762
 69633 	  43129
 79310 	 127102
 79310 	 127242
 79310 	 105455
 79310 	  28241
 79310 	 130983
 79310 	 131151
 79310 	 126721
 79310 	 102278
 79310 	 117081
 79310 	  94332
 79310 	 114535
 79310 	 129859
 79310 	 111407
 79310 	  65863
 79310 	 119325
 79310 	  67846
 79310 	 100782
 79310 	 129960
 79310 	 130986
 79310 	  94785
 79310 	 102383
 79310 	 119311
 79310 	 128762
 79310 	  43129
 79310 	   8179
 79310 	 101463
 79310 	  85142
 10274 	  10217
 10274 	   2622
 79768 	 130387
 79768 	  92014
 79768 	 127242
 79768 	 126869
 79768 	 126040
 79768 	 126721
 79768 	 127649
 79768 	  94264
 79768 	   2622
 99159 	 205919
 99159 	 102278
 99159 	 110268
 99159 	 101160
 99159 	  95442
 99159 	 122840
 99159 	   4363
 99159 	 118363
 99159 	 100782
 99159 	  53106
 99159 	  81306
 99159 	 101463
 99159 	  73957
 99159 	  79768
 66221 	  75030
 65192 	 102380
 65192 	  92014
 65192 	  78533
 65192 	 106205
 65192 	 105455
 65192 	 131151
 65192 	 102278
 65192 	 127649
 65192 	 114535
 65192 	  65863
 65192 	   4363
 65192 	 119325
 65192 	  58481
 65192 	 130986
 65192 	  94785
 65192 	 119311
 65192 	   5103
 65192 	   8179
 65192 	   2622
 65192 	 101463
 65192 	  66221
122945 	 102380
122945 	 126869
122945 	  99477
122945 	 118363
122945 	 100782
122945 	 102383
122945 	 116522
122945 	 118768
119617 	 131018
119617 	 126626
119617 	 131151
119617 	  92865
119617 	 109370
119617 	  97207
107458 	 130387
107458 	  92014
107458 	 126040
107458 	  88333
107458 	  94264
107458 	 108185
107458 	  85972
107458 	   2622
107458 	  96012
107458 	 119617
 99455 	 110641
 99455 	 126869
 99455 	 109693
 99455 	 126626
 99455 	 124419
 99455 	 125839
101673 	  94908
101673 	  59539
101673 	 102380
101673 	  78533
101673 	  97838
101673 	 106205
101673 	  99902
101673 	 102278
101673 	 103813
101673 	  95442
101673 	 100909
101673 	 101510
101673 	 127855
101673 	 119325
101673 	 118363
101673 	 100782
101673 	 129960
101673 	 115173
101673 	 104295
101673 	 102383
101673 	 103296
101673 	 119311
101673 	 128762
101673 	 124080
101673 	 103133
 96900 	 102380
 96900 	  97838
 96900 	 106205
 96900 	  99902
 96900 	 131151
 96900 	 127649
 96900 	  95442
 96900 	 117951
 96900 	 101510
 96900 	   4363
 96900 	 119111
 96900 	 119325
 96900 	 118363
 96900 	 100782
 96900 	 102383
 96900 	 119311
 96900 	 101463
 96900 	 118768
114259 	 127102
114259 	 130387
114259 	  91563
114259 	 126869
114259 	  80370
114259 	 126040
114259 	 128844
114259 	  15511
114259 	 122022
114259 	  88333
114259 	   8980
114259 	 105455
114259 	 130983
114259 	 102278
114259 	  91926
114259 	  31490
114259 	  96113
114259 	 127855
114259 	  53106
114259 	 130986
114259 	  85972
114259 	 109370
114259 	   2622
114259 	  91880
114259 	  96012
114259 	  96900
114259 	 114259
102481 	 102380
102481 	  92014
102481 	  75030
102481 	 129131
102481 	 105455
102481 	 131151
102481 	 102278
102481 	  96113
102481 	  94264
102481 	 100782
102481 	 130986
102481 	 102383
102481 	 128762
102481 	   2622
102481 	 116522
102481 	 101463
102481 	  98252
119112 	  88141
119112 	 127242
119112 	  78533
119112 	 106205
119112 	  15511
119112 	 109693
119112 	 122022
119112 	   8980
119112 	 105455
119112 	  28241
119112 	  93171
119112 	 131151
119112 	 102278
119112 	 127649
119112 	  91926
119112 	 117081
119112 	 111407
119112 	  65863
119112 	 108185
119112 	  75641
119112 	 101510
119112 	  58481
119112 	 130986
119112 	  85972
119112 	  94785
119112 	 102383
119112 	 128762
119112 	 109370
119112 	   5133
119112 	  91880
119112 	 128974
119112 	 101365
119112 	  66221
119112 	 114259
119112 	 102481
 37464 	  69026
 93866 	 127102
 93866 	  91563
 93866 	  80370
 93866 	 128844
 93866 	 109693
 93866 	   8980
 93866 	 130983
 93866 	 110268
 93866 	 101160
 93866 	 127649
 93866 	  91926
 93866 	 122840
 93866 	  72459
 93866 	 127855
 93866 	   4363
 93866 	 119325
 93866 	  70646
 93866 	  67846
 93866 	  53106
 93866 	 126216
 93866 	 125161
 93866 	 119311
 93866 	  43129
 93866 	  73957
 93866 	 101365
 93866 	   2524
  2996 	 127102
  2996 	  59539
  2996 	  91563
  2996 	 127242
  2996 	  78533
  2996 	  97838
  2996 	  52768
  2996 	   2986
  2996 	 128844
  2996 	 106205
  2996 	  15511
  2996 	  66388
  2996 	 109693
  2996 	   8980
  2996 	 107934
  2996 	 105455
  2996 	 130983
  2996 	  93171
  2996 	 126721
  2996 	 102278
  2996 	 110268
  2996 	 127649
  2996 	  91926
  2996 	  95442
  2996 	 102503
  2996 	 108185
  2996 	 117951
  2996 	 101510
  2996 	  44074
  2996 	 127855
  2996 	 119111
  2996 	 118363
  2996 	  67846
  2996 	  53106
  2996 	 105815
  2996 	 129960
  2996 	  85972
  2996 	 102383
  2996 	  68681
  2996 	   5103
  2996 	 109370
  2996 	 101463
  2996 	 101365
  2996 	  66221
  2996 	 122945
  2996 	 114259
  2996 	 102481
  2996 	   2524
  2996 	 108273
115606 	 128397
115606 	 130780
115606 	 129134
115606 	 127451
115606 	 129208
120998 	 119680
120998 	 106302
120998 	   2622
 15972 	 119325
 15972 	  96900
110588 	  94908
110588 	  94927
110588 	 127102
110588 	  96511
110588 	 117891
110588 	 119680
110588 	  39079
110588 	 130665
110588 	   2986
110588 	 106302
110588 	 128844
110588 	 106205
110588 	  15511
110588 	 110571
110588 	 109693
110588 	  88333
110588 	   8980
110588 	 131018
110588 	  28241
110588 	 130983
110588 	  91926
110588 	  95442
110588 	  92865
110588 	  96113
110588 	 102503
110588 	 111407
110588 	 100909
110588 	  99477
110588 	 127855
110588 	   4363
110588 	  67362
110588 	 119325
110588 	  58481
110588 	  70646
110588 	 100782
110588 	 129434
110588 	 104295
110588 	 128492
110588 	 119311
110588 	  43129
110588 	   5103
110588 	 124080
110588 	  97207
110588 	 103133
110588 	 120065
110588 	  96012
110588 	 128974
110588 	  99159
110588 	 122945
110588 	  99455
110588 	 119112
 92527 	 130387
 92527 	  92014
 92527 	 126040
 92527 	  88333
 92527 	   8980
 92527 	 127649
 92527 	 108185
 92527 	 130218
 92527 	  85890
 92527 	 119325
 92527 	 118363
 92527 	 102383
 92527 	 119311
 92527 	  73957
 92527 	  96900
 92527 	  92527
101749 	 117891
101749 	 110641
101749 	 130665
101749 	 110571
101749 	 126626
101749 	  99477
101749 	 129434
101749 	 128492
108174 	  94908
108174 	 102380
108174 	 127242
108174 	  52768
108174 	   2986
108174 	 106205
108174 	  99902
108174 	 129131
108174 	 105455
108174 	 131151
108174 	 126721
108174 	 102278
108174 	 127649
108174 	  95442
108174 	 100909
108174 	   4363
108174 	 119325
108174 	  93950
108174 	 118363
108174 	  67846
108174 	 100782
108174 	  53106
108174 	 130986
108174 	   2332
108174 	 105733
108174 	 103296
108174 	 119311
108174 	 128762
108174 	  43129
108174 	 124080
108174 	   2622
108174 	   5133
108174 	 101463
108174 	  66221
108174 	 102481
108174 	   2524
108174 	 115606
  2251 	  59539
  2251 	 119680
  2251 	   2986
  2251 	 106302
  2251 	  88333
  2251 	  18307
  2251 	 129131
  2251 	  29716
  2251 	 111407
  2251 	  44074
  2251 	  94785
  2251 	  68681
  2251 	  85142
  2251 	  66221
  2251 	 119112
 75566 	  88141
 75566 	 119680
 75566 	  95182
 75566 	  62372
 75566 	  15511
 75566 	  18307
 75566 	  29716
 75566 	 110268
 75566 	  95442
 75566 	  72459
 75566 	  85890
 75566 	  31770
 75566 	 100782
 75566 	  53106
 75566 	  68681
 75566 	 103296
 75566 	  95336
 75566 	  66221
 75566 	  65192
 75566 	 122945
 75566 	 119112
 75566 	   2524
 75566 	   2251
 52224 	 130387
 52224 	 126869
 52224 	 126040
 52224 	   8980
 52224 	 108185
 52224 	  85890
 52224 	   2622
 52224 	  91880
 52224 	  73957
 52224 	  96900
 52224 	  92527
 52224 	   2251
103677 	 130387
103677 	  50275
103677 	  92014
103677 	 126869
103677 	 126040
103677 	 126721
103677 	  94264
103677 	 113290
103677 	 117951
103677 	 101544
103677 	 102383
103677 	 122251
103677 	  92527
103677 	 108174
122600 	 127102
122600 	  59539
122600 	 127242
122600 	  97838
122600 	 128844
122600 	 106205
122600 	  99902
122600 	 130983
122600 	 126721
122600 	 102278
122600 	 127649
122600 	  95442
122600 	  96113
122600 	  44074
122600 	 127855
122600 	   4363
122600 	 119325
122600 	  93950
122600 	  58481
122600 	 118363
122600 	  67846
122600 	 100782
122600 	  53106
122600 	 129960
122600 	 102383
122600 	 119311
122600 	  43129
122600 	   2622
122600 	 101463
122600 	   2524
122600 	 115606
  1531 	  75030
  1531 	 130780
  1531 	  73957
 62649 	 101160
 62649 	  75641
 62649 	  85890
 90137 	 118052
 90137 	 102380
 90137 	 110268
 90137 	  99477
 90137 	 118363
 90137 	 100782
 90137 	 102383
 90137 	 125839
 90137 	 116522
 90137 	  98252
 90137 	  99455
 90137 	 101673
 64266 	  59539
 64266 	   2986
 64266 	  72459
 64266 	  44074
 64266 	  70646
 64266 	  85142
 58632 	  94927
 58632 	 117891
 58632 	 130665
 58632 	 129434
 58632 	 128492
 58632 	 122600
 83275 	  92753
 83275 	  88141
 83275 	 119680
 83275 	  39079
 83275 	  91563
 83275 	  97838
 83275 	 106302
 83275 	  15511
 83275 	 122022
 83275 	  88333
 83275 	   8980
 83275 	 131018
 83275 	 110268
 83275 	  91926
 83275 	 108185
 83275 	 127451
 83275 	  93950
 83275 	  97207
 83275 	  91880
 83275 	 101463
 83275 	 120065
 83275 	 128974
 83275 	 122945
 83275 	  96900
 83275 	 114259
 83275 	 119112
 83275 	 115606
 83275 	   2251
 83275 	  75566
 83275 	   1531
 83275 	  58632
 62268 	 130387
 62268 	  92014
 62268 	 126869
 62268 	 126040
 62268 	  88333
 62268 	   8980
 62268 	 127649
 62268 	 108185
 62268 	 130218
 62268 	 119325
 62268 	 102383
 62268 	 119311
 62268 	  73957
 62268 	  96900
 62268 	  92527
115220 	 122840
115220 	 125839
115220 	 119617
115220 	 119112
107489 	  59539
107489 	   2986
107489 	  72459
107489 	  44074
107489 	  70646
107489 	  65887
107489 	   5103
107489 	  85142
 58416 	 127102
 58416 	  59539
 58416 	 118052
 58416 	 102380
 58416 	  92014
 58416 	  52768
 58416 	   2986
 58416 	 128844
 58416 	 130983
 58416 	 131151
 58416 	 126721
 58416 	 102278
 58416 	 127649
 58416 	 111407
 58416 	  44074
 58416 	 127855
 58416 	 129960
 58416 	   2524
 58416 	 115606
 58416 	  92527
 58416 	  62268
 52786 	  75641
 16404 	  96900
117884 	  92014
117884 	  52786
105413 	 118052
105413 	 102380
105413 	 126869
105413 	 118768
105413 	 101673
105413 	  94602
105413 	 107489
 81262 	 109693
 81262 	   8980
 81262 	  70646
 81262 	  92527
 37931 	 127102
 37931 	  91563
 37931 	  78533
 37931 	 126869
 37931 	 128844
 37931 	  15511
 37931 	 122022
 37931 	   8980
 37931 	 130983
 37931 	 131151
 37931 	 102278
 37931 	  91926
 37931 	 108185
 37931 	 127855
 37931 	   4363
 37931 	  85890
 37931 	  58481
 37931 	  85972
 37931 	  94785
 37931 	  68681
 37931 	  65887
 37931 	   8179
 37931 	 109370
 37931 	   2622
 37931 	   5133
 37931 	 128974
 37931 	 101365
 37931 	 119617
 37931 	 114259
 37931 	 119112
 37931 	   2524
 37931 	  92527
 37931 	   2251
 37931 	   1531
 37931 	  94602
101648 	  94908
101648 	  59539
101648 	  92014
101648 	  91563
101648 	  78533
101648 	 106205
101648 	  15511
101648 	 109693
101648 	 126626
101648 	 131151
101648 	 102278
101648 	  95442
101648 	 102078
101648 	 117951
101648 	  44074
101648 	 127855
101648 	   4363
101648 	 119325
101648 	  93950
101648 	 101544
101648 	 118363
101648 	 100782
101648 	  53106
101648 	 130986
101648 	 122251
101648 	 103296
101648 	 119311
101648 	 128762
101648 	   5103
101648 	   5133
101648 	 101463
101648 	  66221
101648 	 122945
101648 	 114259
101648 	   2524
101648 	 108273
101648 	 115606
101648 	   2251
101648 	   1531
101648 	 101648
111297 	 125161
127221 	 130218
127221 	  85890
127221 	 119325
127221 	 118363
127221 	 102383
127221 	 119311
127221 	 119617
127221 	  96900
127221 	 119112
127221 	  94602
106697 	  93163
106697 	 119680
106697 	 106302
106697 	 101160
106697 	  94264
106697 	 122840
106697 	  72459
106697 	  93950
106697 	 126216
106697 	 125161
106697 	   2622
 74286 	 127102
 74286 	 117891
 74286 	 110641
 74286 	  39079
 74286 	  91563
 74286 	   5543
 74286 	 109693
 74286 	 130983
 74286 	  99477
 74286 	 127855
 74286 	 119325
 74286 	 128492
 74286 	 119311
 74286 	 101463
 74286 	 108127
 74286 	 122600
 74286 	   1531
 27623 	 105200
 27623 	  91848
 27623 	 125052
 27623 	  92250
 27623 	 129859
 27623 	   8179
 34379 	  92014
 34379 	 127242
 34379 	  75030
 34379 	 114621
 34379 	 126200
 34379 	 105455
 34379 	 131151
 34379 	  66308
 34379 	  94264
 34379 	 130986
 34379 	 128762
 34379 	   5103
 34379 	   2622
 34379 	 107458
 34379 	  92527
 34379 	  62268
 95781 	 119680
 95781 	 125161
 95781 	  96012
 95781 	 119617
124177 	  72459
124177 	 118363
124177 	  73957
124177 	  75566
124177 	  58632
124177 	  58416
 65782 	  94908
 65782 	 127102
 65782 	  59539
 65782 	 118052
 65782 	 102380
 65782 	  92014
 65782 	 127242
 65782 	  78533
 65782 	  97838
 65782 	  52768
 65782 	 126040
 65782 	 128844
 65782 	 106205
 65782 	  99902
 65782 	 129131
 65782 	 105455
 65782 	 131151
 65782 	 126721
 65782 	 102278
 65782 	 127649
 65782 	  95442
 65782 	 102078
 65782 	 102503
 65782 	  94264
 65782 	 100909
 65782 	  99477
 65782 	 117951
 65782 	  44074
 65782 	 127855
 65782 	 119325
 65782 	 100782
 65782 	 129960
 65782 	 130986
 65782 	 104295
 65782 	 102383
 65782 	 119311
 65782 	 124080
 65782 	 103133
 65782 	 101463
 65782 	 118768
 65782 	  99455
 65782 	 102481
 65782 	   2524
 65782 	 115606
 65782 	  92527
 65782 	 101749
 65782 	 103677
 65782 	  62268
 65782 	 115220
 65782 	 111297
 65782 	 106697
 65782 	  27623
116898 	 127242
116898 	  75030
116898 	 106302
116898 	 131018
116898 	  92865
116898 	 130986
116898 	 128762
116898 	 109370
116898 	  96012
116898 	  34379
116898 	  95781
100142 	 127102
100142 	  39079
100142 	  91563
100142 	   5543
100142 	  75030
100142 	 128844
100142 	 130983
100142 	 131151
100142 	 126721
100142 	 110268
100142 	 101160
100142 	  66308
100142 	  31490
100142 	  94264
100142 	 122840
100142 	  72459
100142 	 119325
100142 	  93950
100142 	 100782
100142 	 126216
100142 	  91637
100142 	   2911
100142 	 119311
100142 	 101463
100142 	 108127
100142 	 122945
100142 	 115606
100142 	  75566
 51767 	 106205
 51767 	  15511
 51767 	 105455
 51767 	 131151
 51767 	  91926
 51767 	  31490
 51767 	 114535
 51767 	 111407
 51767 	 108185
 51767 	  75641
 51767 	  58481
 51767 	  85972
 51767 	  94785
 51767 	  65887
 51767 	   8179
 51767 	   2622
 51767 	 128974
 51767 	 101365
 51767 	  66221
 51767 	 108273
 51767 	 115606
 51767 	   2251
 51767 	  52224
 51767 	   1531
 28201 	  76155
 74885 	  94908
 74885 	 127242
 74885 	  97838
 74885 	 106205
 74885 	  99902
 74885 	 129131
 74885 	 105455
 74885 	 131151
 74885 	 126721
 74885 	 127649
 74885 	  96113
 74885 	 102078
 74885 	  94264
 74885 	 100909
 74885 	  99477
 74885 	 117951
 74885 	 101544
 74885 	 118363
 74885 	 130986
 74885 	 104295
 74885 	 102383
 74885 	 128762
 74885 	 124080
 74885 	 101463
 74885 	  99455
 74885 	 102481
 74885 	  92527
 74885 	 101749
 74885 	 108174
 74885 	 103677
 74885 	  62268
 74885 	 115220
105156 	 124419
105156 	 125161
105156 	  98252
105156 	 102481
119717 	  92014
119717 	 126869
119717 	 126040
119717 	 126721
119717 	  92250
119717 	  94264
119717 	 117951
119717 	 119111
119717 	  92527
 95409 	 125161
 98469 	 127102
 98469 	  59539
 98469 	 102380
 98469 	  92014
 98469 	 127242
 98469 	 128844
 98469 	 105455
 98469 	 130983
 98469 	 131151
 98469 	 126721
 98469 	 127649
 98469 	 127855
 98469 	   4363
 98469 	  58481
 98469 	  67846
 98469 	 100782
 98469 	  53106
 98469 	 129960
 98469 	 130986
 98469 	  94785
 98469 	 102383
 98469 	 128762
 98469 	  43129
 98469 	   5103
 98469 	   2622
 98469 	 101463
 98469 	   2524
 98469 	 115606
 98469 	  92527
 98469 	  62268
 98469 	 101648
 98469 	 111297
 98469 	  27623
 98469 	  28201
119685 	 102278
119685 	  29716
119685 	  93950
119685 	   2911
119685 	   2524
119685 	  52224
119685 	 111297
119685 	  28201
121308 	  50275
121308 	  76155
121308 	 113290
121308 	 117951
121308 	 105970
121308 	 122251
121308 	 107458
121308 	 101673
121308 	 108174
121308 	  83275
121308 	 111297
128471 	  75030
128471 	  72459
128471 	  52224
 77148 	 131018
 77148 	 125161
 96223 	  10217
 96223 	   2622
 96223 	  66221
 70314 	  39079
 70314 	   5543
 70314 	  75030
 70314 	 109693
 70314 	 122022
 70314 	  70752
 70314 	   8980
 70314 	 105455
 70314 	 113027
 70314 	  93171
 70314 	 114379
 70314 	  91926
 70314 	  75641
 70314 	  72459
 70314 	 119325
 70314 	 118363
 70314 	  91637
 70314 	 125161
 70314 	 119311
 70314 	 101463
 70314 	 108127
 70314 	  73957
 70314 	 115606
 70314 	  92527
 70314 	   2251
 70314 	  75566
 70314 	  52224
 70314 	   1531
 70314 	  58632
 70314 	  58416
 70314 	 111297
  3715 	 125052
  3715 	 124999
  3715 	 102078
  3715 	 113290
  3715 	 117951
  3715 	 119111
  3715 	 122251
  3715 	   2911
  3715 	 100142
  3715 	  51767
115258 	  39337
115258 	  78533
115258 	 106205
115258 	 105455
115258 	  85402
115258 	  66308
115258 	  94264
115258 	 111407
115258 	  65863
115258 	  72459
115258 	 101510
115258 	 118363
115258 	 102383
115258 	   8179
115258 	  95336
115258 	  66221
115258 	   2524
115258 	 108273
115258 	  52224
115258 	  62649
115258 	  62268
115258 	  51767
 87759 	 130387
 87759 	 126869
 87759 	 126040
 87759 	  76155
 87759 	 126721
 87759 	 127649
 87759 	  94264
 87759 	 105970
 87759 	 118363
 87759 	 122251
 87759 	   5103
 87759 	   2622
 87759 	  92527
126248 	 126869
126248 	 109693
126248 	 105455
126248 	 130218
126248 	  85890
126248 	 119325
126248 	 102383
126248 	 119311
126248 	 119617
126248 	  96900
126248 	 119112
126248 	  94602
126248 	 116898
102995 	 130387
102995 	 110641
102995 	 130665
102995 	 106205
102995 	 110571
102995 	   8980
102995 	 122600
102995 	 128471
102995 	 115258
102995 	 126248
120346 	  94908
120346 	  92014
120346 	 127242
120346 	 126869
120346 	 126040
120346 	  75030
120346 	 106205
120346 	 129131
120346 	 126200
120346 	 105455
120346 	 126721
120346 	 127649
120346 	 100909
120346 	 105970
120346 	 118363
120346 	 104295
120346 	 122251
120346 	 128762
120346 	   2622
120346 	 103133
120346 	 101463
120346 	  92527
120346 	 101749
120346 	 103677
120346 	  62268
120346 	 115220
120346 	 106697
120346 	 102995
118432 	 110268
118432 	  91926
118432 	  95442
118432 	 118363
118432 	 100782
118432 	  53106
118432 	  73957
118432 	 101365
118432 	 122945
118432 	  28201
118432 	  69513
  2267 	 118363
  2267 	 101365
  2267 	  75566
   514 	 120346
 82463 	 109693
 82463 	  85890
 82463 	 124419
 82463 	 125839
 82463 	 124477
115465 	 101160
115465 	 122840
107890 	 124419
107890 	  98252
107890 	 102481
 95790 	 100617
 95790 	  59539
 95790 	 127242
 95790 	  95182
 95790 	  62372
 95790 	  18307
 95790 	  91848
 95790 	 129131
 95790 	 126200
 95790 	 131151
 95790 	 102278
 95790 	  65408
 95790 	  29716
 95790 	 117081
 95790 	  94264
 95790 	  44074
 95790 	 130986
 95790 	 103296
 95790 	 128762
 95790 	   2622
 95790 	   5133
 95790 	  62268
 95790 	  65782
 95790 	  51767
 95790 	   3715
 95350 	 115606
101809 	  65408
 48728 	 126216
 48728 	 125839
 48728 	 124477
109399 	 126040
109399 	  75030
109399 	 126200
109399 	   5646
109399 	 128762
 86335 	 126040
 86335 	  75030
 86335 	 126200
 86335 	 128762
 61797 	 127102
 61797 	 102380
 61797 	  39337
 61797 	 126040
 61797 	  75030
 61797 	 128844
 61797 	 107934
 61797 	 129131
 61797 	 126200
 61797 	 130983
 61797 	  85402
 61797 	  95442
 61797 	  94264
 61797 	 127855
 61797 	   4363
 61797 	  58481
 61797 	 129960
 61797 	 128762
 61797 	 102995
 95513 	  94908
 95513 	 127102
 95513 	  59539
 95513 	 102380
 95513 	 127242
 95513 	  97838
 95513 	  62372
 95513 	 106205
 95513 	  99902
 95513 	 129131
 95513 	 105455
 95513 	 126721
 95513 	 127649
 95513 	  95442
 95513 	  96113
 95513 	 102503
 95513 	 111407
 95513 	 100909
 95513 	  99477
 95513 	  72459
 95513 	  44074
 95513 	 127855
 95513 	 119325
 95513 	  93950
 95513 	 118363
 95513 	  67846
 95513 	 100782
 95513 	  53106
 95513 	 129960
 95513 	 130986
 95513 	  94785
 95513 	 104295
 95513 	 102383
 95513 	 119311
 95513 	 128762
 95513 	   5103
 95513 	 124080
 95513 	   5133
 95513 	 101463
 95513 	  99455
 95513 	 102481
 95513 	   2524
 95513 	 115606
 95513 	 101749
 95513 	 103677
 95513 	  62268
 95513 	 101648
 95513 	 111297
 95513 	  28201
 95513 	   3715
 94015 	 102380
 94015 	  92014
 94015 	 127242
 94015 	  78533
 94015 	  97838
 94015 	 126040
 94015 	 106205
 94015 	  99902
 94015 	 107934
 94015 	 126200
 94015 	 105455
 94015 	 131151
 94015 	 102278
 94015 	 127649
 94015 	  95442
 94015 	  94264
 94015 	 101510
 94015 	  93950
 94015 	 118363
 94015 	 100782
 94015 	  53106
 94015 	   2622
 94015 	 102481
 94015 	  92527
 94015 	 101648
 94015 	 111297
 94015 	  28201
117213 	 109693
117213 	 110268
117213 	 101160
117213 	  91926
117213 	  95442
117213 	  51289
117213 	 122840
117213 	 118363
117213 	  67846
117213 	 100782
117213 	  53106
117213 	  73957
117213 	 101365
117213 	 122945
117213 	  28201
117213 	  69513
 94005 	 125161
123976 	  80076
 18023 	  67846
 18023 	 100782
 18023 	   2524
 18023 	  16404
 18023 	 101648
 65978 	  36327
129747 	  94927
129747 	 130387
129747 	 127242
129747 	 110571
129747 	 108185
129747 	  85890
129747 	 128492
129747 	   2622
129747 	 122600
129747 	 116898
129747 	 128471
129747 	 115258
117950 	  92014
117950 	  75030
117950 	 105455
117950 	 119325
117950 	  93950
117950 	 105733
109086 	  93163
109086 	 119680
109086 	 106302
109086 	  94264
109086 	  72459
109086 	  93950
109086 	 126216
109086 	 125161
 76438 	  88141
 76438 	  96511
 76438 	  91563
 76438 	  15511
 76438 	 110571
 76438 	 122022
 76438 	  88333
 76438 	  70752
 76438 	 131151
 76438 	  91926
 76438 	  85890
 76438 	 119325
 76438 	 129960
 76438 	  85972
 76438 	 119311
 76438 	  73957
 76438 	 128974
 76438 	 119617
 76438 	  96900
 76438 	 114259
 76438 	 119112
 76438 	   2251
 76438 	   1531
 76438 	  62268
 76438 	 105156
 76438 	 119685
 76438 	  94015
 76438 	 117213
 79171 	  59539
 79171 	   5103
 79171 	 101673
 79171 	 119717
 79171 	   3715
 79171 	 115465
 79171 	  95790
124881 	 127102
124881 	  39337
124881 	  80370
124881 	  75030
124881 	 128844
124881 	  15511
124881 	 109693
124881 	 122022
124881 	   8980
124881 	 105455
124881 	 130983
124881 	 102278
124881 	 110268
124881 	  85402
124881 	  91926
124881 	  92865
124881 	 108185
124881 	  85890
124881 	  70646
124881 	  53106
124881 	 126216
124881 	  96900
124881 	 114259
124881 	   2524
124881 	 120998
124881 	   1531
124881 	  69513
124881 	  95513
124881 	 117213
126974 	 127102
126974 	  91563
126974 	  70752
126974 	 110268
126974 	 101160
126974 	  95442
126974 	 122840
126974 	  72459
126974 	   4363
126974 	 119325
126974 	 118363
126974 	  67846
126974 	 100782
126974 	  53106
126974 	 126216
126974 	 125161
126974 	 119311
126974 	  73957
126974 	 122945
126974 	   2524
126974 	 115606
126974 	   2251
126974 	 111297
105523 	 127102
105523 	 102380
105523 	  97838
105523 	 128844
105523 	 106205
105523 	 105455
105523 	 130983
105523 	 131151
105523 	 126721
105523 	  95442
105523 	 117081
105523 	  96113
105523 	 111407
105523 	 101510
105523 	 127855
105523 	   4363
105523 	 119325
105523 	 118363
105523 	 100782
105523 	 102383
105523 	 119311
105523 	   5133
105523 	 101463
105523 	   2524
105523 	 115606
105523 	  92527
105523 	 111297
105523 	 100142
105523 	 122891
129421 	 130387
129421 	  92014
129421 	 127242
129421 	 126869
129421 	 126040
129421 	 126721
129421 	 127649
129421 	  94264
129421 	 117951
129421 	 105970
129421 	 122251
129421 	   5103
129421 	   2622
129421 	  92527
129421 	 120346
129421 	 117950
113610 	 127102
113610 	 130387
113610 	 102380
113610 	  39337
113610 	  92014
113610 	 127242
113610 	 126869
113610 	 126040
113610 	  75030
113610 	 128844
113610 	 129131
113610 	 126200
113610 	 130983
113610 	 126721
113610 	  85402
113610 	 127649
113610 	 100909
113610 	 105970
113610 	 127855
113610 	   4363
113610 	 129960
113610 	 104295
113610 	 122251
113610 	 128762
113610 	   2622
113610 	 101463
113610 	  95336
113610 	 101749
113610 	 103677
113610 	  62649
113610 	 115220
113610 	  87759
113610 	 126974
103091 	  75030
103091 	 101160
103091 	 122840
 67993 	 127102
 67993 	 119680
 67993 	  39079
 67993 	 128844
 67993 	  15511
 67993 	 109693
 67993 	 122022
 67993 	 130983
 67993 	 131151
 67993 	 110268
 67993 	  91926
 67993 	  53672
 67993 	 108185
 67993 	  99477
 67993 	  44074
 67993 	 127451
 67993 	   4363
 67993 	  85890
 67993 	 118363
 67993 	  53106
 67993 	  85972
 67993 	  68681
 67993 	 125839
 67993 	  97207
 67993 	  91880
 67993 	 107568
 67993 	  98252
 67993 	 128974
 67993 	 101365
 67993 	 122945
 67993 	  99455
 67993 	  96900
 67993 	 114259
 67993 	 119112
 67993 	   2524
 67993 	   2251
 67993 	   1531
 67993 	  94602
 67993 	  52786
 67993 	 124477
 67993 	 101648
 67993 	 111297
 67993 	 118432
 67993 	  95350
 67993 	 117213
 67993 	 129421
 98991 	  96900
110898 	  75030
110898 	  73957
110898 	  69513
110898 	 103091
 61753 	 119680
 61753 	  39079
 61753 	  91563
 61753 	 106302
 61753 	 109693
 61753 	  88333
 61753 	   8980
 61753 	 130780
 61753 	 129131
 61753 	  91926
 61753 	 108185
 61753 	  93950
 61753 	  70646
 61753 	 101463
 61753 	 120065
 61753 	 119112
 61753 	   2251
 61753 	  62268
 61753 	  52786
 61753 	  95781
 61753 	 116898
 61753 	 105156
 61753 	 119685
 61753 	 118432
 61753 	  94015
 61753 	 117213
 61753 	 129421
 93696 	  95182
 93696 	  18307
 93696 	 131151
 93696 	  65408
 93696 	  29716
 93696 	  85402
 93696 	 103296
 93696 	  72992
 93696 	  95336
 93696 	  66221
 93696 	  62649
 93696 	   3715
 93696 	  61753
 58883 	  93163
 58883 	  94264
 58883 	  93950
 58883 	 126216
119884 	  96900
110974 	  88141
110974 	 127102
110974 	  91563
110974 	  78533
110974 	 126869
110974 	 126040
110974 	 128844
110974 	 106205
110974 	  15511
110974 	 122022
110974 	  88333
110974 	  70752
110974 	   8980
110974 	 105455
110974 	 130983
110974 	 131151
110974 	 102278
110974 	  91926
110974 	 117951
110974 	 127855
110974 	   4363
110974 	  85972
110974 	  94785
110974 	   2911
110974 	  65887
110974 	   8179
110974 	   2622
110974 	  91880
110974 	 128974
110974 	 101365
110974 	  96900
110974 	 114259
110974 	   2524
110974 	   2251
110974 	   1531
110974 	  52786
110974 	 116898
110974 	 105156
110974 	   2267
110974 	  94015
110974 	 117213
110974 	 129421
123022 	 127242
123022 	   5543
123022 	 106302
123022 	 122022
123022 	 131018
123022 	 130986
123022 	 128762
123022 	 109370
123022 	 101463
123022 	  96012
123022 	 119112
123022 	  95781
123022 	 115258
123022 	  95350
123022 	 129421
123022 	  98991
100744 	  94927
100744 	 117891
100744 	  92014
100744 	 110571
100744 	 118363
100744 	 129434
100744 	 128492
100744 	  91880
100744 	   2251
100744 	 122600
100744 	  94602
100744 	 105156
100744 	 128471
100744 	 115258
100744 	 123022
118234 	 101160
118234 	 102503
118234 	 122840
118234 	 126216
122171 	  59539
122171 	 130387
122171 	 126869
122171 	  80370
122171 	 126040
122171 	  15511
122171 	 122022
122171 	  88333
122171 	   8980
122171 	 110268
122171 	  91926
122171 	  31490
122171 	 113290
122171 	 117951
122171 	 119111
122171 	 101544
122171 	 101892
122171 	  94785
122171 	 122251
122171 	 109370
122171 	   5133
122171 	  73957
122171 	 128974
122171 	 101365
122171 	  96900
122171 	   2524
122171 	 115606
122171 	 105413
122171 	 116898
122171 	 105156
122171 	   3715
122171 	 120346
122171 	 118432
122171 	  95513
122171 	  94015
122171 	 117213
122171 	 129421
122171 	 103091
115883 	  94908
115883 	  94927
115883 	  96511
115883 	 117891
115883 	 119680
115883 	 130665
115883 	 106302
115883 	 110571
115883 	 122022
115883 	  88333
115883 	 131018
115883 	 105455
115883 	 124999
115883 	  28241
115883 	 102278
115883 	  91926
115883 	 117081
115883 	  31490
115883 	 102503
115883 	 111407
115883 	 100909
115883 	  99477
115883 	  72459
115883 	 101510
115883 	 119325
115883 	  58481
115883 	 118363
115883 	 130986
115883 	  85972
115883 	 129434
115883 	 104295
115883 	  91637
115883 	   2911
115883 	 119311
115883 	 128762
115883 	   5103
115883 	 124080
115883 	  97207
115883 	 103133
115883 	 101365
115883 	  99159
115883 	  99455
115883 	 119112
115883 	 115606
115883 	 101749
115883 	   2251
115883 	 115220
115883 	  52786
115883 	 101648
115883 	  95781
115883 	 116898
115883 	 105156
115883 	  95409
115883 	 119685
115883 	 126248
115883 	 118432
115883 	 129421
115883 	 113610
115883 	  98991
115883 	 100744
115883 	 115883
 67672 	 126216
111227 	  58481
111227 	  94785
111227 	  48486
 52250 	 102380
 52250 	 127242
 52250 	 128844
 52250 	 105455
 52250 	 131151
 52250 	 127649
 52250 	  95442
 52250 	  92250
 52250 	 102078
 52250 	 102503
 52250 	  99477
 52250 	   4363
 52250 	  58481
 52250 	  67846
 52250 	 100782
 52250 	 128762
 52250 	  43129
 52250 	   8179
 52250 	 103133
 52250 	  99455
 52250 	 101648
 52250 	    514
 52250 	 122891
 52250 	 103973
121157 	 102380
121157 	   2622
121157 	  66221
121157 	  52224
121157 	  58416
121157 	  98991
 81503 	 126626
 81503 	  75566
 81503 	 128471
 81503 	  95350
116540 	 127102
116540 	  78533
116540 	 129131
116540 	 130983
116540 	 114535
116540 	 111407
116540 	 129960
116540 	  94785
116540 	  65887
116540 	   8179
116540 	  97207
116540 	  66221
116540 	 108273
116540 	  62268
116540 	 111297
116540 	  51767
116540 	   2267
116540 	  94005
116540 	 126974
116540 	 105523
123045 	  80370
123045 	 109693
123045 	 101160
123045 	  91926
123045 	  95442
123045 	  51289
123045 	  94264
123045 	 122840
123045 	 118363
123045 	  67846
123045 	  53106
123045 	  43129
123045 	   2622
123045 	 120065
123045 	  73957
123045 	 101365
123045 	  28201
123045 	  69513
123045 	 124881
123045 	 123045
  2268 	 102380
  2268 	 109693
  2268 	 102278
  2268 	 127649
  2268 	 118363
  2268 	 129960
  2268 	  94785
  2268 	 102383
  2268 	  91880
  2268 	 101365
  2268 	  93866
  2268 	 101648
  2268 	 126974
  2268 	 129421
  2268 	  98991
  2268 	 123022
126651 	  94927
126651 	  96511
126651 	 130387
126651 	 117891
126651 	 110641
126651 	 106205
126651 	 101160
126651 	 122840
126651 	 129434
126651 	 128492
126651 	 122600
126651 	 116898
126651 	 128471
126651 	 118432
126651 	 103091
126651 	 123045
 92509 	  88333
 82242 	 127102
 82242 	  59539
 82242 	  92014
 82242 	  91563
 82242 	  80370
 82242 	 128844
 82242 	  15511
 82242 	 122022
 82242 	 105455
 82242 	 130983
 82242 	 131151
 82242 	 102278
 82242 	 117081
 82242 	 108185
 82242 	 127855
 82242 	   4363
 82242 	 119325
 82242 	  67846
 82242 	  53106
 82242 	 130986
 82242 	  94785
 82242 	 119311
 82242 	  43129
 82242 	   8179
 82242 	 109370
 82242 	   2622
 82242 	  91880
 82242 	 101463
 82242 	  96900
 82242 	 114259
 82242 	   2524
 82242 	 115606
 82242 	   2251
 82242 	   1531
 82242 	 116898
 82242 	  28201
 82242 	   3715
 82242 	  69513
 82242 	   2267
 82242 	    514
 82242 	  94015
 82242 	 117213
 82242 	  98991
 82242 	 103973
 82242 	   2268
113681 	  75030
113681 	  88333
113681 	  91926
113681 	  85972
113681 	 101365
113681 	 122945
113681 	 122891
 75661 	 109693
 75661 	  91926
 75661 	  51289
 75661 	  72459
 75661 	 118363
 75661 	 100782
 75661 	 101365
 75661 	   2251
 75661 	  34379
 66563 	 127102
 66563 	 128844
 66563 	   8980
 66563 	 130983
 66563 	 127855
 66563 	  70646
 66563 	 126216
 66563 	 103973
 62878 	 102380
 62878 	  95573
 62878 	 126869
 62878 	  95603
 62878 	  96113
 62878 	   5103
 62878 	  94602
 62878 	 127221
 62878 	 106697
 62878 	 124177
 62878 	 119717
 62878 	 124225
 62878 	  96223
 62878 	 102995
 62878 	 115465
 62878 	  95790
 62878 	 123976
 62878 	  98991
100172 	  88141
100172 	  39079
100172 	 127242
100172 	  78533
100172 	 126040
100172 	 106205
100172 	  15511
100172 	 109693
100172 	   8980
100172 	 130780
100172 	 107934
100172 	 105455
100172 	 110268
100172 	 127649
100172 	  91926
100172 	  31490
100172 	 108185
100172 	  72459
100172 	  85890
100172 	 118363
100172 	  91637
100172 	 102383
100172 	 109370
100172 	   2622
100172 	  91880
100172 	  73957
100172 	 128974
100172 	 101365
100172 	 122945
100172 	  96900
100172 	   2251
100172 	   1531
100172 	 101648
100172 	 111297
100172 	 116898
100172 	 119685
100172 	  95513
100172 	  94015
100172 	 103091
100172 	 123022
100172 	 113681
108160 	 100617
108160 	  59539
108160 	  92014
108160 	 127242
108160 	  52768
108160 	   2986
108160 	  62372
108160 	 114621
108160 	  18307
108160 	 129131
108160 	 126200
108160 	 131151
108160 	 102278
108160 	  29716
108160 	  94264
108160 	 111407
108160 	  44074
108160 	  93950
108160 	 130986
108160 	 103296
108160 	 128762
108160 	   5103
108160 	  66221
108160 	  62268
108160 	  27623
108160 	  51767
108160 	   3715
108160 	  98991
108160 	 103973
 77586 	 130387
 77586 	  92014
 77586 	 127242
 77586 	 126869
 77586 	 126040
 77586 	  88333
 77586 	  70752
 77586 	 127649
 77586 	  94264
 77586 	 108185
 77586 	  85890
 77586 	   2622
 77586 	  91880
 77586 	  96900
 77586 	  92527
 77586 	   2251
 77586 	 111297
 77586 	 116898
 77586 	 118432
 77586 	  94015
 77586 	 103973
 77586 	 121157
128300 	 126869
128300 	 109693
128300 	 119617
128300 	 115606
128300 	  94602
128300 	 116898
128300 	  82463
128300 	  98991
101850 	  96511
101850 	 117891
101850 	  91563
101850 	  15511
101850 	 109693
101850 	  99902
101850 	  88333
101850 	  70752
101850 	   8980
101850 	 126721
101850 	  70646
101850 	 129960
101850 	 128492
101850 	 122600
101850 	   1531
101850 	  62268
101850 	 119685
101850 	 117213
 50309 	 102380
 50309 	 127242
 50309 	 106205
 50309 	 129131
 50309 	 102278
 50309 	 127649
 50309 	 127855
 50309 	   4363
 50309 	 118363
 50309 	  67846
 50309 	 129960
 50309 	 102383
 50309 	 128762
 50309 	 118768
 50309 	  28201
 50309 	 122891
 50309 	  98991
 50309 	 123022
 50309 	 115883
 50309 	   7303
 50309 	  75661
 50309 	 101850
 91740 	  75030
 91740 	   2622
 91740 	  52224
 59944 	  10217
 59944 	   2622
 80885 	 110268
 80885 	 101160
 80885 	 122840
 80885 	  81262
 80885 	  95350
 80885 	  58883
 66886 	 119680
 66886 	 125161
 66886 	  96012
 66886 	 100172
103733 	  93163
103733 	 119680
103733 	 106302
103733 	 101160
103733 	  94264
103733 	 122840
103733 	  72459
103733 	  93950
103733 	 126216
103733 	 125161
103733 	   2622
103733 	 123045
 74664 	  92014
 74664 	  75030
 74664 	 126200
 74664 	 105455
 74664 	 131151
 74664 	  66308
 74664 	  94264
 74664 	  93950
 74664 	 130986
 74664 	   5103
 74664 	   2622
 74664 	 107458
 74664 	  92527
 74664 	  62268
 74664 	 100142
 74664 	  93696
 74664 	 100744
 74664 	 103973
100737 	 130387
100737 	  92014
100737 	 127242
100737 	 126040
100737 	  88333
100737 	  70752
100737 	   8980
100737 	 127649
100737 	  94264
100737 	 118363
100737 	   2622
100737 	  91880
100737 	  73957
100737 	  92527
100737 	 116898
100737 	 118432
100737 	  94015
100737 	 103091
100737 	 103973
100737 	 121157
100737 	 100172
108765 	  59539
108765 	 102380
108765 	  92014
108765 	 127242
108765 	  78533
108765 	  97838
108765 	 106205
108765 	  99902
108765 	 129131
108765 	 105455
108765 	 131151
108765 	 102278
108765 	 127649
108765 	  95442
108765 	 117081
108765 	 101510
108765 	   4363
108765 	  93950
108765 	 118363
108765 	 100782
108765 	  53106
108765 	 130986
108765 	 128762
108765 	   8179
108765 	   2622
108765 	   5133
108765 	 103133
108765 	 102481
108765 	 115606
108765 	  92527
108765 	 101648
108765 	 111297
108765 	  27623
108765 	   3715
108765 	 122891
108765 	 126974
108765 	  93696
108765 	 123022
108765 	 103973
108765 	 113681
108765 	 108160
108765 	  50309
119270 	 130387
119270 	  92014
119270 	 126869
119270 	 126040
119270 	  76155
119270 	 126721
119270 	 113290
119270 	 117951
119270 	   2622
119270 	  92527
119270 	 108174
119270 	  83275
119270 	 118234
119270 	 103973
119270 	  92509
108254 	  96900
103038 	 117951
103038 	   5103
103038 	 118768
103038 	 115606
103038 	 122171
126048 	 100617
126048 	 127242
126048 	 129131
126048 	 131151
126048 	  53672
126048 	  44074
126048 	 130986
126048 	 128762
126048 	  93866
126048 	  75566
126048 	  62268
126048 	  65978
126048 	 100744
126048 	 103973
 99548 	  70788
 86131 	 119680
 86131 	 109693
 86131 	 110268
 86131 	 101160
 86131 	  91926
 86131 	  95442
 86131 	  94264
 86131 	 122840
 86131 	 127855
 86131 	 118363
 86131 	  67846
 86131 	 100782
 86131 	  53106
 86131 	 124419
 86131 	   2622
 86131 	 101365
 86131 	 122945
 86131 	  28201
 86131 	 115258
 86131 	  69513
 86131 	 123045
  7854 	 100617
  7854 	 127242
  7854 	  78533
  7854 	  75030
  7854 	 114621
  7854 	  91848
  7854 	 129131
  7854 	 126200
  7854 	 131151
  7854 	 102278
  7854 	  66308
  7854 	 130986
  7854 	 128762
  7854 	   8179
  7854 	  76449
  7854 	 101463
  7854 	  75566
  7854 	  62268
  7854 	  74286
  7854 	 100142
  7854 	   2267
  7854 	  76438
  7854 	  98991
  7854 	 100744
  7854 	   2268
  7854 	  75661
  7854 	  74664
  7854 	   7854
126574 	 106205
126574 	  99902
126574 	 129131
126574 	  66308
126574 	 101510
126574 	 127855
126574 	   4363
126574 	  58481
126574 	 118363
126574 	 100782
126574 	 129960
126574 	 102383
126574 	   2622
126574 	 102481
126574 	 115606
126574 	 101648
126574 	 122891
126574 	 126974
126574 	 123022
126574 	 115883
126574 	 113681
126574 	   7854
 66058 	 130387
 66058 	  50275
 66058 	  92014
 66058 	 127242
 66058 	 126869
 66058 	 126040
 66058 	  76155
 66058 	 126721
 66058 	 127649
 66058 	  94264
 66058 	 113290
 66058 	 117951
 66058 	 105970
 66058 	 122251
 66058 	   2622
 66058 	  92527
 66058 	 108174
 66058 	  83275
 66058 	 120346
 66058 	 117950
 66058 	 118234
 66058 	 103973
 66058 	  92509
 66058 	  50309
127707 	  39079
127707 	  91563
127707 	   4363
127707 	 119325
127707 	  93950
127707 	 118363
127707 	 119311
127707 	 101463
127707 	   2524
127707 	  62268
127707 	 122891
127707 	 126974
 94837 	 127102
 94837 	  59539
 94837 	  91563
 94837 	 126869
 94837 	  80370
 94837 	 128844
 94837 	  15511
 94837 	 122022
 94837 	   8980
 94837 	 130983
 94837 	  91926
 94837 	 113290
 94837 	 108185
 94837 	 127855
 94837 	   4363
 94837 	  85890
 94837 	  58481
 94837 	  53106
 94837 	 130986
 94837 	  85972
 94837 	  94785
 94837 	 128762
 94837 	 109370
 94837 	   5133
 94837 	  91880
 94837 	 119617
 94837 	  96900
 94837 	 114259
 94837 	 119112
 94837 	 115606
 94837 	   2251
 94837 	  94602
 94837 	  83275
 94837 	   3715
 94837 	  69513
 94837 	   2267
 94837 	  94015
 94837 	 117213
 94837 	  98991
 94837 	 103973
 94837 	   2268
 94837 	  91740
 94837 	   7854
 94837 	  66058
126274 	 102380
126274 	 118363
126274 	 102383
126274 	   5103
126274 	 101673
126274 	  94602
126274 	 119717
126274 	 115465
126274 	 109399
126274 	  98991
124069 	 127451
124069 	  97207
124069 	  95350
124069 	 126574
119890 	 119680
119890 	 106302
119890 	  94264
119890 	  72459
119890 	  93950
119890 	 126216
119890 	 125161
119890 	  97207
119890 	 123045
119890 	 106244
 41611 	 106205
 41611 	  99902
 41611 	 126721
 41611 	  92250
 41611 	 102503
 41611 	 100909
 41611 	  99477
 41611 	 101510
 41611 	 119111
 41611 	 118363
 41611 	 104295
 41611 	 102383
 41611 	 124080
 41611 	 103133
 41611 	  99455
 41611 	 102481
 41611 	 101749
 41611 	 103677
 41611 	 115220
 41611 	 123022
 41611 	 115883
 41611 	 103973
 41611 	 128300
 41611 	 108765
127382 	  94927
127382 	 130665
127382 	  97838
127382 	  75030
127382 	 130780
127382 	 108185
127382 	 128492
127382 	  73957
127382 	  52224
127382 	 122600
127382 	  95409
127382 	  69513
127382 	 126248
127382 	 118432
127382 	  95513
127382 	 113610
127382 	 103091
127382 	  58883
127382 	 127707
127382 	 127382
 60615 	 126869
 60615 	 130218
 60615 	 119325
 60615 	 102383
 60615 	 119311
 60615 	 119617
 60615 	  96900
 60615 	 119112
 60615 	  94602
 60615 	 116898
 60615 	 118432
 60615 	  98991
 60615 	 100172
103084 	  88141
103084 	  15511
103084 	 109693
103084 	   8980
103084 	  91926
103084 	 108185
103084 	  85972
103084 	 109370
103084 	 128974
103084 	 101365
103084 	 114259
103084 	   1531
103084 	  52786
103084 	 116898
103084 	  51767
103084 	 119685
103084 	  94015
103084 	 129421
103084 	   7303
130419 	 127102
130419 	  59539
130419 	 118052
130419 	 102380
130419 	 127242
130419 	  97838
130419 	  52768
130419 	   2986
130419 	 128844
130419 	  99902
130419 	 129131
130419 	 130983
130419 	 131151
130419 	 126721
130419 	 102278
130419 	 127649
130419 	  66308
130419 	  95442
130419 	 117081
130419 	  94332
130419 	 114535
130419 	 111407
130419 	  65863
130419 	 101510
130419 	 127855
130419 	   4363
130419 	  58481
130419 	  67846
130419 	 100782
130419 	  53106
130419 	 129960
130419 	 130986
130419 	  94785
130419 	 102383
130419 	 128762
130419 	   8179
130419 	 101463
130419 	 118768
130419 	  85142
130419 	 102481
130419 	   2524
130419 	  37464
130419 	 108273
130419 	 115606
130419 	  62268
130419 	 106697
130419 	  27623
130419 	  65782
130419 	  28201
130419 	   3715
130419 	 102995
130419 	   2267
130419 	 115465
130419 	  94005
130419 	 126974
130419 	 105523
130419 	  98991
130419 	 123022
130419 	 115883
130419 	 103973
130419 	   2268
130419 	   7303
130419 	  75661
130419 	  66563
130419 	 108160
130419 	 101850
130419 	   7854
130419 	 103084
130419 	 130419
 68575 	  96511
 68575 	 127242
 68575 	 106205
 68575 	  88333
 68575 	  70752
 68575 	 127649
 68575 	  85890
 68575 	 102383
 68575 	   2622
 68575 	  73957
 68575 	 111297
 68575 	  74885
 68575 	 128471
 68575 	 126248
 68575 	 118432
 68575 	 113610
 68575 	 115883
 68575 	 127707
117924 	  93163
117924 	 119680
117924 	 106302
117924 	 101160
117924 	  94264
117924 	 122840
117924 	  72459
117924 	  93950
117924 	 126216
117924 	 125161
117924 	 123045
 62617 	 127102
 62617 	 102380
 62617 	 128844
 62617 	 107934
 62617 	 129131
 62617 	 130983
 62617 	  85402
 62617 	  95442
 62617 	 101510
 62617 	 127855
 62617 	 129960
 62617 	 128762
 62617 	 101463
 62617 	 120998
 62617 	  62649
 62617 	  61753
 62617 	  60615
128707 	  94908
128707 	  94927
128707 	  96511
128707 	 117891
128707 	 106302
128707 	 106205
128707 	 110571
128707 	 122022
128707 	  88333
128707 	 131018
128707 	  92865
128707 	  92250
128707 	  96113
128707 	 102078
128707 	 102503
128707 	 108185
128707 	 105970
128707 	 101510
128707 	 119111
128707 	 101544
128707 	 118363
128707 	 130986
128707 	 129434
128707 	 104295
128707 	 128492
128707 	 102383
128707 	 122251
128707 	   2911
128707 	 124080
128707 	 103133
128707 	 101463
128707 	  96012
128707 	  99159
128707 	  99455
128707 	 120998
128707 	 101749
128707 	 103677
128707 	 122600
128707 	 115220
128707 	  95781
128707 	  95409
128707 	 120346
128707 	 118432
128707 	  95350
128707 	 117950
128707 	 113610
128707 	 103091
128707 	 123022
128707 	 103973
128707 	  92509
128707 	  77586
128707 	 128300
128707 	 106244
128707 	 108765
128707 	 126646
128707 	 126574
128707 	 127707
128707 	 117924
126992 	 106302
126992 	 125161
126992 	  95781
126992 	 119685
126992 	 100172
 96495 	 127242
 96495 	  78533
 96495 	 106205
 96495 	  15511
 96495 	 109693
 96495 	 122022
 96495 	   8980
 96495 	 105455
 96495 	 131151
 96495 	 127649
 96495 	  91926
 96495 	 102078
 96495 	 111407
 96495 	 108185
 96495 	  75641
 96495 	 119325
 96495 	 129960
 96495 	 130986
 96495 	  94785
 96495 	  91637
 96495 	 102383
 96495 	 119311
 96495 	 128762
 96495 	   2622
 96495 	   5133
 96495 	 101463
 96495 	  98252
 96495 	  66221
 96495 	 114259
 96495 	 102481
 96495 	 108273
 96495 	 115606
 96495 	   2251
 96495 	  52224
 96495 	   1531
 96495 	 101648
 96495 	 111297
 96495 	 116898
 96495 	 121308
 96495 	  94015
 96495 	 117213
 96495 	  65978
 96495 	 109086
 96495 	 126974
 96495 	 105523
 96495 	 129421
 96495 	 123022
 96495 	 113681
 96495 	 119270
 96495 	   7854
 96495 	 126274
 51984 	 126048
105872 	  94908
105872 	 127102
105872 	 130387
105872 	 102380
105872 	 127242
105872 	 126869
105872 	  97838
105872 	 128844
105872 	 106205
105872 	  99902
105872 	 129131
105872 	 126200
105872 	 130983
105872 	 126721
105872 	  65408
105872 	  85402
105872 	 127649
105872 	  95442
105872 	 100909
105872 	 127855
105872 	 101544
105872 	 105815
105872 	 129960
105872 	 130986
105872 	  94785
105872 	 104295
105872 	 102383
105872 	 128762
105872 	 124080
105872 	   2622
105872 	 103133
105872 	 101463
105872 	  65192
105872 	 102481
105872 	 101749
105872 	 103677
105872 	  62649
105872 	 115220
105872 	  27623
105872 	  87759
105872 	 120346
105872 	  86335
105872 	  61797
105872 	 122891
105872 	 126974
105872 	  61753
105872 	  93696
105872 	 118234
105872 	 115883
105872 	 103973
105872 	 108160
105872 	 128300
105872 	 108765
105872 	  60615
105872 	 126992
101248 	 109693
101248 	 105455
101248 	 118363
101248 	 102383
101248 	 119112
101248 	  94602
101248 	 116898
101248 	 118432
101248 	  68575
124765 	 115883
 95929 	  88141
 95929 	  59539
 95929 	  91563
 95929 	 127242
 95929 	   2986
 95929 	  62372
 95929 	 106205
 95929 	  15511
 95929 	 109693
 95929 	  88333
 95929 	   8980
 95929 	 130780
 95929 	 131018
 95929 	 126200
 95929 	 102278
 95929 	 127649
 95929 	  95442
 95929 	  31490
 95929 	  96113
 95929 	 111407
 95929 	 108185
 95929 	  44074
 95929 	 127451
 95929 	  70646
 95929 	 118363
 95929 	 100782
 95929 	  68681
 95929 	   5103
 95929 	 109370
 95929 	  97207
 95929 	  96012
 95929 	 101365
 95929 	  66221
 95929 	 122945
 95929 	 114259
 95929 	 119112
 95929 	 115606
 95929 	   2251
 95929 	   1531
 95929 	  62268
 95929 	 111297
 95929 	  27623
 95929 	 116898
 95929 	  51767
 95929 	 105156
 95929 	 119685
 95929 	   3715
 95929 	 118432
 95929 	  94015
 95929 	 129421
 95929 	 103091
 95929 	  93696
 95929 	 100744
 95929 	 113681
 95929 	 126574
 95929 	  94837
 95929 	  68575
 95929 	 128707
 95929 	 126992
 95929 	  51984
 97187 	  91848
 97187 	  82246
 97187 	  96113
 97187 	  94785
 90122 	  99902
 90122 	  85890
 90122 	  65192
 90122 	 122891
 66016 	 130387
 66016 	  92014
 66016 	 127242
 66016 	 126869
 66016 	 126040
 66016 	  88333
 66016 	  70752
 66016 	 127649
 66016 	  94264
 66016 	 108185
 66016 	  85972
 66016 	  68681
 66016 	   2622
 66016 	 115606
 66016 	  92527
 66016 	 116898
 66016 	  94015
 66016 	 103973
 66016 	 121157
 66016 	 127382
 66016 	 126992
102704 	 127242
102704 	  70752
102704 	   8980
102704 	 128492
102704 	 122600
102704 	 116898
102704 	 118432
102704 	 123022
102704 	 115883
102704 	 121157
102704 	 101248
131601 	 130387
131601 	  92014
131601 	 127242
131601 	 126040
131601 	  88333
131601 	   8980
131601 	 127649
131601 	  94264
131601 	 108185
131601 	 101510
131601 	  85890
131601 	 118363
131601 	 102383
131601 	  73957
131601 	 119617
131601 	  92527
131601 	   2251
131601 	 111297
131601 	 116898
131601 	 105156
131601 	 118432
131601 	  94015
131601 	 103973
131601 	 121157
131601 	 100172
131601 	 126574
131601 	 127382
131601 	 101248
111569 	  59539
111569 	  91563
111569 	 127242
111569 	   2986
111569 	 106302
111569 	 106205
111569 	  15511
111569 	 109693
111569 	  88333
111569 	   8980
111569 	 129131
111569 	 131018
111569 	 126200
111569 	 102278
111569 	 127649
111569 	  95442
111569 	  96113
111569 	 102503
111569 	 108185
111569 	  44074
111569 	 127451
111569 	   4363
111569 	 119111
111569 	  70646
111569 	 118363
111569 	 128762
111569 	   5103
111569 	 109370
111569 	  97207
111569 	   5133
111569 	  96012
111569 	 118768
111569 	 101365
111569 	  66221
111569 	 122945
111569 	 119112
111569 	  92527
111569 	   2251
111569 	   1531
111569 	  62268
111569 	 111297
111569 	  27623
111569 	 116898
111569 	  51767
111569 	 105156
111569 	 119685
111569 	   3715
111569 	 118432
111569 	 101486
111569 	  94015
111569 	 129421
111569 	  93696
111569 	 100744
111569 	 113681
111569 	 101850
111569 	 126048
111569 	 126574
111569 	  68575
111569 	 126992
111569 	  51984
111569 	 102704
101342 	  95442
101342 	 100782
101342 	 101648
101342 	  67672
 68241 	 127102
 68241 	  92014
 68241 	 127242
 68241 	 128844
 68241 	 105455
 68241 	 130983
 68241 	 131151
 68241 	 126721
 68241 	 102278
 68241 	 127649
 68241 	 127855
 68241 	 119325
 68241 	  67846
 68241 	  53106
 68241 	 129960
 68241 	 130986
 68241 	 119311
 68241 	 128762
 68241 	  43129
 68241 	   2622
 68241 	 101463
 68241 	   2524
 68241 	 115606
 68241 	  92527
 68241 	  62268
 68241 	  28201
 68241 	  98991
 68241 	 103973
 68241 	 108160
 68241 	 130419
 68241 	  51984
 68241 	  97187
 68241 	 101342
124365 	  65408
 97422 	 118052
 97422 	 102380
 97422 	 126869
 97422 	 118768
 97422 	 101673
 97422 	  94602
 97422 	 107489
 97422 	 115465
 97422 	 109399
 97422 	  98991
113690 	 127102
113690 	 102380
113690 	  92014
113690 	 127242
113690 	  78533
113690 	 126040
113690 	  62372
113690 	 128844
113690 	 114621
113690 	  18307
113690 	 129131
113690 	 126200
113690 	 130983
113690 	 131151
113690 	 102278
113690 	  29716
113690 	  85402
113690 	  94264
113690 	 100909
113690 	 117951
113690 	 127855
113690 	   4363
113690 	  93950
113690 	 101544
113690 	 129960
113690 	 130986
113690 	 104295
113690 	   2911
113690 	 128762
113690 	 124080
113690 	  76449
113690 	 103133
113690 	 101463
113690 	  65192
113690 	  15972
113690 	 101749
113690 	 108174
113690 	  75566
113690 	  52224
113690 	 103677
113690 	  62649
113690 	  62268
113690 	 115220
113690 	  74286
113690 	 120346
113690 	 117950
113690 	  76438
113690 	 126974
113690 	  98991
113690 	  61753
113690 	 118234
113690 	 103973
113690 	  92509
113690 	 108160
113690 	  74664
113690 	 108765
113690 	 119890
113690 	  41611
113690 	  60615
113690 	  62617
113690 	 126992
113690 	  97187
113690 	 111569
113690 	 101342
 94367 	  96511
 94367 	 106205
 94367 	  96012
 94367 	 119617
 94367 	 100172
 94367 	 126574
108883 	  59539
108883 	 100225
108883 	  78533
108883 	  52768
108883 	  51213
108883 	 117081
108883 	 111407
108883 	 100909
108883 	 105970
108883 	 119111
108883 	 122251
108883 	 103296
108883 	 124080
108883 	   5133
108883 	  76449
108883 	 103133
108883 	 107458
108883 	 101673
108883 	 108273
108883 	 115220
108883 	 107489
108883 	  74286
108883 	 107890
108883 	  76438
108883 	 122171
108883 	 128300
108883 	  74664
108883 	 108765
108883 	  41611
108883 	 117924
108883 	  62617
108883 	  76123
108883 	 111569
128822 	  88141
128822 	  59539
128822 	  39079
128822 	  91563
128822 	  78533
128822 	  52768
128822 	   2986
128822 	 106205
128822 	  15511
128822 	 122022
128822 	 105455
128822 	 110268
128822 	  91926
128822 	  95442
128822 	 117081
128822 	  92865
128822 	 111407
128822 	  93950
128822 	 118363
128822 	  67846
128822 	  85972
128822 	 102383
128822 	 103296
128822 	   5103
128822 	 128974
128822 	 122945
128822 	 114259
128822 	 108273
128822 	 115606
128822 	  92527
128822 	   2251
128822 	   1531
128822 	  52786
128822 	 111297
128822 	  27623
128822 	 116898
128822 	  28201
128822 	 119685
128822 	  95513
128822 	  94015
128822 	 105523
128822 	 103091
128822 	 121157
128822 	 123045
128822 	   7303
128822 	  91740
128822 	  66058
128822 	  94837
128822 	  68575
128822 	  51984
128822 	 101248
128822 	 124365
128822 	  94367
128975 	 127102
128975 	  59539
128975 	 102380
128975 	  92014
128975 	 127242
128975 	  78533
128975 	 128844
128975 	 105455
128975 	 130983
128975 	 131151
128975 	 126721
128975 	 127649
128975 	  66308
128975 	 113290
128975 	 127855
128975 	   4363
128975 	  58481
128975 	  67846
128975 	  53106
128975 	 129960
128975 	 130986
128975 	  94785
128975 	 128762
128975 	  43129
128975 	   8179
128975 	   2622
128975 	   5133
128975 	 101463
128975 	   2524
128975 	 115606
128975 	  92527
128975 	  83275
128975 	  62268
128975 	  28201
128975 	   3715
128975 	   2267
128975 	    514
128975 	  93696
128975 	 103973
128975 	   2268
128975 	  75661
128975 	 108160
128975 	  50309
128975 	   7854
128975 	 130419
128975 	  51984
128975 	  97187
128975 	 101342
128975 	 128975
123702 	 115220
123702 	 102995
102759 	  92014
102759 	 128397
102759 	 127242
102759 	  75030
102759 	  15511
102759 	  88333
102759 	 126200
102759 	 105455
102759 	 113027
102759 	 131151
102759 	  92865
102759 	  94264
102759 	 129134
102759 	 130986
102759 	  52894
102759 	 128762
102759 	 109370
102759 	   2622
102759 	  97207
102759 	 108127
102759 	 119617
102759 	 119112
102759 	  92527
102759 	 118432
102759 	  94015
102759 	 103973
102759 	 100172
102759 	  77586
102759 	 126992
102759 	  90122
102759 	 101342
102759 	  94367
126225 	 127102
126225 	  39337
126225 	  92014
126225 	 126040
126225 	 128844
126225 	 106205
126225 	  99902
126225 	 105455
126225 	 130983
126225 	 102078
126225 	 127855
126225 	  93950
126225 	  67846
126225 	 130986
126225 	 102383
126225 	   8179
126225 	   2622
126225 	 101463
126225 	   2524
126225 	  62268
126225 	  27623
126225 	   3715
126225 	 123022
126225 	 115883
126225 	 103973
126225 	  50309
126225 	   7854
126225 	 130419
126225 	  51984
126225 	  97187
126225 	 101342
113068 	  92014
113068 	  78533
113068 	  62372
113068 	  75030
113068 	 114621
113068 	  18307
113068 	 126200
113068 	 105455
113068 	 131151
113068 	 102278
113068 	  29716
113068 	  66308
113068 	  94264
113068 	 130986
113068 	   5103
113068 	   2622
113068 	 107458
113068 	  92527
113068 	  75566
113068 	  62268
113068 	 119717
113068 	  95790
113068 	  93696
113068 	 100744
113068 	 103973
113068 	  41611
113068 	  62617
113068 	 126992
 95748 	 119680
 95748 	  91563
 95748 	 106302
 95748 	 106205
 95748 	 114621
 95748 	 109693
 95748 	 131018
 95748 	  93171
 95748 	 102278
 95748 	 110268
 95748 	 127649
 95748 	  95442
 95748 	  96113
 95748 	 102503
 95748 	  94264
 95748 	 108185
 95748 	  72459
 95748 	 127855
 95748 	 119325
 95748 	  93950
 95748 	 118363
 95748 	 100782
 95748 	  53106
 95748 	 102383
 95748 	 103296
 95748 	 119311
 95748 	   5103
 95748 	   5133
 95748 	 101463
 95748 	  96012
 95748 	 128974
 95748 	  66221
 95748 	 122945
 95748 	  96900
 95748 	 114259
 95748 	 102481
 95748 	 119112
 95748 	   2524
 95748 	 101648
 95748 	 111297
 95748 	  95781
 95748 	 116898
 95748 	  28201
 95748 	 119685
 95748 	 121308
 95748 	   3715
 95748 	 118432
 95748 	 101486
 95748 	 117213
 95748 	 129421
 95748 	 123022
 95748 	 115883
 95748 	 106244
 95748 	 119270
 95748 	  99548
 95748 	  51984
 95748 	  97187
 95748 	 102704
 95748 	 101342
 95748 	 124365
 95748 	  94367
 95748 	 128975
 95748 	 126225
 95748 	  95748
 76053 	  76155
 90406 	 130387
 90406 	  92014
 90406 	 127242
 90406 	 126869
 90406 	 126040
 90406 	  88333
 90406 	  70752
 90406 	   8980
 90406 	 127649
 90406 	  94264
 90406 	  85890
 90406 	   2622
 90406 	  91880
 90406 	  96900
 90406 	  92527
 90406 	   2251
 90406 	 116898
 90406 	 118432
 90406 	  94015
 90406 	 103973
 90406 	 121157
 90406 	 127382
 90406 	 126992
 90406 	 101248
 90406 	  94367
 90406 	 128822
117793 	 131151
117793 	 130986
117793 	 128762
117793 	  34379
125108 	  78533
125108 	  31490
125108 	 114535
125108 	 111407
125108 	  75641
125108 	  94785
125108 	   8179
125108 	  66221
125108 	 108273
125108 	 111297
125108 	  51767
125108 	   2267
125108 	  94005
125108 	 105523
125108 	  70788
125108 	   7854
125108 	 130419
117490 	  88141
117490 	  92014
117490 	  78533
117490 	 106205
117490 	  15511
117490 	 122022
117490 	   8980
117490 	 105455
117490 	 131151
117490 	 126721
117490 	 102278
117490 	  91926
117490 	 114535
117490 	   4363
117490 	 119325
117490 	  58481
117490 	 130986
117490 	  85972
117490 	  94785
117490 	  68681
117490 	  65887
117490 	 119311
117490 	   5103
117490 	   8179
117490 	 109370
117490 	   2622
117490 	 101463
117490 	 128974
117490 	 101365
117490 	  66221
117490 	  96900
117490 	 114259
117490 	 108273
117490 	 115606
117490 	  92527
117490 	   2251
117490 	  52224
117490 	   1531
117490 	  52786
117490 	 111297
117490 	 116898
117490 	  51767
117490 	   2267
117490 	  94015
117490 	 117213
117490 	  94005
117490 	  65978
117490 	 126974
117490 	 105523
117490 	  98991
117490 	 121157
117490 	  66563
117490 	 108160
117490 	  91740
117490 	 119270
117490 	   7854
117490 	  66058
117490 	  68575
117490 	  97187
117490 	 101342
117490 	  76053
117344 	  78533
117344 	 126869
117344 	 106205
117344 	  15511
117344 	 109693
117344 	 122022
117344 	 126721
117344 	 102278
117344 	 127649
117344 	  91926
117344 	 114535
117344 	 108185
117344 	   4363
117344 	  85890
117344 	 119325
117344 	  58481
117344 	 129960
117344 	 130986
117344 	  85972
117344 	  94785
117344 	  68681
117344 	 119311
117344 	   5103
117344 	   8179
117344 	 109370
117344 	   2622
117344 	   5133
117344 	  91880
117344 	 101463
117344 	 128974
117344 	 101365
117344 	  66221
117344 	 119617
117344 	 114259
117344 	 119112
117344 	  92527
117344 	   2251
117344 	  52224
117344 	   1531
117344 	  94602
117344 	 111297
117344 	 116898
117344 	  51767
117344 	 119685
117344 	  69513
117344 	   2267
117344 	  94015
117344 	 117213
117344 	  65978
117344 	 105523
117344 	 129421
117344 	  98991
117344 	 121157
117344 	  66563
117344 	  91740
117344 	 119270
117344 	   7854
117344 	  66058
117344 	 130419
117344 	  68575
117344 	  97187
117344 	  68241
117344 	  76053
 97464 	  91880
 69636 	 119617
 69636 	 100172
 69636 	 126574
113639 	  97838
113639 	 110268
113639 	 101160
113639 	 122840
113639 	  73957
113639 	 122945
113639 	 122891
113639 	 123045
113639 	 117490
113639 	 117344
 52076 	  91848
 52076 	 126200
 52076 	  65408
 52076 	  69026
 52076 	 101510
 52076 	 127451
 52076 	  77153
 52076 	  91880
 52076 	 101365
 52076 	 122945
 52076 	 102481
 52076 	 100142
 52076 	 118432
 52076 	  95350
 52076 	 123022
 52076 	 100744
 52076 	   7303
 52076 	 119890
 52076 	 126992
 52076 	 124365
 34899 	  97838
 34899 	  62372
 34899 	  18307
 34899 	 126721
 34899 	  29716
 34899 	  94264
 34899 	 127855
 34899 	 119325
 34899 	  93950
 34899 	 100782
 34899 	  53106
 34899 	 129960
 34899 	 102383
 34899 	 119311
 34899 	   2622
 34899 	 101463
 34899 	   2524
 34899 	 115606
 34899 	  75566
 34899 	 101648
 34899 	 111297
 34899 	  28201
 34899 	 122891
 34899 	  93696
 34899 	 123022
 34899 	 108160
 34899 	 130419
 34899 	  51984
 34899 	  97187
 34899 	 101342
 34899 	 128975
 34899 	 117344
 34899 	  97464
 73555 	  94908
 73555 	  59539
 73555 	 118052
 73555 	 124080
 73555 	 103133
 73555 	 103677
 73555 	 118234
 73555 	 128300
 73555 	 108765
 73555 	 117793
 94032 	 130387
 94032 	  92014
 94032 	 127242
 94032 	 126869
 94032 	 126040
 94032 	 126721
 94032 	 127649
 94032 	  94264
 94032 	   2622
 94032 	  92527
 94032 	 103973
 94032 	 126992
 98993 	 127102
 98993 	  91563
 98993 	  80370
 98993 	  75030
 98993 	 128844
 98993 	  15511
 98993 	   8980
 98993 	 130983
 98993 	 126721
 98993 	 110268
 98993 	 101160
 98993 	  91926
 98993 	 108185
 98993 	  70646
 98993 	 126216
 98993 	  91880
 98993 	  96900
 98993 	 114259
 98993 	   2251
 98993 	   1531
 98993 	  52786
 98993 	 116898
 98993 	  69513
 98993 	  94015
 98993 	  91740
 98993 	 119270
 98993 	  66058
 98993 	 130419
129520 	  58481
129520 	   5133
129520 	 108765
129520 	 124765
129520 	 111569
129520 	 126225
 50841 	 102380
 50841 	  92014
 50841 	  15511
 50841 	 109693
 50841 	 122022
 50841 	   8980
 50841 	 129131
 50841 	 127649
 50841 	  91926
 50841 	 119325
 50841 	  93950
 50841 	  58481
 50841 	 118363
 50841 	  53106
 50841 	  85972
 50841 	  94785
 50841 	 119311
 50841 	 109370
 50841 	 101463
 50841 	 120065
 50841 	 101365
 50841 	 115606
 50841 	   1531
 50841 	  52786
 50841 	 105413
 50841 	 111297
 50841 	 119685
 50841 	  94015
 50841 	 126974
 50841 	  98991
 50841 	 115883
 50841 	 113681
 50841 	 108160
 50841 	 119270
 50841 	  51984
 50841 	  97187
 50841 	 101342
 50841 	 128975
 50841 	 113068
 50841 	 117344
 91849 	  94927
 91849 	 110641
 91849 	 127242
 91849 	 110571
 91849 	  88333
 91849 	  70752
 91849 	   8980
 91849 	 127649
 91849 	 108185
 91849 	  85890
 91849 	   2622
 91849 	  73957
 91849 	 122600
 91849 	 111297
 91849 	 116898
 91849 	 105156
 91849 	 115258
 91849 	 115883
 91849 	 126992
 91849 	  94367
 91849 	 128822
117925 	  93163
117925 	 119680
117925 	 106302
117925 	 109693
117925 	 122022
117925 	 110268
117925 	 101160
117925 	 127649
117925 	  91926
117925 	  95442
117925 	  94264
117925 	  72459
117925 	 127855
117925 	   4363
117925 	 119325
117925 	 118363
117925 	 100782
117925 	  53106
117925 	  68681
117925 	 125161
117925 	 119311
117925 	   2622
117925 	  73957
117925 	 122945
117925 	   2524
117925 	 115606
117925 	   2251
117925 	  69513
117925 	 123045
117925 	 106244
117925 	 119270
117925 	 126574
117925 	  68575
117925 	  51984
117925 	 128822
117925 	 128975
117925 	  95748
117925 	 117490
117925 	 117344
117925 	  97464
117925 	  91849
107802 	 128397
107802 	 129134
107802 	 127451
103602 	  88141
103602 	  96511
103602 	 117891
103602 	 119680
103602 	  91563
103602 	 109693
103602 	 122022
103602 	   8980
103602 	 126721
103602 	  72459
103602 	 119325
103602 	  93950
103602 	  70646
103602 	 129960
103602 	 128492
103602 	  68681
103602 	 119311
103602 	 101463
103602 	 128974
103602 	  96900
103602 	 119112
103602 	 115606
103602 	   2251
103602 	 122600
103602 	   1531
103602 	  62268
103602 	  52786
103602 	 116898
103602 	 126248
103602 	 118432
103602 	  94015
103602 	 117213
103602 	 109086
103602 	 122891
103602 	 119270
103602 	 126646
103602 	 127707
103602 	 101248
103602 	  97187
103602 	 101342
103602 	  94367
103602 	 113068
 93364 	  97207
119808 	  88333
119808 	 129131
119808 	 130986
119808 	  34379
119808 	 101342
125120 	  96900
101626 	  94908
101626 	  94927
101626 	  96511
101626 	 117891
101626 	 119680
101626 	  39079
101626 	 130665
101626 	 106302
101626 	 106205
101626 	 114621
101626 	 122022
101626 	  88333
101626 	  70752
101626 	  91848
101626 	  29716
101626 	  92865
101626 	  92250
101626 	  96113
101626 	 102503
101626 	 100909
101626 	 108185
101626 	  99477
101626 	 101510
101626 	  93950
101626 	 118363
101626 	 130986
101626 	  85972
101626 	 129434
101626 	 104295
101626 	 128492
101626 	 102383
101626 	   2911
101626 	 128762
101626 	 124080
101626 	  76449
101626 	 103133
101626 	 101463
101626 	 120065
101626 	  73957
101626 	  99159
101626 	  99455
101626 	 102481
101626 	 119112
101626 	 101749
101626 	  75566
101626 	 103677
101626 	 122600
101626 	 115220
101626 	  74286
101626 	  95781
101626 	  95409
101626 	 126248
101626 	  95350
101626 	 129421
101626 	 113610
101626 	 103091
101626 	 123022
101626 	 115883
101626 	 128300
101626 	  74664
101626 	 106244
101626 	 126646
101626 	 126574
101626 	 127707
101626 	 119890
101626 	  62617
101626 	 101248
101626 	  97187
101626 	 111569
101626 	 101342
101626 	  94367
101626 	 126225
101626 	  95748
101626 	 117793
101626 	  98993
101626 	 107802
129161 	 129131
 31821 	  96511
 31821 	 127649
 31821 	 101510
 31821 	 118363
 31821 	  91880
 31821 	  95409
 31821 	 103091
 31821 	 123022
 31821 	 101248
 31821 	 124365
 31821 	 128822
 98813 	 100617
 98813 	  59539
 98813 	  39337
 98813 	 127242
 98813 	 126040
 98813 	 129131
 98813 	 131151
 98813 	 102278
 98813 	  85402
 98813 	  96113
 98813 	  94264
 98813 	 101510
 98813 	  77153
 98813 	  95336
 98813 	  62649
 98813 	  62268
 98813 	   3715
 98813 	    514
 98813 	  98991
 98813 	  61753
 98813 	  70788
 98813 	  60615
 98813 	 126225
 98813 	  76053
 98813 	 129161
 61674 	  94908
 61674 	   2986
 61674 	 106205
 61674 	  28241
 61674 	 131151
 61674 	 126721
 61674 	  66308
 61674 	 114535
 61674 	 111407
 61674 	 100909
 61674 	 119325
 61674 	  94785
 61674 	 104295
 61674 	 105733
 61674 	 119311
 61674 	  43129
 61674 	   8179
 61674 	 103133
 61674 	 101749
 61674 	 103677
 61674 	 115220
 61674 	 105413
 61674 	 106697
 61674 	   3715
 61674 	 102995
 61674 	   2267
 61674 	  94005
 61674 	   2268
 61674 	  75661
 61674 	  66563
 61674 	 128300
 61674 	 108765
 61674 	   7854
 61674 	 126274
 61674 	 124765
 61674 	 111569
 61674 	 117793
 61674 	  93364
121983 	 118052
121983 	  92014
121983 	 126040
121983 	  88333
121983 	  70752
121983 	 105455
121983 	  94264
121983 	 108185
121983 	  85890
121983 	  73957
121983 	 118768
121983 	 101673
121983 	 119112
121983 	  92527
121983 	  94602
121983 	 107489
121983 	 116898
121983 	 105156
121983 	 118432
121983 	 109399
121983 	  94015
121983 	 103091
121983 	  98991
121983 	 118234
121983 	 103973
121983 	 126992
121983 	 101248
121983 	 129161
121983 	  98813
125231 	 106697
125231 	   3715
125231 	 102995
125231 	 115465
125231 	 103084
125231 	 124765
 92153 	 106567
 92153 	 117891
 92153 	 110641
 92153 	 130665
 92153 	 110571
 92153 	 126626
 92153 	 119325
 92153 	 129434
 92153 	 128492
 92153 	 119311
 92153 	 122600
 92153 	  98469
 92153 	 128471
 92153 	 115258
 92153 	 115883
 92153 	 126646
 92153 	 127707
 92153 	 126274
 92153 	  97422
 92153 	 123702
 92153 	 102759
 95496 	 101510
 95496 	 126216
 95496 	 126048
 97373 	 125161
 97373 	 100172
 97373 	  50841
124281 	 127102
124281 	  92014
124281 	  91563
124281 	  78533
124281 	  80370
124281 	  62372
124281 	  75030
124281 	 128844
124281 	  15511
124281 	 114621
124281 	 109693
124281 	  88333
124281 	  18307
124281 	 126200
124281 	 105455
124281 	 130983
124281 	 131151
124281 	  29716
124281 	 110268
124281 	  95603
124281 	  91926
124281 	  95442
124281 	  94264
124281 	 108185
124281 	 101510
124281 	 127451
124281 	 118363
124281 	 100782
124281 	  53106
124281 	 130986
124281 	 102383
124281 	  68681
124281 	   5103
124281 	 128974
124281 	 101365
124281 	 122945
124281 	 107458
124281 	  96900
124281 	 114259
124281 	 119112
124281 	   2524
124281 	 115606
124281 	   2251
124281 	 111297
124281 	 116898
124281 	  28201
124281 	 105156
124281 	 119717
124281 	  69513
124281 	 118432
124281 	  95790
124281 	  94015
124281 	 117213
124281 	 126974
124281 	 100744
124281 	 121157
124281 	 108160
124281 	  77586
124281 	  91740
124281 	  66058
124281 	  41611
124281 	  68575
124281 	  62617
124281 	 126992
124281 	 101342
124281 	 124365
124281 	  94367
124281 	  91849
124281 	 107802
124281 	 129161
124281 	  61674
124281 	 121983
 96106 	 127102
 96106 	 118052
 96106 	 102380
 96106 	  39079
 96106 	  91563
 96106 	 126040
 96106 	 128844
 96106 	 114621
 96106 	   8980
 96106 	 130780
 96106 	 126200
 96106 	 130983
 96106 	  95442
 96106 	  92250
 96106 	  96113
 96106 	 105970
 96106 	 101510
 96106 	 127855
 96106 	  58481
 96106 	 116522
 96106 	 101463
 96106 	 107458
 96106 	 106697
 96106 	 102995
 96106 	 109399
 96106 	 117213
 96106 	 126974
 96106 	 103091
 96106 	 108160
 96106 	 101850
 96106 	 119890
 96106 	 128707
 96106 	 124765
 96106 	  97187
 96106 	 131601
 96106 	  94367
 96106 	 128975
 96106 	 113068
111453 	 119680
111453 	 106302
111453 	 109693
111453 	 105455
111453 	 126721
111453 	  96113
111453 	 111407
111453 	 127451
111453 	 119325
111453 	 129960
111453 	 119311
111453 	  97207
111453 	 128974
111453 	  92527
111453 	  52786
111453 	  95781
111453 	 121308
111453 	 118432
111453 	  95513
111453 	 117213
111453 	 109086
111453 	  93696
111453 	 106244
111453 	 101248
111453 	 126225
111453 	  95748
111453 	  93364
111453 	  96106
 82662 	   5543
 82662 	 126040
 82662 	 126200
 82662 	 102278
 82662 	  51289
 82662 	 118363
 82662 	  67846
 82662 	  52894
 82662 	  75566
 82662 	  95350
 82662 	  77586
 82662 	  66058
 82662 	  68575
 82662 	  51984
 82662 	 101248
 82662 	 113068
 82662 	  91849
 64212 	  52076
 89982 	  93163
 89982 	 119680
 89982 	  91563
 89982 	 109693
 89982 	  94264
 89982 	 119325
 89982 	  93950
 89982 	 126216
 89982 	  68681
 89982 	 119311
 89982 	   2622
 89982 	  73957
 89982 	   2524
 89982 	 115606
 89982 	   2251
 89982 	 111297
 89982 	 119270
 89982 	  51984
 42495 	 118052
 42495 	 102380
 42495 	 126869
 42495 	  96113
 42495 	  99477
 42495 	 118363
 42495 	 125839
 42495 	  98252
 42495 	 118768
 42495 	  99455
 42495 	 119112
 42495 	  94602
 42495 	 124477
 42495 	 102995
 42495 	 109399
 42495 	  98991
 42495 	 100744
 42495 	 100172
 42495 	 101850
 42495 	 103084
 42495 	 113690
 42495 	 126225
 42495 	 125231
116362 	   2986
116362 	  28241
116362 	 102503
116362 	 117951
116362 	 119111
116362 	  58481
116362 	 100782
116362 	 118768
116362 	  79310
116362 	 108174
116362 	 107489
116362 	  27623
116362 	 119884
116362 	  62878
116362 	 101850
116362 	 126048
116362 	 102704
116362 	 117344
116362 	  97464
116362 	 117925
105591 	 130387
105591 	  92014
105591 	 127242
105591 	 126869
105591 	 126040
105591 	  88333
105591 	  70752
105591 	   8980
105591 	 127649
105591 	  94264
105591 	 101510
105591 	 118363
105591 	 125161
105591 	  91880
105591 	  73957
105591 	   2251
105591 	 116898
105591 	 105156
105591 	 118432
105591 	 103973
105591 	 121157
105591 	 100172
105591 	 127382
105591 	 126992
105591 	 101248
105591 	 124365
105591 	  94367
105591 	 128822
105591 	  94032
105591 	 129161
128079 	 110641
128079 	 113027
128079 	 108127
128079 	 115606
128079 	 128471
128079 	 126048
128079 	 105591
 88019 	  94927
 88019 	 130387
 88019 	 110571
 88019 	  88333
 88019 	  70752
 88019 	 127649
 88019 	 108185
 88019 	  85890
 88019 	 129434
 88019 	 128492
 88019 	   2622
 88019 	 122600
 88019 	 111297
 88019 	 116898
 88019 	 105156
 88019 	 128471
 88019 	 115258
 88019 	 115883
 88019 	 126646
 88019 	 127707
 88019 	 126992
 88019 	  94367
 88019 	 128822
 88019 	  94032
 88019 	 105591
118243 	 130387
118243 	  92014
118243 	 127242
118243 	 126869
118243 	 126040
118243 	  88333
118243 	   8980
118243 	 108185
118243 	 130218
118243 	  85890
118243 	 119325
118243 	 118363
118243 	 102383
118243 	 119311
118243 	  73957
118243 	  96900
118243 	  92527
118243 	 116898
118243 	 105156
118243 	 118432
118243 	  94015
118243 	 103091
118243 	 103973
118243 	 126992
118243 	 101248
118243 	  94367
118243 	 129161
118243 	 121983
130833 	  93950
130833 	 120065
114929 	 126200
114929 	   4363
123347 	 100617
123347 	  59539
123347 	  39337
123347 	 127242
123347 	   2986
123347 	 126040
123347 	  62372
123347 	  18307
123347 	  91848
123347 	 131151
123347 	  29716
123347 	  85402
123347 	  95442
123347 	  94332
123347 	  94264
123347 	 111407
123347 	 101510
123347 	  72992
123347 	  95336
123347 	  85142
123347 	  66221
123347 	  92527
123347 	  62649
123347 	  62268
123347 	  65782
123347 	  51767
123347 	   3715
123347 	    514
123347 	  98991
123347 	  61753
123347 	 108160
123347 	  70788
123347 	  60615
123347 	 126225
123347 	 129161
123347 	  96106
 58385 	  59539
 58385 	  92014
 58385 	 114621
 58385 	 126721
 58385 	 127649
 58385 	  72459
 58385 	  44074
 58385 	  93950
 58385 	 105733
 58385 	 115606
 58385 	  92527
 58385 	  62268
 58385 	 111297
 58385 	  51767
 58385 	   3715
 58385 	 115883
 58385 	 103973
 58385 	 108160
 58385 	  51984
 58385 	 128975
 58385 	  91849
 58385 	  82662
105144 	  94908
105144 	  97838
105144 	 106205
105144 	  99902
105144 	 126721
105144 	  92250
105144 	 102503
105144 	 100909
105144 	  99477
105144 	 101510
105144 	 119111
105144 	 118363
105144 	 104295
105144 	 102383
105144 	 124080
105144 	 103133
105144 	  99455
105144 	 102481
105144 	 101749
105144 	 103677
105144 	 115220
105144 	 123022
105144 	 118234
105144 	 115883
105144 	 103973
105144 	 128300
105144 	 108765
105144 	  60615
105144 	 102704
105144 	 111569
105144 	 117793
105144 	 128928
105144 	 118243
130531 	  75641
130531 	  77153
130531 	  65978
 69502 	 127102
 69502 	 130387
 69502 	 102380
 69502 	  50275
 69502 	 127242
 69502 	  97838
 69502 	 128844
 69502 	 106205
 69502 	  99902
 69502 	 129131
 69502 	 105455
 69502 	 130983
 69502 	 131151
 69502 	 126721
 69502 	 127649
 69502 	  66308
 69502 	  95442
 69502 	 102078
 69502 	 102503
 69502 	  94264
 69502 	  99477
 69502 	 101510
 69502 	 127855
 69502 	   4363
 69502 	 119325
 69502 	  93950
 69502 	 118363
 69502 	 100782
 69502 	 129960
 69502 	 119311
 69502 	 103133
 69502 	  99455
 69502 	   2524
 69502 	  62268
 69502 	 101648
 69502 	  27623
 69502 	 122891
 69502 	 126974
 69502 	 123022
 69502 	  92509
 69502 	 113681
 69502 	 108160
 69502 	 128300
 69502 	  50309
 69502 	 108765
 69502 	 126274
 69502 	 130419
 69502 	 102704
 69502 	 128975
 69502 	 126225
 69502 	 117793
 69502 	 117344
 69502 	  97464
 69502 	 129520
 69502 	 117925
 69502 	  93364
 69502 	  96106
 69502 	  82662
 69502 	 128928
 92655 	  88141
 92655 	 127242
 92655 	 126040
 92655 	  75030
 92655 	 106205
 92655 	  15511
 92655 	   8980
 92655 	 105455
 92655 	 131151
 92655 	 110268
 92655 	 127649
 92655 	  91926
 92655 	  94264
 92655 	 108185
 92655 	  85890
 92655 	 102383
 92655 	 128974
 92655 	 101365
 92655 	  96900
 92655 	 114259
 92655 	  92527
 92655 	   2251
 92655 	   1531
 92655 	  52786
 92655 	 111297
 92655 	 116898
 92655 	 121308
 92655 	  95513
 92655 	  94015
 92655 	 103091
 92655 	  98991
 92655 	  58883
 92655 	 115883
 92655 	 113681
 92655 	  94837
 92655 	 126274
 92655 	  68575
 92655 	 128707
 92655 	 124365
 92655 	  94367
 92655 	 123702
 92655 	 113068
 92655 	  73555
 92655 	  96106
 92655 	 105144
 92655 	  92655
  8991 	  59539
  8991 	   2986
  8991 	  44074
  8991 	  67362
  8991 	  70646
  8991 	 101892
  8991 	   5103
  8991 	  77153
  8991 	  85142
  8991 	  62268
  8991 	  65782
  8991 	  51767
  8991 	   3715
  8991 	  31394
  8991 	 100687
  3476 	 114379
  3476 	 130986
  3476 	 113068
  3476 	 111453
113084 	  96900
 98306 	 126869
 98306 	 109693
 98306 	 118363
 98306 	  94602
 98306 	 101648
 98306 	  82463
 98306 	  98991
 98306 	 126274
 98306 	 124069
122256 	  70752
122256 	 119311
122256 	   2251
 87194 	 130387
 87194 	  92014
 87194 	 127242
 87194 	 126869
 87194 	 126040
 87194 	  88333
 87194 	  70752
 87194 	   8980
 87194 	 127649
 87194 	  94264
 87194 	 108185
 87194 	  85890
 87194 	   2622
 87194 	  91880
 87194 	  73957
 87194 	  96900
 87194 	  92527
 87194 	   2251
 87194 	 111297
 87194 	 105156
 87194 	  94015
 87194 	 103091
 87194 	 103973
 87194 	 121157
 87194 	 127382
 87194 	 101248
 87194 	  94367
 87194 	 128822
 87194 	  94032
 87194 	 129161
 87194 	 121983
 87194 	 130531
 87194 	  92655
