110641 	  88141
 90154 	  59539
128397 	  92753
127242 	  50275
127242 	 100225
 97838 	  94908
 82555 	  94908
 82555 	  59539
 82555 	  78533
 95182 	  78533
 95182 	  82555
 52768 	  78533
  5543 	  92753
  5543 	  88141
  5543 	  91563
 62372 	  50275
 76155 	 127102
 75030 	  39079
106302 	  75030
106205 	  59539
106205 	  95573
106205 	  78533
106205 	  82555
106205 	  52768
106205 	   2986
105200 	 205919
105200 	  80370
110571 	  78533
114621 	  88141
114621 	 205919
114621 	  80370
 99902 	  92753
 99902 	  88141
 99902 	 119680
 99902 	  91563
 99902 	 205919
 99902 	  80370
 99902 	 106302
 99902 	  15511
122022 	  39079
 70752 	  92753
 70752 	  88141
 70752 	  80370
  8980 	  91563
130780 	  78533
130780 	  62372
130780 	 114621
130780 	  18307
125052 	  39337
125052 	  62372
125052 	  76155
125052 	  18307
107934 	   9595
107934 	 205919
129131 	  39079
129131 	 122022
129131 	  88333
124999 	  59539
124999 	  78533
124999 	  82555
124999 	  52768
124999 	 105200
 28241 	  75030
130983 	  50275
130983 	 100225
130983 	  95182
130983 	  52768
130983 	   2986
130983 	 105200
130983 	  28241
 82246 	  91563
 82246 	 205919
 82246 	  80370
 82246 	  15511
 82246 	 122022
 82246 	   8980
126721 	  92014
102278 	  94908
102278 	  59539
102278 	 100225
102278 	  78533
102278 	  76155
102278 	  82246
 65408 	  91848
 65408 	 107934
101280 	  92753
101280 	  88141
101280 	  81305
101280 	 205919
101280 	  93171
 85402 	   9595
127649 	 105200
 63310 	  95182
 10217 	  59539
 10217 	  82246
 10217 	  10217
 90147 	  92753
 90147 	  92014
 90147 	  39079
 90147 	   5543
 90147 	 105455
 66308 	  92753
 66308 	  88141
 66308 	  80370
 66308 	  15511
 91926 	   9595
  7012 	  59539
  7012 	 118052
  7012 	  50275
  7012 	 100225
  7012 	  82555
  7012 	  52768
  7012 	   2986
  7012 	  28241
  7012 	  82246
  7012 	  90147
117081 	 119680
117081 	  39079
117081 	  91563
117081 	 122022
117081 	   8980
  5646 	  94908
  5646 	  50275
  5646 	  82555
  5646 	  76155
  5646 	 114621
  5646 	  91848
 82503 	  78533
 82503 	 105200
 82503 	  28241
 82503 	  82246
 82503 	  10217
 82503 	 117081
 94332 	  50275
 94332 	  95182
 94332 	  52768
 94332 	  28241
 94332 	  65408
 94332 	  90147
 94332 	  94332
 31490 	  92753
 31490 	  88141
 31490 	  80370
 31490 	  15511
 31490 	 109693
 31490 	 122022
 31490 	  93171
 31490 	 110268
 69026 	  59539
 69026 	  82555
 69026 	  95182
 69026 	  52768
 69026 	  65408
 69026 	 117081
114535 	  78533
114535 	 105200
114535 	  91848
114535 	  29716
114535 	  92250
114535 	 114535
129859 	  82555
129859 	  95182
129859 	  76155
129859 	  65408
129859 	  92250
102503 	  92753
102503 	 109693
102503 	 122022
102503 	   8980
102503 	 129131
102503 	  93171
102503 	 126721
102503 	  91926
 51289 	 125052
 51289 	 124999
 94264 	  78533
 94264 	  82555
 94264 	 105200
 94264 	  82246
 94264 	  65408
 94264 	  94332
113290 	   9595
122840 	  82555
122840 	  76155
122840 	  92250
100909 	  59539
100909 	  82555
100909 	  95182
100909 	  52768
100909 	  82246
100909 	  65408
100909 	 117081
100909 	  96113
 65863 	  78533
 65863 	  95182
 65863 	  65408
 65863 	 114535
 53672 	  92753
 53672 	  88141
 53672 	 130665
 53672 	 110571
 53672 	 122022
 53672 	  70752
 53672 	  93171
 53672 	  91926
 53672 	  69026
 99477 	  50275
 99477 	  95182
 99477 	  76155
 99477 	 117081
 99477 	  92250
 99477 	 111407
117951 	  76155
117951 	 125052
117951 	 124999
117951 	  65408
117951 	 117951
105970 	 127102
105970 	  91563
105970 	  80370
105970 	 128844
105970 	 130983
131017 	   9595
131017 	  66308
101510 	  95182
101510 	  65408
101510 	 114535
101510 	 111407
101510 	  65863
127855 	  39337
127855 	 107934
127855 	  90147
127855 	  96113
116115 	  39079
130218 	   9595
130218 	  75030
130218 	  66308
  4363 	  39079
  4363 	  91563
  4363 	   8980
  4363 	  92865
 85890 	  78533
 85890 	  95182
 85890 	 105200
 85890 	  82246
 85890 	  65408
 85890 	 117081
 85890 	  31490
 31770 	  95182
 31770 	  65408
 31770 	  92250
129644 	  97838
 93950 	  59539
 93950 	  50275
 93950 	  78533
 93950 	  82555
 93950 	  52768
 93950 	   2986
 93950 	  76155
 93950 	 105200
 93950 	  82246
 93950 	  31490
 93950 	 114535
 93950 	  53672
 93950 	 116115
 58481 	  92753
 58481 	  88141
 58481 	 122022
 58481 	 129131
 58481 	  93171
 58481 	  91926
 58481 	  75641
 70646 	  50275
 70646 	  65408
 70646 	  92250
 70646 	 105970
101544 	   9595
118363 	 126721
118363 	 102278
100782 	 127102
100782 	 128844
100782 	 130983
 53106 	  39337
 53106 	  90154
 53106 	  90147
 53106 	 116115
105815 	  51289
105815 	 122840
129960 	 127242
129960 	  97838
129960 	 129131
129960 	 102278
129960 	  66308
126216 	  75030
126216 	  66308
126216 	  81306
130986 	  92753
130986 	  88141
130986 	 205919
130986 	  93171
130986 	  51289
130986 	 108185
129434 	  59539
129434 	  39337
129434 	  50275
129434 	  78533
129434 	  82555
129434 	  52768
129434 	 105200
129434 	 107934
129434 	  82246
129434 	  65408
129434 	 117081
129434 	  94332
129434 	  53672
129434 	  44074
129434 	 116115
115173 	  50275
115173 	  82555
115173 	  76155
128492 	 205919
102383 	  50275
102383 	 100225
102383 	  95182
102383 	  52768
102383 	   2986
102383 	 114621
102383 	  91848
102383 	  28241
102383 	  65408
102383 	  90147
102383 	 117081
102383 	  96113
102383 	 111407
102383 	 105970
102383 	 116115
102383 	  67362
102383 	  58481
102383 	  94785
  2332 	  50275
  2332 	  76155
  2332 	  92250
122251 	  39079
122251 	 122022
122251 	  88333
122251 	  92865
122251 	 127451
125161 	 129131
 52894 	  94908
 52894 	  50275
 52894 	  78533
 52894 	  82555
 52894 	  62372
 52894 	  76155
 52894 	 114621
 52894 	  18307
 52894 	  91848
 52894 	 125052
 52894 	 124999
 52894 	  65408
 52894 	  29716
 52894 	 114535
 52894 	  96113
 52894 	 102078
 52894 	 100909
 52894 	  65863
 52894 	 117951
 52894 	 119111
 52894 	 101544
 52894 	 104295
 52894 	   2332
 52894 	 122251
105733 	  95182
105733 	  65408
105733 	 117081
105733 	 114535
105733 	 111407
105733 	  65863
105733 	  94785
105733 	   2332
103296 	  39337
103296 	 107934
103296 	 116115
103296 	  94785
 72992 	  92250
  2911 	  39337
  2911 	 107934
  2911 	 116115
  2911 	  58481
  2911 	  94785
 16479 	  80370
 16479 	  31490
 16479 	  51289
 16479 	  52894
119311 	  75030
119311 	  66308
119311 	  81306
128762 	  85890
125839 	 126721
125839 	 102278
125839 	  75641
125839 	 130986
125839 	 128762
 43129 	  78533
 43129 	  82246
 43129 	 117081
 43129 	  31490
 43129 	  96113
 43129 	  53672
 43129 	  58481
 43129 	  94785
 43129 	   2332
 43129 	 103296
  5103 	  59539
  5103 	  97838
  5103 	  44074
  5103 	  67362
  5103 	  94785
  5103 	 102383
  5103 	 103296
  5103 	  43129
 77153 	  82555
 77153 	  95182
 77153 	  65408
 77153 	  92250
 77153 	 105733
124080 	  59539
124080 	  50275
124080 	  82555
124080 	  95182
124080 	  62372
124080 	  18307
124080 	  65408
124080 	  29716
124080 	  90147
124080 	  92250
124080 	  96113
124080 	  53672
124080 	 105970
124080 	  44074
124080 	 116115
124080 	 105733
124080 	 103296
124080 	   5103
  8179 	  88141
  8179 	 119680
  8179 	  91563
  8179 	  80370
  8179 	  15511
  8179 	 109693
  8179 	   8980
  8179 	 131018
  8179 	  93171
  8179 	 110268
  8179 	  91926
  8179 	  51289
  8179 	 108185
  8179 	  70646
  8179 	  68681
109370 	 127102
109370 	 128844
109370 	 130983
  2622 	  92865
 97207 	  59539
 97207 	  52768
 97207 	  82246
 97207 	  44074
 97207 	 103296
116522 	  39337
116522 	  50275
116522 	  95182
116522 	   2986
116522 	  76155
116522 	 105200
116522 	 107934
116522 	  82246
116522 	 117081
116522 	  94332
116522 	 114535
116522 	  65863
116522 	 116115
116522 	  67362
116522 	 105815
116522 	   2332
116522 	 103296
116522 	  72992
116522 	  16479
116522 	   5103
116522 	  77153
116522 	   8179
116522 	 116522
  5133 	  52768
  5133 	 114621
  5133 	  91848
  5133 	  53672
 51513 	  92753
 51513 	  88141
 51513 	  91563
 51513 	 205919
 51513 	  15511
 51513 	  93171
 51513 	  91926
 51513 	  51289
 51513 	 108185
 51513 	  70646
 91880 	  50275
 91880 	  82555
 91880 	  76155
 91880 	  65408
 91880 	  92250
 91880 	 105733
101463 	  66308
108127 	  88141
108127 	 119680
108127 	  39079
108127 	  91563
108127 	 205919
108127 	  80370
108127 	 106302
108127 	 109693
108127 	 122022
108127 	  88333
108127 	 131018
108127 	  93171
108127 	 110268
108127 	  91926
108127 	  92865
108127 	  51289
108127 	  85972
108127 	  68681
108127 	 109370
108127 	  91880
 95336 	  59539
 95336 	  39337
 95336 	  52768
 95336 	  82246
 95336 	  31490
 95336 	  53672
 95336 	  44074
 95336 	 116115
 95336 	 103296
 95336 	  16479
107568 	  39079
107568 	 122022
107568 	  88333
107568 	  85972
107568 	  68681
107568 	 120065
 98252 	 130780
 98252 	  92865
 73957 	 117081
118768 	  78533
118768 	  95182
118768 	 105200
118768 	  82246
118768 	  65408
118768 	  31490
118768 	  77153
118768 	   5133
 85142 	  97838
 85142 	  72459
 69633 	  92753
 69633 	 122022
 69633 	   8980
 69633 	  93171
 69633 	 120065
128974 	  59539
128974 	  39337
128974 	  52768
128974 	  82246
128974 	  31490
128974 	 116115
128974 	 105815
 79310 	  92753
 79310 	  88141
 79310 	  81305
 79310 	  91563
 79310 	 205919
 79310 	  93171
 79310 	  69026
 79310 	  51289
 79310 	 108185
 79310 	  91880
 79310 	 120065
101365 	  96113
  3208 	 122022
  3208 	 110268
  3208 	  85972
  3208 	  91880
  3208 	 101365
 10274 	  92753
 10274 	  88141
 10274 	  15511
 10274 	 109693
 10274 	 122022
 10274 	 129131
 10274 	  93171
 10274 	 101365
 79768 	  81305
 79768 	  69026
 79768 	  85972
 99159 	  52768
 99159 	   2986
 99159 	 114535
 99159 	 111407
 99159 	  65863
 99159 	  53672
 99159 	  67362
 99159 	  58481
 99159 	  94785
 99159 	   2332
 99159 	   8179
 99159 	   5133
 99159 	  85142
 66221 	 105815
 65192 	  92753
 65192 	  88141
 65192 	  81305
 65192 	 205919
 65192 	  93171
 65192 	  69026
 65192 	 120065
 65192 	  10274
122945 	  85890
119617 	  78533
119617 	  62372
119617 	  18307
119617 	  91848
119617 	 125052
119617 	  96113
119617 	   2332
119617 	   2911
119617 	  76449
101673 	  92753
101673 	  88141
101673 	  91563
101673 	  80370
101673 	 122022
101673 	   8980
101673 	  93171
101673 	 110268
101673 	  91926
101673 	  69026
101673 	  85972
101673 	 109370
101673 	 120065
101673 	 101365
 96900 	  92753
 96900 	  88141
 96900 	  91563
 96900 	 205919
 96900 	  80370
 96900 	 122022
 96900 	   8980
 96900 	  93171
 96900 	 110268
 96900 	  91926
 96900 	  69026
 96900 	 108185
 96900 	  70646
 96900 	  85972
 96900 	 109370
 96900 	  91880
 96900 	 120065
 96900 	 101365
 96900 	  79768
102481 	 109370
102481 	 120065
102481 	  96012
102481 	 119617
119112 	  66308
119112 	  77153
  2524 	  65408
  2524 	  31490
  2524 	  94785
  2524 	  77153
 37464 	  10217
 93866 	  95182
 93866 	  52768
 93866 	  28241
 93866 	  65408
 93866 	 117081
 93866 	  53672
 93866 	  94785
 93866 	 103296
 93866 	   5103
 93866 	  85142
 93866 	  37464
108273 	  82555
108273 	  82246
108273 	 114535
108273 	 111407
108273 	  65863
108273 	  58481
108273 	  94785
108273 	   8179
  2996 	  75030
120998 	  91848
120998 	  96113
120998 	 105733
120998 	   8179
120998 	 107458
110588 	  66308
 92527 	  50275
 92527 	  82555
 92527 	  76155
 92527 	 105733
101749 	  59539
101749 	  52768
101749 	  76155
101749 	  82246
101749 	  92250
101749 	  31490
101749 	 117951
101749 	  44074
101749 	 101544
101749 	 122251
101749 	 105733
101749 	 103296
108174 	  92753
108174 	  81305
108174 	  91563
108174 	 205919
108174 	  80370
108174 	  93171
108174 	  69026
108174 	  51289
108174 	  70646
108174 	  85972
108174 	 109370
108174 	 101365
108174 	  10274
108174 	  79768
108174 	  96900
  2251 	 101463
 75566 	 127102
 75566 	 128844
 75566 	 129131
 75566 	 130983
 75566 	  66308
 52224 	  82555
 52224 	  95182
 52224 	  65408
 52224 	  92250
 52224 	 105733
122600 	 205919
122600 	 122022
122600 	  91926
122600 	  69026
122600 	 108185
122600 	 109370
122600 	  91880
122600 	 120065
122600 	  79768
122600 	 114259
  1531 	 114379
 62649 	  59539
 62649 	  82246
 62649 	  10217
 62649 	  31490
 62649 	 116115
 62649 	 105815
 64266 	  81306
 64266 	  43129
 58632 	 113290
 58632 	 100909
 58632 	 115173
 58632 	 104295
 58632 	 110588
 58632 	 101749
 83275 	 131151
 83275 	  75641
 83275 	  67846
 83275 	  81306
 83275 	  77153
 83275 	  52224
 62268 	  50275
 62268 	  82555
 62268 	  92250
 62268 	 105733
115220 	  59539
115220 	  52768
115220 	  82246
115220 	  44074
115220 	 101673
107489 	  81306
 58416 	  92753
 58416 	  88141
 58416 	  91563
 58416 	  80370
 58416 	  93171
 58416 	 110268
 58416 	  91926
 58416 	  51289
 58416 	 108185
 58416 	  85972
 58416 	 109370
 58416 	  91880
 58416 	 120065
 58416 	 128974
 58416 	 101365
 58416 	 122945
 58416 	  96900
 58416 	 114259
 58416 	   1531
 52786 	  97838
 52786 	 102278
 52786 	  66308
 52786 	 100782
 52786 	 128762
 52786 	  58632
 52786 	  58416
117884 	  59539
117884 	  50275
117884 	 100225
117884 	  78533
117884 	  82555
117884 	  52768
117884 	   2986
117884 	 105200
117884 	  28241
117884 	  82246
117884 	 117081
117884 	  94332
117884 	 114535
117884 	 102078
117884 	 111407
117884 	  65863
117884 	  53672
117884 	  44074
117884 	  67362
117884 	  58481
117884 	  94785
117884 	   2332
117884 	   5103
117884 	   8179
117884 	 116522
117884 	   5133
117884 	  76449
117884 	 114673
117884 	  85142
117884 	  66221
117884 	  37464
117884 	 108273
117884 	 108174
117884 	 107489
105413 	  85890
124477 	 110268
124477 	  75641
124477 	  91880
124477 	 101365
124477 	 122945
 81262 	  39337
 81262 	 100225
 81262 	  82555
 81262 	  76155
 81262 	 105200
 81262 	  82246
 81262 	  94332
 81262 	  31490
 81262 	 114535
 81262 	  65863
 81262 	 116115
 81262 	  67362
 81262 	   5103
 81262 	   8179
 81262 	 116522
 81262 	  85142
 81262 	  37464
 81262 	 108273
 81262 	 108174
 81262 	 107489
 81262 	 105413
 48486 	  82555
 48486 	 105200
 48486 	 111407
 48486 	  65863
 48486 	  58481
 48486 	   5133
 48486 	 105413
 48486 	  48486
 37931 	  93950
101648 	 127242
101648 	 127649
101648 	 101510
101648 	 102481
127221 	  93866
127221 	  83275
106697 	  52768
106697 	 114621
106697 	  91848
106697 	  53672
106697 	 107458
 74286 	  59539
 74286 	 100225
 74286 	  78533
 74286 	   2986
 74286 	  76155
 74286 	 105200
 74286 	  28241
 74286 	  82246
 74286 	 117081
 74286 	  92250
 74286 	  94332
 74286 	  31490
 74286 	 114535
 74286 	  65863
 74286 	 117951
 74286 	  44074
 74286 	  67362
 74286 	  58481
 74286 	 101544
 74286 	  94785
 74286 	   2332
 74286 	 122251
 74286 	 105733
 74286 	 103296
 74286 	   8179
 74286 	 116522
 74286 	   5133
 74286 	  76449
 74286 	 103133
 74286 	 114673
 74286 	  85142
 74286 	  66221
 74286 	 107458
 74286 	 101673
 74286 	  37464
 74286 	 108273
 74286 	 107489
 74286 	 105413
 74286 	  48486
 74286 	  37931
 74286 	  74286
 34379 	  39079
 34379 	 122022
 34379 	  92865
 34379 	  68681
 34379 	 109370
 34379 	 120065
124177 	  78533
124177 	  95182
124177 	 105200
124177 	  28241
124177 	  82246
124177 	  10217
124177 	  31490
124177 	 111407
124177 	   5133
124177 	  66221
124177 	 108273
124177 	 105413
124177 	  27623
 65782 	  92753
 65782 	  88141
 65782 	  80370
 65782 	 122022
 65782 	  88333
 65782 	  93171
 65782 	  70646
 65782 	  85972
 65782 	 109370
 65782 	  91880
 65782 	 120065
 65782 	 128974
 65782 	 101365
 65782 	  96900
 65782 	 114259
116898 	  78533
116898 	  62372
116898 	 114621
116898 	  29716
116898 	 114535
116898 	 105970
116898 	 116115
116898 	   2332
116898 	 105733
116898 	  76449
116898 	 108273
116898 	  74286
100142 	   2986
100142 	 105200
100142 	  92250
100142 	  94332
100142 	  53672
100142 	 105970
100142 	  67362
100142 	   2332
100142 	 105733
100142 	 103296
100142 	   8179
100142 	 107458
100142 	  37464
100142 	  92527
100142 	  52224
100142 	  65782
 51767 	 126721
 51767 	 130986
 51767 	  62268
 74885 	 122022
 74885 	  92865
 74885 	 108185
 74885 	 127451
 74885 	  68681
 74885 	 109370
 74885 	 120065
 74885 	  73957
 74885 	  95781
105156 	 105200
105156 	   5103
 95409 	 105200
 98469 	  92753
 98469 	  88141
 98469 	 122022
 98469 	  93171
 98469 	  70646
 98469 	  85972
 98469 	  91880
 98469 	 120065
 98469 	  52786
119685 	  92753
119685 	 119680
119685 	 205919
119685 	  80370
119685 	 106302
119685 	 109693
119685 	  88333
119685 	   8980
119685 	 131018
119685 	  93171
119685 	 110268
119685 	  91926
119685 	  92865
119685 	  69026
119685 	  51289
119685 	 108185
119685 	 127451
119685 	  85972
119685 	  68681
119685 	 109370
119685 	  97207
119685 	  91880
119685 	 120065
119685 	  96012
119685 	 101365
119685 	  10274
119685 	  79768
119685 	 122945
119685 	 114259
119685 	  95781
119685 	 116898
119685 	 105156
119685 	 119685
128471 	  59539
128471 	 127242
128471 	 126040
128471 	 106205
128471 	 127649
128471 	  95442
128471 	 101510
128471 	  44074
128471 	   4363
128471 	  67362
128471 	 118363
128471 	  67846
128471 	 130986
128471 	  94785
128471 	 103296
128471 	 128762
128471 	  85142
128471 	 102481
128471 	   2524
128471 	  37464
128471 	  65782
128471 	  28201
 96223 	  92753
 96223 	  88141
 96223 	  15511
 96223 	 109693
 96223 	 122022
 96223 	 129131
 96223 	  93171
 96223 	 110268
 96223 	  91926
 96223 	 108185
 96223 	  85972
 96223 	  91637
 96223 	  91880
 96223 	 120065
 96223 	 101365
 96223 	 122945
 96223 	 114259
 96223 	   2251
 96223 	   1531
 96223 	  52786
 96223 	 116898
 96223 	 121308
 70314 	  82555
 70314 	  95182
 70314 	 105200
 70314 	  28241
 70314 	  82246
 70314 	  65408
 70314 	 117081
 70314 	  58481
 70314 	   2332
 70314 	  77153
 70314 	   5133
 70314 	 105413
 70314 	  48486
 70314 	  27623
 70314 	  77148
115258 	   9595
115258 	  92753
115258 	  39079
115258 	 122022
115258 	 130780
115258 	  93171
115258 	  91926
115258 	  92865
115258 	  69026
115258 	 109370
115258 	  91880
115258 	 120065
115258 	  96900
115258 	 114259
115258 	  52786
115258 	 116898
115258 	 121308
126248 	  93866
126248 	  83275
102995 	  50275
102995 	  76155
102995 	  65408
102995 	  92250
102995 	 105733
102995 	 108174
102995 	  27623
120346 	 122022
120346 	  88333
120346 	 109370
120346 	 120065
120346 	  73957
120346 	 121308
118432 	  59539
118432 	  50275
118432 	 100225
118432 	  82555
118432 	  95182
118432 	  52768
118432 	 114621
118432 	  65408
118432 	 117081
118432 	  92250
118432 	  96113
118432 	 111407
118432 	 105970
118432 	 116115
118432 	   5103
118432 	   5133
118432 	 114673
118432 	  79310
118432 	 107458
118432 	 108174
118432 	 107489
118432 	  48486
118432 	  27623
118432 	  51767
118432 	   3715
  2267 	  82555
  2267 	  95182
  2267 	 105200
  2267 	 117081
  2267 	  31490
  2267 	 111407
  2267 	   5133
  2267 	 108273
  2267 	 105413
  2267 	  48486
  2267 	  27623
  2267 	  51767
 82463 	  62372
 82463 	  18307
 82463 	  29716
 82463 	  15972
 82463 	 107489
115465 	  59539
115465 	 117976
115465 	  62372
115465 	  18307
115465 	  82246
115465 	  29716
115465 	  44074
115465 	 115465
107890 	 105200
107890 	   5103
 95790 	 131018
 95790 	  92865
 95790 	 109370
 95790 	 120065
 95790 	  96012
 95790 	  95781
 95790 	 105156
101809 	  75641
101809 	  65887
 48728 	  59539
 48728 	 118052
 48728 	  52768
 48728 	  82246
 48728 	  53672
 48728 	  44074
 48728 	 103296
 48728 	 118768
 48728 	 101673
 48728 	   3715
 48728 	    514
109399 	  39337
109399 	 107934
109399 	 116115
109399 	  94785
109399 	   5133
109399 	 114673
 86335 	  39337
 86335 	 107934
 86335 	 116115
 86335 	  58481
 86335 	  94785
 86335 	   5133
 86335 	 114673
 61797 	  39079
 61797 	   8980
 61797 	  69513
 95513 	  80370
 95513 	 122022
 95513 	  88333
 95513 	  66308
 95513 	  70646
 95513 	  85972
 95513 	 109370
 95513 	  91880
 95513 	 101365
 95513 	  96900
 95513 	 114259
 95513 	  52786
 95513 	 121308
 95513 	  70314
 95513 	  69513
 94015 	  92753
 94015 	  88141
 94015 	 205919
 94015 	  80370
 94015 	  92865
 94015 	  51289
 94015 	  75641
 94015 	  85890
 94015 	  65887
 94015 	  91880
 94015 	 120065
 94015 	  79768
 94015 	  96900
 94015 	  70314
117213 	  59539
117213 	  95182
117213 	  52768
117213 	  82246
117213 	  65408
117213 	 117081
117213 	  96113
117213 	  53672
117213 	  44074
117213 	  58481
117213 	 103296
117213 	   5103
117213 	   5133
117213 	  66221
117213 	   2996
117213 	 105413
117213 	  48486
117213 	  27623
117213 	 100142
 94005 	 105200
 18023 	  59539
 18023 	  52768
 18023 	   2986
 18023 	 117081
 18023 	 111407
 18023 	  44074
 18023 	  67362
 18023 	 103296
 18023 	  43129
 18023 	   5103
 18023 	  85142
 18023 	  37464
 18023 	    514
129747 	  50275
129747 	  76155
129747 	  65408
129747 	  92250
129747 	 100909
129747 	 105970
129747 	 105733
129747 	  77153
129747 	 101749
129747 	 108174
129747 	 115220
129747 	  27623
117950 	  88141
117950 	 119680
117950 	  91563
117950 	 205919
117950 	  80370
117950 	 106302
117950 	  15511
117950 	 109693
117950 	 122022
117950 	  88333
117950 	   8980
117950 	 131018
117950 	  93171
117950 	 110268
117950 	  91926
117950 	  51289
117950 	 127451
117950 	  70646
117950 	  85972
117950 	  68681
117950 	 109370
117950 	  97207
117950 	  91880
117950 	  96012
117950 	 128974
117950 	 101365
117950 	 122945
117950 	  96900
117950 	 114259
117950 	 119112
117950 	   2251
117950 	   1531
117950 	  52786
117950 	  95781
117950 	 116898
117950 	 119685
117950 	  70314
117950 	  69513
117950 	 118432
117950 	  95350
109086 	  52768
109086 	 114621
109086 	  91848
109086 	  53672
109086 	 107458
109086 	 100142
109086 	   3715
 76438 	  66308
 76438 	  93950
 76438 	  81306
 76438 	  69633
 76438 	  52786
 76438 	  16404
122891 	 107934
122891 	  96113
122891 	 100142
122891 	 115465
122891 	 107890
124881 	  77148
126974 	  95182
126974 	  52768
126974 	   2986
126974 	  28241
126974 	  65408
126974 	 117081
126974 	  94332
126974 	  96113
126974 	 111407
126974 	  44074
126974 	  67362
126974 	  58481
126974 	  94785
126974 	 103296
126974 	   5103
126974 	   5133
126974 	  85142
126974 	  37464
126974 	 105413
126974 	  27623
126974 	  65782
126974 	 100142
126974 	  51767
126974 	    514
105523 	   9595
105523 	  92753
105523 	  93171
105523 	  69026
105523 	  65887
105523 	 120065
105523 	  96900
105523 	 114259
105523 	  52786
105523 	 121308
113610 	  39079
113610 	  91563
113610 	  70752
113610 	   8980
113610 	  94015
113610 	 117213
103091 	  78533
103091 	 126200
103091 	 105455
103091 	  95442
103091 	  94332
103091 	 114535
103091 	 101510
103091 	  44074
103091 	   4363
103091 	  94785
103091 	   2332
103091 	 103296
103091 	  43129
103091 	   8179
103091 	   5133
103091 	  76449
103091 	  85142
103091 	 108273
103091 	  16404
103091 	  74286
103091 	  65782
103091 	   2267
103091 	  76438
103091 	 126974
103091 	 105523
 67993 	  66308
 61753 	  92753
 61753 	  88141
 61753 	 127242
 61753 	 126200
 61753 	  93171
 61753 	 131151
 61753 	 128762
 61753 	  52224
 61753 	   1531
 61753 	 121308
 61753 	  98991
 93696 	 102380
 93696 	 119680
 93696 	  91563
 93696 	 106302
 93696 	  88333
 93696 	   8980
 93696 	 130780
 93696 	 129131
 93696 	 131018
 93696 	  66308
 93696 	  92865
 93696 	 127451
 93696 	  97207
 93696 	 120065
 93696 	  96012
 93696 	  95781
 93696 	 105156
 93696 	  69513
 93696 	 118432
 93696 	  95513
 93696 	 109086
 93696 	 103091
 58883 	  59539
 58883 	  52768
 58883 	 114621
 58883 	  91848
 58883 	  82246
 58883 	  92250
 58883 	  96113
 58883 	  44074
 58883 	 105733
 58883 	 107458
 58883 	  51767
 58883 	   3715
 58883 	    514
110974 	  31770
123022 	  78533
123022 	  62372
123022 	 105200
123022 	  18307
123022 	  29716
123022 	 114535
123022 	  65863
123022 	 105970
123022 	 116115
123022 	   2332
123022 	 105733
123022 	   8179
123022 	  76449
123022 	 107458
123022 	 108273
123022 	  15972
123022 	  74286
123022 	   2267
123022 	  94005
123022 	  76438
123022 	  79171
123022 	 105523
100744 	  50275
100744 	  95182
100744 	  76155
100744 	  65408
100744 	  92250
100744 	 100909
100744 	 105970
100744 	 104295
100744 	 105733
100744 	 107458
100744 	 101749
100744 	 108174
100744 	 115220
100744 	  27623
118234 	  82246
118234 	  44074
118234 	 103296
118234 	    514
118234 	  65978
115883 	  66308
 67672 	  59539
 67672 	 118052
 67672 	  52768
 67672 	  82246
 67672 	  44074
 67672 	 103296
 67672 	 118768
 67672 	 101673
 67672 	 106697
 67672 	 102995
 67672 	    514
 67672 	 115465
 52250 	  92753
 52250 	  88141
 52250 	  96511
 52250 	  91563
 52250 	  80370
 52250 	  15511
 52250 	  88333
 52250 	  93171
 52250 	  51289
 52250 	  70646
 52250 	 109370
 52250 	  96900
 52250 	 114259
 52250 	   1531
 52250 	  52786
 52250 	 116898
 52250 	 121308
 52250 	  70314
 52250 	 118432
 52250 	  94015
 52250 	 117213
 52250 	 109086
 52250 	 103091
121157 	  92753
121157 	  88141
121157 	  91563
121157 	  15511
121157 	 109693
121157 	 122022
121157 	   8980
121157 	 129131
121157 	  93171
121157 	 110268
121157 	  91926
121157 	 108185
121157 	  85972
121157 	  91637
121157 	 109370
121157 	 120065
121157 	 128974
121157 	 101365
121157 	 122945
121157 	  96900
121157 	 114259
121157 	   1531
121157 	  52786
121157 	 116898
121157 	 121308
121157 	  94015
121157 	 117213
121157 	 109086
 31394 	  28241
 31394 	  82246
 31394 	 114535
 31394 	 111407
 31394 	  65863
 31394 	  58481
 31394 	  94785
 31394 	   8179
 31394 	   5133
 31394 	  51767
 31394 	   2267
 31394 	  94005
 81503 	  78533
 81503 	  62372
 81503 	 114621
 81503 	  18307
 81503 	 125052
 81503 	 124999
 81503 	  29716
 81503 	  96113
 81503 	 100909
 81503 	 104295
 81503 	   2332
 81503 	   2911
 81503 	  76449
 81503 	 103133
 81503 	  15972
 81503 	 101749
 81503 	 115220
 81503 	  74286
 81503 	 100142
 81503 	  51767
 81503 	   2267
 81503 	  76438
 81503 	 119884
 81503 	 100744
116540 	  93950
116540 	  81306
116540 	  69633
116540 	  16404
123045 	  59539
123045 	  50275
123045 	 100225
123045 	  82555
123045 	  95182
123045 	  52768
123045 	   2986
123045 	  62372
123045 	 114621
123045 	  18307
123045 	  65408
123045 	  29716
123045 	  90147
123045 	 117081
123045 	  92250
123045 	  96113
123045 	 111407
123045 	  53672
123045 	 105970
123045 	  44074
123045 	  58481
123045 	 105733
123045 	   5103
123045 	 116522
123045 	   5133
123045 	 114673
123045 	  79310
123045 	  66221
123045 	 107458
123045 	   2996
123045 	  15972
123045 	 108174
123045 	  90137
123045 	 107489
123045 	 105413
123045 	  48486
123045 	  27623
123045 	 100142
123045 	 109399
123045 	  79171
123045 	 100744
123045 	 122171
123045 	  81503
  2268 	 127242
  2268 	 128844
  2268 	  93950
  2268 	  53106
  2268 	  81306
  2268 	 130986
  2268 	  65887
  2268 	  43129
  2268 	  69633
  2268 	  16404
  2268 	  28201
  2268 	  65978
126651 	  76155
126651 	  82246
126651 	  31490
126651 	  44074
126651 	 119111
126651 	 122251
126651 	 105733
126651 	 103296
126651 	   3715
126651 	 120346
126651 	    514
 92509 	  59539
 92509 	  39337
 92509 	  52768
 92509 	 107934
 92509 	  82246
 92509 	  31490
 92509 	  44074
 92509 	 116115
 92509 	 105815
 92509 	  16479
 92509 	   3715
 92509 	    514
 92509 	  86335
 92509 	  61797
 92509 	  81503
113681 	  92753
113681 	  39079
113681 	 127242
113681 	   5543
113681 	  15511
113681 	 105455
113681 	  93171
113681 	 131151
113681 	 130986
113681 	 128762
113681 	   2622
113681 	 108127
113681 	  92527
113681 	  52224
113681 	   1531
113681 	  62268
113681 	  94015
113681 	  67993
113681 	  98991
113681 	  58883
113681 	 103973
 75661 	  59539
 75661 	  95182
 75661 	  52768
 75661 	  28241
 75661 	  65408
 75661 	 117081
 75661 	  53672
 75661 	  44074
 75661 	  58481
 75661 	 103296
 75661 	   5103
 75661 	   5133
 75661 	  66221
 75661 	   2996
 75661 	 105413
 75661 	  48486
 75661 	  27623
 75661 	  67993
 75661 	 100744
 75661 	  81503
 66563 	  59539
 66563 	  52768
 66563 	   2986
 66563 	  28241
 66563 	  82246
 66563 	 117081
 66563 	  94332
 66563 	  96113
 66563 	 111407
 66563 	  44074
 66563 	  67362
 66563 	  58481
 66563 	  94785
 66563 	 103296
 66563 	   5103
 66563 	   5133
 66563 	  85142
 66563 	  66221
 66563 	  37464
 66563 	 105413
 66563 	  48486
 66563 	  65782
 66563 	 100142
 66563 	  51767
 66563 	   3715
 66563 	    514
 66563 	 100744
100172 	  75030
100172 	  77148
100172 	  67993
108160 	 131018
108160 	  92865
108160 	 109370
108160 	 120065
108160 	  96012
108160 	 121308
108160 	 109086
 77586 	  50275
 77586 	  82555
 77586 	  95182
 77586 	  65408
 77586 	  92250
 77586 	 105733
 77586 	  27623
128300 	 111407
128300 	 109399
128300 	 122171
128300 	 111227
101850 	 129131
101850 	  66308
101850 	 108185
101850 	 122891
 50309 	  92753
 50309 	  88141
 50309 	  81305
 50309 	  91563
 50309 	 205919
 50309 	  15511
 50309 	 122022
 50309 	   8980
 50309 	  93171
 50309 	  91926
 50309 	  69026
 50309 	  70646
 50309 	 120065
 50309 	  10274
 50309 	  79768
 50309 	   2251
 50309 	   1531
 50309 	  52786
 50309 	  81262
 50309 	 116898
 50309 	 121308
 50309 	  70314
 50309 	  94015
 50309 	 117213
 50309 	 109086
 50309 	 121157
 50309 	  31394
 91740 	  94927
 91740 	 117891
 91740 	 130665
 91740 	 129434
 91740 	 128492
 91740 	  73957
 91740 	  99159
 91740 	 126248
 91740 	 118432
 91740 	  95513
 91740 	 103091
 59944 	  92753
 59944 	  88141
 59944 	  15511
 59944 	 109693
 59944 	 122022
 59944 	  93171
 59944 	 110268
 59944 	 108185
 59944 	  85972
 59944 	 101365
 59944 	 122945
 59944 	  96900
 59944 	 114259
 59944 	   2251
 59944 	   1531
 59944 	 121308
 59944 	 117213
 59944 	  91740
 80885 	  59539
 80885 	 100225
 80885 	  78533
 80885 	  52768
 80885 	   2986
 80885 	 114621
 80885 	  90147
 80885 	 114535
 80885 	  65863
 80885 	  53672
 80885 	  44074
 80885 	  67362
 80885 	  94785
 80885 	  91637
 80885 	   2332
 80885 	 103296
 80885 	   5103
 80885 	   8179
 80885 	   5133
 80885 	  76449
 80885 	  85142
 80885 	  79310
 80885 	  37464
 80885 	 108273
 80885 	  90137
 80885 	  74286
 80885 	   3715
 80885 	   2267
 80885 	 107890
 80885 	 109399
 80885 	  94005
 80885 	  76438
 80885 	 105523
 80885 	 122171
 80885 	 111227
 80885 	   2268
 80885 	  92509
 80885 	  82242
 80885 	  66563
103733 	  52768
103733 	 114621
103733 	  91848
103733 	  53672
103733 	 107458
103733 	 100142
103733 	   3715
103733 	  67993
103733 	 100744
103733 	 116540
103733 	  70788
 74664 	  39079
 74664 	 122022
 74664 	  68681
 74664 	 120065
 74664 	 121308
 74664 	  95350
 74664 	 109086
 74664 	  58883
100737 	  50275
100737 	  82555
100737 	  76155
100737 	 105200
100737 	  92250
100737 	 105733
100737 	   3208
100737 	  27623
100737 	 116540
108765 	  88141
108765 	 205919
108765 	  80370
108765 	 122022
108765 	  93171
108765 	 110268
108765 	  91926
108765 	  51289
108765 	  85972
108765 	  91880
108765 	  79768
108765 	   1531
108765 	  52786
108765 	 121308
108765 	  70314
108765 	  69513
108765 	 109086
108765 	 121157
108765 	  31394
108765 	  91740
108765 	  80885
119270 	  59944
126646 	  72992
126646 	 122171
108254 	  83275
126048 	 106302
126048 	  88333
126048 	 131018
126048 	  92865
126048 	 120065
126048 	  96012
126048 	  95781
126048 	 105156
126048 	 118432
126048 	  58883
126048 	  75661
126048 	 106244
 99548 	 122022
 99548 	  91880
 99548 	 121308
 86131 	  59539
 86131 	  50275
 86131 	 100225
 86131 	  95182
 86131 	  52768
 86131 	  62372
 86131 	 114621
 86131 	  18307
 86131 	  28241
 86131 	  82246
 86131 	  65408
 86131 	  29716
 86131 	  90147
 86131 	 117081
 86131 	  92250
 86131 	  96113
 86131 	  53672
 86131 	 105970
 86131 	  44074
 86131 	 116115
 86131 	  58481
 86131 	 105733
 86131 	 103296
 86131 	   5103
 86131 	 116522
 86131 	   5133
 86131 	 114673
 86131 	  66221
 86131 	 107458
 86131 	  37464
 86131 	   2996
 86131 	  15972
 86131 	 108174
 86131 	  90137
 86131 	 107489
 86131 	 105413
 86131 	  48486
 86131 	  27623
 86131 	 100142
 86131 	 109399
 86131 	  79171
 86131 	 100744
 86131 	  81503
 86131 	  92509
 86131 	  82242
 86131 	  70788
  7854 	  39079
  7854 	 122022
  7854 	  88333
  7854 	 109370
  7854 	 120065
  7854 	 121308
  7854 	 109086
  7854 	  58883
  7854 	  77586
126574 	  92753
126574 	  88141
126574 	  91563
126574 	  15511
126574 	 122022
126574 	  93171
126574 	  91926
126574 	  69026
126574 	 108185
126574 	  75641
126574 	  65887
126574 	 109370
126574 	  91880
126574 	 120065
126574 	  96900
126574 	 114259
126574 	   2251
126574 	   1531
126574 	  52786
126574 	 116898
126574 	 121308
126574 	  94015
126574 	 117213
126574 	 109086
126574 	 119270
 66058 	  59944
127707 	  59539
127707 	  52768
127707 	  94332
127707 	  44074
127707 	  67362
127707 	  94785
127707 	   5133
127707 	 114673
127707 	  85142
127707 	  79310
127707 	  37464
127707 	  48486
127707 	  65782
127707 	   3715
127707 	    514
127707 	  82242
 94837 	  93950
124069 	  78533
124069 	  62372
124069 	 114621
124069 	  18307
124069 	  29716
124069 	  96113
124069 	   2332
124069 	 105733
124069 	   2911
124069 	   8179
124069 	  76449
124069 	  15972
124069 	  74286
124069 	  76438
124069 	 119884
124069 	 116540
124069 	   2268
124069 	  74664
124069 	   7854
119890 	  52768
119890 	 114621
119890 	  91848
119890 	 105733
119890 	 107458
119890 	 100142
119890 	   3715
119890 	  67993
119890 	 100744
119890 	 116540
119890 	  70788
119890 	 119890
 41611 	  73957
 41611 	 105156
 41611 	  59944
127382 	  88333
127382 	 114379
 60615 	  83275
 60615 	 111227
103084 	 110268
103084 	  67846
103084 	  43129
103084 	  28201
130419 	  92753
130419 	  88141
130419 	  91563
130419 	 205919
130419 	  93171
130419 	  69026
130419 	  51289
130419 	 108185
130419 	  91880
130419 	 120065
130419 	 128974
130419 	  79768
130419 	  96900
130419 	 114259
130419 	 119685
130419 	 121308
130419 	  70314
130419 	 109086
130419 	  31394
130419 	  91740
130419 	  80885
 68575 	  50275
 68575 	  76155
 68575 	  92250
 68575 	 105970
 68575 	 105733
 68575 	  77153
 68575 	 108174
 68575 	  27623
 68575 	  92509
117924 	  52768
117924 	 114621
117924 	  91848
117924 	 105733
117924 	 107458
117924 	 100142
117924 	   3715
117924 	  67993
117924 	 100744
117924 	 116540
117924 	  70788
117924 	 119890
 62617 	  91563
 62617 	   8980
 62617 	  92865
 62617 	  73957
 62617 	  69513
 62617 	  95513
 62617 	  58883
126992 	 105200
126992 	   5103
 96495 	  66308
 96495 	  77148
 96495 	  67993
 96495 	   7303
 51984 	 117951
 51984 	 119111
 51984 	 122171
105872 	   8980
105872 	 116898
105872 	  69513
105872 	  59944
101248 	 105200
101248 	   3208
101248 	  93866
101248 	 111227
124765 	  83275
 95929 	  75566
 97187 	  65887
 97187 	  93696
 90122 	  96511
 90122 	  50275
 90122 	  92014
 90122 	 130665
 90122 	 126869
 90122 	 126040
 90122 	  76155
 90122 	 106205
 90122 	 110571
 90122 	  88333
 90122 	  65408
 90122 	  92250
 90122 	 102503
 90122 	  94264
 90122 	 100909
 90122 	 108185
 90122 	 117951
 90122 	 101510
 90122 	 119111
 90122 	 101544
 90122 	 118363
 90122 	 102383
 90122 	 122251
 90122 	 105733
 90122 	   2622
 90122 	 103133
 90122 	  73957
 90122 	  99159
 90122 	  92527
 90122 	 108174
 90122 	 115220
 90122 	  27623
 90122 	 116898
 90122 	 105156
 90122 	  95409
 90122 	  94015
 90122 	 113610
 90122 	 115883
 90122 	 103973
 90122 	 121157
 90122 	 128300
 90122 	  59944
 90122 	 108765
 90122 	 127707
 90122 	 127382
 90122 	 117924
 90122 	 126992
 90122 	 101248
 76123 	  63310
 66016 	  76123
102704 	  50275
102704 	  76155
102704 	 125052
102704 	 124999
102704 	  96113
102704 	 117951
102704 	 119111
102704 	 101544
102704 	 122251
102704 	 124080
102704 	 103133
102704 	 115220
102704 	 100142
102704 	  51767
102704 	 120346
102704 	 117950
102704 	 100744
102704 	 118234
102704 	 128300
102704 	 108765
102704 	 119890
102704 	 117924
102704 	  76123
131601 	  82555
131601 	  76155
131601 	 105200
131601 	  92250
131601 	 105733
131601 	   3208
131601 	 117950
131601 	 118234
131601 	 116540
131601 	  76123
131601 	 131601
111569 	  75566
111569 	  52224
101342 	 113027
101342 	 109370
101342 	 108127
101342 	 114259
 68241 	  92753
 68241 	  88141
 68241 	  81305
 68241 	 205919
 68241 	 122022
 68241 	   8980
 68241 	  93171
 68241 	  91926
 68241 	  69026
 68241 	  51289
 68241 	  70646
 68241 	  10274
 68241 	  79768
 68241 	  52786
 68241 	  81262
 68241 	 121308
 68241 	  70314
 68241 	  48728
 68241 	 109086
 68241 	  31394
 68241 	  80885
 68241 	  86131
124365 	  75641
124365 	  65887
124365 	 124365
 97422 	  85890
113690 	 131018
113690 	  92865
113690 	 120065
113690 	 105156
113690 	  69513
113690 	 109086
113690 	  59944
108883 	  50309
128822 	  75030
128822 	  67993
128975 	  92753
128975 	  88141
128975 	  81305
128975 	 205919
128975 	 122022
128975 	  93171
128975 	  69026
128975 	  51289
128975 	  70646
128975 	 120065
128975 	  79768
128975 	   1531
128975 	  52786
128975 	 121308
128975 	  70314
128975 	  94015
128975 	 109086
128975 	  31394
128975 	  80885
102759 	  78533
102759 	  62372
102759 	 105200
102759 	 114621
102759 	  18307
102759 	  91848
102759 	  29716
102759 	  92250
102759 	  65863
102759 	 116115
102759 	   2332
102759 	 105733
102759 	   8179
102759 	  76449
102759 	   3208
102759 	  15972
102759 	  74286
102759 	   2267
102759 	  94005
102759 	  76438
102759 	  79171
102759 	 105523
102759 	 119884
102759 	 116540
102759 	   2268
102759 	  62878
102759 	  74664
102759 	   7854
102759 	 119890
102759 	  41611
102759 	  62617
102759 	 131601
126225 	  81305
126225 	  39079
126225 	 205919
126225 	  80370
126225 	 122022
126225 	   8980
126225 	 130780
126225 	 110268
126225 	  91926
126225 	  92865
126225 	  69026
126225 	  51289
126225 	  85890
126225 	  70646
126225 	  85972
126225 	 109370
126225 	  91880
126225 	 128974
126225 	 101365
126225 	  79768
126225 	 122945
126225 	  96900
126225 	 114259
126225 	   2251
126225 	   1531
126225 	  52786
126225 	 119685
126225 	 121308
126225 	  70314
126225 	  69513
126225 	  95513
126225 	  94015
126225 	 109086
126225 	 129421
126225 	  58883
126225 	 121157
126225 	  31394
126225 	  91740
126225 	  59944
126225 	  80885
126225 	  66058
126225 	  68575
126225 	 101248
126225 	  94367
113068 	 109370
113068 	 121308
113068 	  95350
113068 	 109086
113068 	  58883
113068 	  99548
 95748 	  75030
 95748 	  66308
 95748 	  67993
 95748 	  75661
 90406 	  50275
 90406 	  82555
 90406 	  95182
 90406 	  65408
 90406 	  92250
 90406 	 105733
 90406 	 108174
 90406 	  27623
 90406 	  76123
 90406 	 131601
117793 	 116115
125108 	   9595
117490 	  93950
117490 	  69633
117490 	  16404
117344 	  16404
 97464 	  97838
 97464 	  72459
 97464 	 122891
 97464 	 123045
 69636 	 105200
113639 	  59539
113639 	  52768
113639 	   2986
113639 	 129131
113639 	  53672
113639 	  44074
113639 	 127855
113639 	   4363
113639 	  67362
113639 	  93950
113639 	 129960
113639 	  94785
113639 	 103296
113639 	  43129
113639 	   5133
113639 	  85142
113639 	  37464
113639 	  28201
113639 	 103973
113639 	   7303
113639 	  82242
113639 	 108160
113639 	  51984
 52076 	  97838
 52076 	 129131
 52076 	 126721
 52076 	  75566
 52076 	  65978
 52076 	 122891
 52076 	  52076
 34899 	  80370
 34899 	 109693
 34899 	 122022
 34899 	  88333
 34899 	   8980
 34899 	 131018
 34899 	 110268
 34899 	  91926
 34899 	  92865
 34899 	 108185
 34899 	 127451
 34899 	  85972
 34899 	 109370
 34899 	  97207
 34899 	  91880
 34899 	 120065
 34899 	  96012
 34899 	 128974
 34899 	 101365
 34899 	  96900
 34899 	 114259
 34899 	 119112
 34899 	  52786
 34899 	  95781
 34899 	 105156
 34899 	  70314
 34899 	  95350
 34899 	 109086
 34899 	 121157
 34899 	  31394
 34899 	  91740
 34899 	 106244
 34899 	 126574
 34899 	  66058
 34899 	  68575
 34899 	 124365
 34899 	  94367
 34899 	 123702
 34899 	 113068
 73555 	 122891
 94032 	  81305
 94032 	  69026
 94032 	  85972
 94032 	  59944
 94032 	  76123
 98993 	  58883
129520 	  82503
 50841 	  67846
 50841 	  81306
 50841 	 130986
 50841 	 102383
 50841 	  43129
 50841 	  16404
 50841 	  28201
 50841 	 123045
 91849 	  50275
 91849 	  65408
 91849 	  92250
 91849 	 105733
 91849 	 108174
 91849 	  27623
 91849 	  76123
 91849 	 131601
117925 	  50275
117925 	 100225
117925 	  95182
117925 	  52768
117925 	   2986
117925 	 105200
117925 	  91848
117925 	  28241
117925 	  82246
117925 	  65408
117925 	  90147
117925 	 117081
117925 	  92250
117925 	  94332
117925 	  96113
117925 	 111407
117925 	  53672
117925 	 105970
117925 	 116115
117925 	  67362
117925 	  58481
117925 	  94785
117925 	 105733
117925 	 116522
117925 	 114673
117925 	  85142
117925 	 107458
117925 	  37464
117925 	 108174
117925 	  90137
117925 	 107489
117925 	 105413
117925 	  27623
117925 	  65782
117925 	 100142
117925 	    514
117925 	 107890
117925 	 109399
117925 	  67993
117925 	 100744
117925 	 122171
117925 	 111227
117925 	  92509
117925 	  82242
117925 	  70788
117925 	 119890
117925 	 131601
117925 	 126225
107802 	 120998
103602 	 127242
103602 	   5543
103602 	 105455
103602 	 127649
103602 	 108185
103602 	 101510
103602 	 130986
103602 	 102383
103602 	 128762
103602 	   2622
103602 	  52224
103602 	 115258
103602 	  98991
103602 	  75661
103602 	  90122
103602 	 128822
 93364 	  94908
 93364 	  78533
 93364 	  62372
 93364 	 114621
 93364 	  18307
 93364 	  91848
 93364 	 125052
 93364 	 124999
 93364 	  29716
 93364 	  96113
 93364 	 100909
 93364 	 104295
 93364 	   2332
 93364 	   2911
 93364 	 124080
 93364 	   8179
 93364 	  76449
 93364 	 103133
 93364 	  15972
 93364 	 101749
 93364 	 115220
 93364 	  74286
 93364 	 100142
 93364 	  51767
 93364 	   2267
 93364 	  76438
 93364 	 119884
 93364 	 100744
 93364 	 118234
 93364 	   2268
 93364 	 128300
 93364 	  74664
 93364 	 108765
 93364 	   7854
 93364 	  41611
 93364 	  62617
 93364 	 111569
 93364 	 126225
 93364 	 117793
 93364 	 107802
119808 	 116115
119808 	  93696
101626 	  76123
129161 	  59539
129161 	  95442
129161 	  94332
129161 	  53672
129161 	  44074
129161 	 127855
129161 	   4363
129161 	  93950
129161 	  58481
129161 	  94785
129161 	 103296
129161 	  43129
129161 	   5103
129161 	   5133
129161 	 114673
129161 	  85142
129161 	  79310
129161 	   2524
129161 	  65782
129161 	  28201
129161 	   3715
129161 	 103973
129161 	  82242
129161 	 108160
129161 	  51984
129161 	  34899
 31821 	  94908
 31821 	  50275
 31821 	  82555
 31821 	  95182
 31821 	  76155
 31821 	  65408
 31821 	 102078
 31821 	 100909
 31821 	 117951
 31821 	 105970
 31821 	 101544
 31821 	 104295
 31821 	 122251
 31821 	 105733
 31821 	 124080
 31821 	 103133
 31821 	 107458
 31821 	 101673
 31821 	 120998
 31821 	 101749
 31821 	 108174
 31821 	 103677
 31821 	 115220
 31821 	  27623
 31821 	 120346
 31821 	 117950
 31821 	 118234
 31821 	 116540
 31821 	  92509
 31821 	 128300
 31821 	 108765
 31821 	 117924
 31821 	  76123
 31821 	 131601
 31821 	 111569
 31821 	 117793
 31821 	 119808
 98813 	  91563
 98813 	 122022
 98813 	 130780
 98813 	 131018
 98813 	  92865
 98813 	 127451
 98813 	 109370
 98813 	  97207
 98813 	  96012
 98813 	 105156
 98813 	 118432
 98813 	 129421
 98813 	  59944
 98813 	 128707
 61674 	  92753
 61674 	  88141
 61674 	  97838
 61674 	  80370
 61674 	 122022
 61674 	   8980
 61674 	  93171
 61674 	 110268
 61674 	  51289
 61674 	 108185
 61674 	  85890
 61674 	  70646
 61674 	  85972
 61674 	 125839
 61674 	 101365
 61674 	 122945
 61674 	 119617
 61674 	  96900
 61674 	 114259
 61674 	 119112
 61674 	   1531
 61674 	  52786
 61674 	 124477
 61674 	 121308
 61674 	  69513
 61674 	  94015
 61674 	 117213
 61674 	 109086
 61674 	 129421
 61674 	 100172
 61674 	  91740
 61674 	  66058
 61674 	  68575
 61674 	 124365
 61674 	 113690
 61674 	 113068
 61674 	  73555
121983 	  76123
125231 	  68241
 92153 	  83275
 95496 	  59539
 95496 	  53672
 95496 	 117951
 95496 	  44074
 95496 	 103296
 95496 	   3715
 95496 	    514
 95496 	  65978
 95496 	  81503
 95496 	  70788
 95496 	 105872
 97373 	 105200
124281 	  67993
124281 	  75661
124281 	  93364
 96106 	  93950
111453 	 129131
111453 	  95442
111453 	  31490
111453 	 100782
111453 	  53106
111453 	  43129
111453 	  75566
111453 	 123045
111453 	   7303
111453 	  51984
111453 	 117344
111453 	  97464
 82662 	  59539
 82662 	  39337
 82662 	  50275
 82662 	 100225
 82662 	  78533
 82662 	  95182
 82662 	  52768
 82662 	   2986
 82662 	  76155
 82662 	 105200
 82662 	 107934
 82662 	  82246
 82662 	  65408
 82662 	 117081
 82662 	  31490
 82662 	 111407
 82662 	  53672
 82662 	  44074
 82662 	 116115
 82662 	  67362
 82662 	   2332
 82662 	 103296
 82662 	  16479
 82662 	   5103
 82662 	 116522
 82662 	  76449
 82662 	  66221
 82662 	 108273
 82662 	 108174
 82662 	 107489
 82662 	 105413
 82662 	  37931
 82662 	  74286
 82662 	  27623
 82662 	   3715
 82662 	   2267
 82662 	    514
 82662 	 107890
 82662 	 109399
 82662 	  86335
 82662 	  61797
 82662 	  76438
 82662 	 105523
 82662 	 119884
 82662 	 122171
 82662 	 111227
 82662 	  62878
 82662 	  70788
 82662 	  74664
 82662 	 108254
 82662 	  94837
 82662 	  41611
 82662 	  62617
 82662 	  52076
 82662 	  31821
 82662 	  92477
 64212 	 122022
 64212 	 110268
 64212 	  91880
 64212 	 101365
 64212 	 122945
 64212 	 121308
 64212 	 124365
 89982 	  59539
 89982 	  50275
 89982 	 100225
 89982 	  95182
 89982 	  52768
 89982 	   2986
 89982 	 114621
 89982 	  91848
 89982 	  28241
 89982 	  65408
 89982 	  90147
 89982 	  94332
 89982 	  96113
 89982 	 111407
 89982 	  53672
 89982 	 105970
 89982 	  44074
 89982 	 116115
 89982 	  67362
 89982 	  58481
 89982 	  94785
 89982 	 105733
 89982 	 103296
 89982 	 116522
 89982 	   5133
 89982 	 114673
 89982 	  85142
 89982 	  79310
 89982 	  37464
 89982 	 108174
 89982 	  90137
 89982 	 105413
 89982 	  27623
 89982 	  65782
 89982 	 100142
 89982 	 107890
 89982 	 109399
 89982 	  67993
 89982 	 100744
 89982 	 116540
 89982 	  92509
 89982 	  82242
 89982 	  70788
 89982 	 131601
 89982 	 126225
 89982 	 119808
 89982 	  92477
 89982 	  64212
116362 	  51984
105591 	  50275
105591 	  82555
105591 	  95182
105591 	  76155
105591 	  65408
105591 	 105733
105591 	   3208
105591 	 108174
105591 	  27623
105591 	 116540
105591 	  76123
105591 	 131601
105591 	 119808
128079 	 117081
128079 	 122171
128079 	 105872
128079 	  98813
122396 	  94927
122396 	  96511
122396 	 117891
122396 	 130665
122396 	 110571
122396 	  88333
122396 	 108185
122396 	 129434
122396 	 128492
122396 	  99159
122396 	 122600
122396 	 116898
122396 	 105156
122396 	  95409
122396 	 126248
122396 	 118432
122396 	  94015
122396 	 122891
122396 	 113610
122396 	 103091
122396 	 121157
122396 	 126646
122396 	 127707
122396 	 127382
122396 	  76123
122396 	  98993
 88019 	  50275
 88019 	  95182
 88019 	  76155
 88019 	  65408
 88019 	  92250
 88019 	 100909
 88019 	 105733
 88019 	 107458
 88019 	 101749
 88019 	 108174
 88019 	 115220
 88019 	 105413
 88019 	  27623
 88019 	 131601
 88019 	 111569
 88019 	 119808
118243 	  50275
118243 	  82555
118243 	  76155
118243 	 105733
118243 	  83275
118243 	  27623
118243 	 118234
118243 	 116540
118243 	 119808
118243 	  98813
130833 	  59539
130833 	  50275
130833 	 100225
130833 	  82555
130833 	  52768
130833 	   2986
130833 	 105200
130833 	  91848
130833 	  28241
130833 	  82246
130833 	  92250
130833 	  94332
130833 	  96113
130833 	 111407
130833 	 105970
130833 	  44074
130833 	 116115
130833 	  67362
130833 	  94785
130833 	   5103
130833 	 116522
130833 	   5133
130833 	 114673
130833 	  85142
130833 	  79310
130833 	 107458
130833 	  37464
130833 	 108174
130833 	 105413
130833 	  48486
130833 	  27623
130833 	  65782
130833 	 100142
130833 	  51767
130833 	   3715
130833 	    514
130833 	 107890
130833 	 109399
130833 	 100744
130833 	 122171
130833 	 111227
130833 	 116540
130833 	  92509
130833 	  82242
130833 	 131601
130833 	 126225
130833 	 119808
130833 	  92477
130833 	  64212
114929 	  39337
114929 	  90147
114929 	 116115
114929 	  94785
114929 	   5133
114929 	  79310
114929 	  90137
114929 	  48486
114929 	  82242
114929 	  64212
123347 	  91563
123347 	 130780
123347 	 131018
123347 	 127451
123347 	 109370
123347 	  97207
123347 	  96012
123347 	 105156
123347 	 118432
123347 	 109086
123347 	  59944
123347 	 128707
 58385 	  92753
 58385 	  80370
 58385 	   8980
 58385 	 130780
 58385 	  93171
 58385 	 110268
 58385 	  66308
 58385 	  91926
 58385 	 108185
 58385 	  85890
 58385 	  70646
 58385 	  85972
 58385 	 109370
 58385 	  91880
 58385 	 120065
 58385 	  73957
 58385 	 128974
 58385 	 101365
 58385 	  79768
 58385 	 122945
 58385 	  96900
 58385 	 114259
 58385 	 116898
 58385 	 119685
 58385 	  70314
 58385 	  69513
 58385 	  95513
 58385 	 109086
 58385 	 129421
 58385 	 103091
 58385 	  58883
 58385 	 121157
 58385 	  31394
 58385 	  75661
 58385 	  91740
 58385 	 119270
 58385 	  66058
 58385 	  68575
 58385 	 128707
 58385 	 101248
 58385 	 124365
 58385 	 123702
 58385 	 113068
 58385 	 121983
 58385 	  58385
105144 	  73957
105144 	 116898
105144 	  94015
105144 	  76123
105144 	  88019
130531 	  97838
130531 	  58416
130531 	 122891
130531 	  67993
130531 	 123045
 69502 	  92753
 69502 	  88141
 69502 	  80370
 69502 	  15511
 69502 	  93171
 69502 	  51289
 69502 	  85972
 69502 	 109370
 69502 	  91880
 69502 	  96900
 69502 	 114259
 69502 	   2251
 69502 	   1531
 69502 	 121308
 69502 	  69513
 69502 	 109086
 69502 	 103091
 69502 	  91740
 69502 	 101248
 69502 	  76123
 69502 	  73555
 69502 	  88019
 69502 	 130531
 92655 	  77148
 92655 	  67993
  8991 	  81306
  8991 	  69633
  8991 	  16404
  8991 	  69636
  8991 	  69502
  3476 	  39337
  3476 	  90147
  3476 	  58481
  3476 	 105815
  3476 	  94785
  3476 	  16479
  3476 	   5133
  3476 	 114673
  3476 	  79310
  3476 	  90137
  3476 	  48486
  3476 	 100142
  3476 	  86335
  3476 	  61797
  3476 	 100744
  3476 	  82242
  3476 	 119890
  3476 	 126225
  3476 	 125108
  3476 	 125120
  3476 	  64212
  3476 	 123347
 98306 	 116522
 98306 	 107489
 98306 	 106697
 98306 	 102995
 98306 	 111227
 98306 	 103084
 98306 	 124765
122256 	  50275
122256 	 100225
122256 	  52768
122256 	   2986
122256 	 114621
122256 	  91848
122256 	  28241
122256 	  65408
122256 	  90147
122256 	 117081
122256 	  96113
122256 	 111407
122256 	 105970
122256 	 116115
122256 	  67362
122256 	  58481
122256 	  94785
122256 	 105733
122256 	 103296
122256 	   5103
122256 	 116522
122256 	   5133
122256 	 114673
122256 	  85142
122256 	  79310
122256 	  66221
122256 	 107458
122256 	 108174
122256 	  90137
122256 	 105413
122256 	  65782
122256 	 100142
122256 	  51767
122256 	   3715
122256 	 107890
122256 	 109399
122256 	  67993
122256 	 100744
122256 	 122171
122256 	 111227
122256 	 116540
122256 	  92509
122256 	  82242
122256 	  70788
122256 	 131601
122256 	 126225
122256 	 119808
122256 	  92477
122256 	  64212
122256 	 113084
 87194 	  82555
 87194 	  95182
 87194 	  65408
 87194 	  92250
 87194 	 105733
 87194 	  27623
 87194 	  76123
 87194 	 131601
 87194 	 119808
 87194 	  98813
