100617 	 106567
 92753 	 113401
 59539 	  94927
118052 	 113401
 96511 	 127102
102380 	 113401
102380 	 118052
 39337 	  94927
 39337 	 118052
 39337 	 117891
117976 	  96511
 91563 	 106567
 91563 	 113401
 91563 	  94927
 91563 	 117891
 91563 	 119680
100225 	 113401
130665 	 106567
130665 	 113401
130665 	  94927
130665 	 117891
205919 	 102380
 80076 	 110641
126869 	 102380
126869 	 110641
 75030 	 113401
 75030 	 117976
106302 	 130387
128844 	 110641
 15511 	 127102
 15511 	  59539
 15511 	 126869
 15511 	 128844
 66388 	 113401
 66388 	  96511
 66388 	 117976
 66388 	 119680
 66388 	 100225
 66388 	  95573
 66388 	  80370
 66388 	  76155
110571 	  94927
114621 	  66388
109693 	 102380
 99902 	   5543
 18307 	 119680
 18307 	 130665
 96738 	 118052
 96738 	 110641
 70752 	  94927
  8980 	 117976
130780 	  81305
130780 	  80370
130780 	 127533
 91848 	 126040
125052 	 106567
125052 	  94927
125052 	 117891
125052 	 130780
107934 	 106205
107934 	 125052
129131 	  96738
131018 	 102380
105455 	  96511
105455 	  97838
105455 	  66388
113027 	 126040
113027 	 129131
 28241 	 130387
 28241 	  66388
 93171 	  92014
114379 	 102380
 51213 	  66388
126721 	 130387
126721 	 126869
126721 	 126040
126721 	  66388
 29716 	 113401
 29716 	  96511
 29716 	 117976
 29716 	 119680
 29716 	 100225
 29716 	  95573
 29716 	  80370
 29716 	  91848
101280 	 117976
101280 	  91848
110268 	 113401
110268 	  96511
110268 	 117976
110268 	 119680
110268 	  95573
110268 	 109693
110268 	 131018
110268 	 110268
 85402 	 117976
 85402 	  91848
 85402 	 103813
101160 	  80076
101160 	   5543
101160 	 126040
101160 	  66388
101160 	 129131
101160 	 102278
127649 	 106567
127649 	 113401
127649 	 117891
127649 	 130665
127649 	 110571
127649 	  96738
127649 	 101280
127649 	 103813
 95603 	  65408
 91926 	  80076
 95442 	 130780
 92865 	  91848
 92865 	  85402
 92865 	  63310
 82503 	  76155
 82503 	  91848
 94332 	 127102
 94332 	 130387
 94332 	 117891
 94332 	 126869
 94332 	 126040
 94332 	 128844
 94332 	 130780
 94332 	 130983
 94332 	 102278
 31490 	  91848
 96113 	 126040
 96113 	 127649
129859 	 106567
129859 	 119680
129859 	  97838
129859 	 127533
129859 	 131018
129859 	 101280
129859 	 110268
129859 	 101160
102078 	 110641
 94264 	 117891
113290 	 127533
113290 	  91848
113290 	 101280
113290 	 103813
113290 	  90147
122840 	  97838
108185 	 102380
 99477 	 100225
 99477 	  95573
 99477 	  96738
 99477 	 131018
 99477 	  95603
117951 	 106567
117951 	 107934
117951 	 122840
105970 	  95182
105970 	  65408
105970 	  69026
129134 	 118052
129134 	 117976
129134 	 107934
129134 	 103813
129134 	  95603
129134 	   7012
129134 	 102078
131017 	  80076
131017 	  97838
131017 	  66388
131017 	 122022
131017 	 127649
131017 	  31490
 72459 	 102380
 72459 	 110641
 72459 	  80076
 72459 	 126626
101510 	  62372
101510 	  18307
101510 	  29716
 44074 	  66388
 44074 	  70752
 44074 	 113027
116115 	 117976
116115 	   7012
127451 	 117976
127451 	  80076
127451 	  66388
127451 	  96738
127451 	   7012
127451 	 113290
127451 	 127855
  4363 	 117891
  4363 	 117976
  4363 	 127533
  4363 	 101280
 67362 	   5646
 31770 	 106567
 31770 	 113401
 31770 	 119680
 31770 	 100225
 31770 	  97838
 31770 	 130780
 31770 	 103813
 31770 	 101160
 31770 	 131017
119111 	  92014
119111 	 113027
119325 	 113401
119325 	 100225
119325 	 107934
119325 	 131018
119325 	 102078
119325 	 105970
119325 	 119111
 70646 	 117976
 70646 	  97838
 70646 	  96738
 70646 	 110268
 70646 	 103813
 70646 	 101160
 70646 	 129644
101544 	 102380
101544 	 110641
101544 	  80076
101544 	  66388
101544 	 126626
101544 	 101160
101544 	 130218
 67846 	 129131
100782 	  75030
100782 	   5646
 53106 	 117081
 53106 	 129859
 53106 	 131017
105815 	 126040
105815 	 126200
105815 	 113027
105815 	 127649
105815 	  31490
105815 	 130218
105815 	 118363
 81306 	 106567
 81306 	 113401
 81306 	  94927
 81306 	 117891
 81306 	 100225
 81306 	 130665
 81306 	  95573
 81306 	 106302
 81306 	 127533
 81306 	 110571
 81306 	 101280
 81306 	 103813
 81306 	 113290
 81306 	 119111
 81306 	 129644
101892 	  66388
101892 	  95603
130986 	  28241
130986 	   7012
130986 	  65863
 85972 	 113401
 85972 	 118052
 85972 	 117976
 85972 	 100225
 85972 	  95573
 85972 	 107934
 85972 	  85890
 85972 	 101892
 94785 	 113401
 94785 	  96511
 94785 	 119680
 94785 	 100225
 94785 	  95573
 94785 	 109693
 94785 	  70752
 94785 	 107934
 94785 	 131018
 94785 	 110268
 94785 	 101160
 94785 	  95603
 94785 	 102078
 94785 	 122840
 94785 	 105970
 94785 	 119111
115173 	  97838
104295 	 113401
104295 	  96511
104295 	 119680
104295 	 100225
104295 	 127533
104295 	 131018
104295 	 102078
104295 	 101892
124419 	 113401
124419 	 118052
124419 	 117976
124419 	 100225
124419 	  95573
124419 	  95603
124419 	 111407
124419 	 101892
128492 	  97838
128492 	  66388
128492 	 109693
128492 	 126721
128492 	 101160
128492 	 126216
 91637 	  72459
  2332 	 106302
  2332 	 127533
  2332 	 101280
  2332 	 103813
122251 	  15511
122251 	 102078
122251 	  44074
 68681 	   4793
 68681 	 102380
 68681 	 102278
 68681 	 101510
103296 	  81305
103296 	  76155
103296 	  63310
 72992 	 106302
  2911 	  78533
  2911 	  62372
  2911 	  18307
  2911 	  63310
  2911 	  68681
 16479 	   9595
 65887 	 118363
 65887 	 129960
 36327 	 113401
 36327 	 117976
 36327 	 119680
 36327 	 100225
 36327 	  95573
 36327 	  80370
 36327 	 106302
 36327 	  91848
 36327 	 102078
 36327 	 122840
 36327 	  85890
 36327 	 101892
 36327 	 124419
 36327 	 122251
130217 	  92014
130217 	 113027
119311 	 128397
119311 	  99902
119311 	 124999
119311 	 129134
128762 	 113401
128762 	 100225
128762 	 109693
128762 	 131018
128762 	 102078
128762 	 105970
128762 	 101892
125839 	  75030
125839 	  36327
  5103 	  69026
124080 	   5646
124080 	  85972
  8179 	  66388
  8179 	   7012
  8179 	 129859
  8179 	 129134
  8179 	  58481
  8179 	 105815
109370 	   5646
109370 	  65887
  2622 	 118052
  2622 	 117976
  2622 	 125052
  2622 	 129859
 97207 	 106567
 97207 	 113401
 97207 	  94927
 97207 	  96511
 97207 	 117891
 97207 	 100225
 97207 	 130665
 97207 	  95573
 97207 	 106302
 97207 	 127533
 97207 	 110571
 97207 	 101280
 97207 	 103813
 97207 	 129644
 97207 	 129434
 97207 	  94785
 97207 	 115173
 97207 	 128492
 97207 	 130217
 51513 	 117976
 51513 	 105200
 91880 	  99902
103133 	  92014
103133 	  70752
103133 	 126721
103133 	 126216
120065 	   5646
120065 	 101510
 95336 	 116522
107568 	 113401
107568 	  96738
107568 	 101280
107568 	 103813
107568 	 117951
107568 	 115173
107568 	 116522
 96012 	 113401
 96012 	 100225
 96012 	 107934
 96012 	 131018
 96012 	 102078
 96012 	 105970
 96012 	 119111
 96012 	 101892
 96012 	 116522
111666 	 113401
111666 	  96511
111666 	 119680
111666 	 100225
111666 	  95573
111666 	  91848
111666 	 110268
111666 	 102078
111666 	 122840
111666 	  85890
111666 	 101892
111666 	 122251
111666 	 116522
125990 	   7012
129208 	 102380
129208 	  66388
129208 	 125161
 98252 	  76155
 98252 	 127533
 98252 	 126626
 98252 	 101280
 98252 	  66308
 98252 	  67846
 98252 	  52894
 98252 	 130217
 98252 	  43129
 98252 	 125990
 73957 	 106567
 73957 	 100617
 73957 	 117891
 73957 	 130665
 73957 	 106302
 73957 	 131018
 73957 	 101280
 73957 	 110268
 73957 	 103813
 73957 	 101160
 73957 	 131017
 73957 	  85890
 73957 	 129644
 73957 	 129434
 73957 	 128492
 73957 	 130217
 73957 	  97207
 73957 	 111666
 73957 	 125990
118768 	  91848
 85142 	  65887
 69633 	 106567
 69633 	  94927
 69633 	 110641
 69633 	 100225
 69633 	  95573
 69633 	 127533
 69633 	 110571
 69633 	 126626
 69633 	 101280
 69633 	  95603
 69633 	 130217
 69633 	 116522
 69633 	 125990
 79310 	  95573
 79310 	 127533
 79310 	 124999
 79310 	 101280
 79310 	 103813
 79310 	 129134
 79310 	 115173
 79310 	  36327
 79310 	 130217
 79310 	 116522
 79310 	 125990
101365 	  65408
101365 	  69026
 10274 	  63310
 10274 	   3208
 79768 	 117976
 79768 	 110641
 79768 	 100225
 79768 	  95573
 79768 	  95603
 79768 	 122251
 79768 	 116522
 79768 	 118768
 99159 	  63310
 99159 	  75641
 99159 	  72459
 99159 	  65887
 99159 	   3208
 66221 	  94927
 66221 	 117891
 66221 	  80076
 66221 	  99902
 66221 	 102078
 66221 	 102503
 66221 	  99477
 66221 	 119111
 66221 	 129434
 66221 	  99159
 65192 	 118052
 65192 	 117976
 65192 	  91848
 65192 	 102078
 65192 	 119111
 65192 	 101544
 65192 	  91637
 65192 	 122251
 65192 	 116522
 65192 	  73957
 65192 	 118768
122945 	 117951
122945 	  99159
119617 	 106567
119617 	  94927
119617 	 117891
119617 	 107934
119617 	 129644
119617 	  58481
119617 	 129434
119617 	 115173
119617 	 128492
119617 	 125839
119617 	 111666
119617 	 101365
107458 	 102380
107458 	 109693
107458 	  65192
 99455 	  94927
 99455 	 117891
 99455 	 117976
 99455 	 127533
 99455 	 101280
 99455 	 103813
 99455 	 101160
 99455 	 101544
 99455 	 129434
 99455 	 122251
 99455 	  16479
 99455 	 130217
 99455 	 125990
 99455 	  99159
 96900 	  62372
 96900 	  66388
 96900 	  44074
 96900 	 125161
 96900 	 103296
114259 	 102380
114259 	  80076
114259 	  85402
102481 	 102078
102481 	 117951
119112 	  66388
119112 	 119325
119112 	 119311
 37464 	  81305
 37464 	 127533
 37464 	  91848
 37464 	 101280
 37464 	 110268
 37464 	 103813
 37464 	   5646
 37464 	 122840
 37464 	 119111
 37464 	 101544
 37464 	 130217
 37464 	 125990
 37464 	 122945
  2996 	 100617
115606 	  94927
115606 	  59539
115606 	 117891
115606 	 130665
115606 	  95573
115606 	 106302
115606 	 110571
115606 	 109693
115606 	 107934
115606 	 131018
115606 	 101280
115606 	 103813
115606 	 101160
115606 	  91926
115606 	 122840
115606 	 105970
115606 	 124419
115606 	 128492
115606 	 116522
115606 	  96012
115606 	 122945
115606 	 119617
120998 	  88141
120998 	  44074
120998 	  16479
 15972 	 113401
 15972 	  96511
 15972 	 119680
 15972 	 100225
 15972 	  95573
 15972 	 109693
 15972 	  70752
 15972 	 107934
 15972 	 131018
 15972 	  95603
 15972 	 102078
 15972 	 111407
 15972 	 131017
 15972 	 119111
 15972 	 116522
 15972 	  96012
 15972 	  73957
 15972 	 101365
 15972 	 122945
 15972 	 107458
 92527 	  97838
101749 	  79310
108174 	  62372
108174 	  18307
108174 	  29716
108174 	 122840
108174 	  72459
108174 	  16479
108174 	  15972
  2251 	  80370
  2251 	 101160
  2251 	  95442
  2251 	   5646
  2251 	 122840
  2251 	  53106
  2251 	  43129
  2251 	  73957
 75566 	  90154
 75566 	  75641
103677 	 113401
103677 	 118052
103677 	 100225
103677 	  95573
103677 	 107934
103677 	  95603
103677 	 111407
103677 	 119325
103677 	 119311
103677 	 116522
103677 	 118768
103677 	 128974
103677 	 107458
  1531 	   5646
 90137 	  66388
 64266 	  91637
 58632 	   4793
 58632 	  39337
 58632 	 101160
 58632 	 122840
 83275 	 127102
 83275 	 128844
 83275 	  66388
 83275 	 130983
 62268 	  97838
115220 	 120998
107489 	  93950
107489 	  91637
 58416 	   5543
 58416 	  72459
 16404 	 106302
 16404 	 109693
 16404 	 114379
 16404 	 110268
 16404 	 101160
 16404 	 102078
 16404 	 122840
 16404 	 119111
 16404 	 101892
 16404 	 116522
 16404 	 118768
 16404 	 101365
 16404 	 122945
 16404 	 120998
105413 	 113401
105413 	 100225
105413 	 127533
105413 	 109693
105413 	 107934
105413 	 131018
105413 	 102078
105413 	 105970
105413 	 101892
105413 	 130217
105413 	 125990
105413 	  99159
105413 	 107458
 37931 	 102380
 37931 	 127242
 37931 	 127649
 37931 	 128762
111297 	 113401
111297 	 118052
111297 	 117976
111297 	 100225
111297 	 130665
111297 	 127533
111297 	 109693
111297 	   8980
111297 	 130780
111297 	 101280
111297 	 110268
111297 	 101160
111297 	  91926
111297 	 102078
111297 	 122840
111297 	 131017
111297 	 119111
111297 	 122251
111297 	 130217
111297 	  97207
111297 	 116522
111297 	 125990
111297 	 128974
111297 	 101365
 34379 	 100225
 34379 	  99902
 34379 	 103813
 34379 	 102078
 34379 	 119111
 34379 	 101892
 34379 	 130217
 34379 	 116522
 34379 	  98252
 34379 	  99159
 34379 	 102481
 34379 	 117884
 95781 	 100617
 95781 	 118052
 95781 	 117976
 95781 	 100225
 95781 	 130665
 95781 	 127533
 95781 	 110571
 95781 	  99902
 95781 	   8980
 95781 	 101280
 95781 	 103813
 95781 	 101160
 95781 	 102078
 95781 	 122840
 95781 	  85972
 95781 	 130217
 95781 	 116522
 95781 	 125990
 95781 	 129208
 95781 	 118768
 95781 	 122945
 95781 	 122600
 95781 	 107489
124177 	  91848
 65782 	   5103
116898 	  85972
 51767 	  73957
 51767 	  75566
 28201 	  94927
 28201 	 117891
 28201 	  99902
 28201 	 129434
 28201 	 128492
 28201 	  99159
 74885 	 126626
 74885 	 117884
105156 	 130665
105156 	  76155
105156 	 110571
105156 	  96738
105156 	 101280
105156 	 103813
105156 	 117951
105156 	 125990
105156 	 120998
119717 	 113401
119717 	 117976
119717 	 100225
119717 	 127533
119717 	 131018
119717 	 124999
119717 	 105970
119717 	 101892
119717 	 130217
119717 	 107458
 95409 	 113401
 95409 	 100225
 95409 	 109693
 95409 	 107934
 95409 	 110268
 95409 	 101160
 95409 	 102078
 95409 	 122840
 95409 	 105970
 95409 	 119111
 95409 	 101892
 95409 	 116522
 95409 	 118768
 95409 	 128974
 95409 	 101365
 95409 	 107458
124225 	 100617
124225 	 113401
124225 	 118052
124225 	 110641
124225 	 100225
124225 	  95573
124225 	 127242
124225 	  66388
124225 	 127533
124225 	 129131
124225 	 101280
124225 	 103813
124225 	 117081
124225 	 102078
124225 	 101510
124225 	 127855
124225 	 119111
124225 	 118363
124225 	 129960
124225 	 115173
124225 	 130217
124225 	 128762
124225 	 125990
124225 	 110588
124225 	 117884
124225 	 127221
124225 	 124177
124225 	 124225
 99213 	 100617
 99213 	  95573
 99213 	 127533
 99213 	  99902
 99213 	 129131
 99213 	 101280
 99213 	  95603
 99213 	 102078
 99213 	 113290
 99213 	 127855
 99213 	 119111
 99213 	  58481
 99213 	 118363
 99213 	 129960
 99213 	 130217
 99213 	 116522
 99213 	 125990
 99213 	 102481
 99213 	 117884
 99213 	 127221
 99213 	 124225
 98469 	 113401
 98469 	 127533
 98469 	 101280
 98469 	 103813
 98469 	 102078
 98469 	 119111
 98469 	 130217
 98469 	 116522
 98469 	 125990
 98469 	 117884
121308 	  96511
121308 	  97838
121308 	 106205
121308 	  66388
121308 	 101510
121308 	 118363
121308 	 102383
121308 	 128974
121308 	 116898
128471 	   5646
128471 	  69026
128471 	  74885
 77148 	 100617
 77148 	 113401
 77148 	  94927
 77148 	 100225
 77148 	 130665
 77148 	 110571
 77148 	  99902
 77148 	 130780
 77148 	 102078
 77148 	 122251
 77148 	 116522
 77148 	 128974
 77148 	 122945
 77148 	 117884
 77148 	  99213
 77148 	  98469
 96223 	  63310
 96223 	   3208
  3715 	  95603
  3715 	  99477
  3715 	 101510
  3715 	 116522
  3715 	 120998
  3715 	 124177
  3715 	 119717
  3715 	  99213
  3715 	  96223
115258 	 127533
115258 	  91848
115258 	 101280
115258 	 130217
115258 	 125990
115258 	  75566
 69513 	  77148
 87759 	  59539
 87759 	 101892
 87759 	 120998
102995 	 106567
102995 	  97838
102995 	 127533
102995 	 114621
102995 	 131018
102995 	 101280
102995 	 110268
102995 	 103813
102995 	 101160
102995 	 122840
102995 	 129644
102995 	 124419
102995 	  16479
102995 	 130217
102995 	  97207
102995 	  91880
102995 	 111666
102995 	 125990
102995 	  99159
102995 	 122945
102995 	 119112
102995 	  93866
102995 	 117884
102995 	 124177
102995 	 124225
120346 	 117976
120346 	  96738
120346 	  72459
120346 	 118768
120346 	 117884
120346 	 128471
118432 	  76155
 82463 	 100617
 82463 	 126869
 82463 	  66388
 82463 	 118363
 82463 	  94602
115465 	 113027
115465 	 107458
107890 	 130665
107890 	 110571
107890 	 117951
107890 	 120998
107890 	 115258
 95790 	  95442
 95790 	 117951
 95790 	 118363
 95790 	 122251
 95790 	 122945
 95790 	   2524
 95350 	 118052
 95350 	 117976
 95350 	 127533
 95350 	  96738
 95350 	 103813
 95350 	  95603
 95350 	 102078
 95350 	 122251
 95350 	 125161
 95350 	  16479
 95350 	 130217
 95350 	 101673
 95350 	  93866
 95350 	 120346
 95350 	  95790
101486 	 100617
101486 	 113401
101486 	 118052
101486 	 110641
101486 	 100225
101486 	  95573
101486 	 127242
101486 	  99902
101486 	 129131
101486 	 101280
101486 	 103813
101486 	 127649
101486 	 101510
101486 	 119111
101486 	 100782
101486 	 128762
101486 	 118768
101486 	 102481
101486 	 110588
101486 	 117884
101486 	 101648
101486 	 127221
101486 	 124177
101486 	 124225
101486 	 120346
109399 	 117891
109399 	 117976
109399 	 127533
109399 	 101280
109399 	 101160
109399 	  63310
109399 	 102078
109399 	 119111
109399 	 129434
109399 	 130217
109399 	 125990
109399 	 118768
109399 	  99159
109399 	 122945
109399 	 101673
109399 	 120346
109399 	 101486
 86335 	 117976
 86335 	  95182
 86335 	 101280
 86335 	 102078
 86335 	 119111
 86335 	 122251
 86335 	 125990
 86335 	  99159
 86335 	 101673
 86335 	 120346
 86335 	 101486
 61797 	 106567
 61797 	  94927
 61797 	 110641
 61797 	 100225
 61797 	  95573
 61797 	 127533
 61797 	 110571
 61797 	 126626
 61797 	 101280
 61797 	  95603
 61797 	 130217
 61797 	 116522
 61797 	 125990
 61797 	 122600
 61797 	 127221
 61797 	 124225
 61797 	  99213
 61797 	 128471
 61797 	  96223
 61797 	 101809
 94015 	  66388
 94015 	  31490
 94005 	 109693
 94005 	  96738
 94005 	  70752
 94005 	 114379
 94005 	 110268
 94005 	 101160
 94005 	 102078
 94005 	 122840
 94005 	 117951
 94005 	 105970
 94005 	 101892
 94005 	 116522
 94005 	 128974
 94005 	 122945
 94005 	  99213
 94005 	  98469
 94005 	 118432
 94005 	 101809
 94005 	  95513
123976 	  31490
123976 	  93950
123976 	   2524
 18023 	   9595
 18023 	  65408
 18023 	   2622
 65978 	 113401
 65978 	  96511
 65978 	 117976
 65978 	 119680
 65978 	 100225
 65978 	  95573
 65978 	  91848
 65978 	 110268
 65978 	  95603
 65978 	 102078
 65978 	 122840
 65978 	  85890
 65978 	 101892
 65978 	 122251
 65978 	 116522
 65978 	  96012
 65978 	  73957
 65978 	 118768
 65978 	 128974
 65978 	 101365
 65978 	 101673
 65978 	  93866
 65978 	 120998
 65978 	 127221
 65978 	 124177
 65978 	 119717
 65978 	  99213
 65978 	  98469
 65978 	  69513
 65978 	 120346
 65978 	 101809
 65978 	  86335
 65978 	  61797
 65978 	  95513
129747 	 117976
129747 	  95573
129747 	  97838
129747 	 127533
129747 	 131018
129747 	 101280
129747 	 110268
129747 	 103813
129747 	 101160
129747 	  95603
129747 	 130217
129747 	  96012
129747 	 125990
129747 	  99159
129747 	  65192
129747 	 122945
129747 	 101673
129747 	  93866
129747 	  87759
129747 	  86335
129747 	 123976
129747 	 129747
 76438 	 102380
 76438 	 110641
 76438 	 126626
 76438 	 100909
 76438 	 104295
 76438 	  91637
 76438 	  36327
 76438 	 128762
 76438 	 118768
 76438 	 101749
 76438 	 115220
 76438 	 106697
 76438 	 128471
 76438 	 102995
 76438 	 101809
122891 	  88141
122891 	  15511
122891 	  16479
122891 	  76449
122891 	   2251
122891 	  74286
122891 	  76438
 79171 	 113401
 79171 	  96511
 79171 	 119680
 79171 	 100225
 79171 	 131018
 79171 	 101160
 79171 	 102078
 79171 	 105970
 79171 	 101892
 79171 	 107458
124881 	 125052
124881 	 127649
124881 	 130218
124881 	 102481
124881 	  98469
105523 	 128397
105523 	 107934
105523 	 124999
105523 	 103813
105523 	 102078
105523 	 129134
105523 	 119111
105523 	 101892
105523 	 115173
105523 	 120998
105523 	 110588
105523 	 117884
105523 	 127221
105523 	 124225
129421 	 119680
129421 	 101892
129421 	 116522
129421 	  96012
129421 	 118768
129421 	 119617
129421 	 120998
113610 	 117976
113610 	  90154
113610 	  95573
113610 	 127533
113610 	  91848
113610 	 126626
113610 	 101280
113610 	 103813
113610 	  95603
113610 	 130217
113610 	 125990
113610 	 118768
113610 	 101673
113610 	  93866
113610 	 128471
113610 	 123976
113610 	 129747
103091 	  90154
103091 	   5646
103091 	  69026
103091 	  74885
 67993 	 128397
 67993 	  80076
 67993 	 125052
 67993 	 124999
 67993 	 125161
 98991 	 113401
 98991 	  96511
 98991 	 117976
 98991 	 119680
 98991 	  95573
 98991 	 106302
 98991 	 109693
 98991 	 131018
 98991 	 110268
 98991 	 101160
 98991 	  95603
 98991 	 102078
 98991 	 119111
 98991 	 101544
 98991 	 101892
 98991 	 116522
 98991 	  96012
 98991 	  73957
 98991 	 118768
 98991 	 101365
 98991 	 120998
 98991 	  95781
 98991 	 124177
 98991 	 119717
 98991 	  99213
 98991 	 101486
 98991 	 101809
 98991 	 129421
 98991 	 103091
110898 	   5646
 93696 	  63310
 93696 	   3208
119884 	 113401
119884 	 118052
119884 	  96511
119884 	 117976
119884 	 119680
119884 	 100225
119884 	  95573
119884 	 109693
119884 	  88333
119884 	  70752
119884 	 130780
119884 	 131018
119884 	 110268
119884 	 101160
119884 	  95603
119884 	 122840
119884 	 105970
119884 	 131017
119884 	 101544
119884 	 101892
119884 	 122251
119884 	 116522
119884 	  96012
119884 	 118768
119884 	 101365
119884 	 107458
119884 	 101673
119884 	 120998
119884 	  99213
119884 	 120346
119884 	 101486
119884 	 101809
119884 	 129421
110974 	 110641
110974 	  80076
110974 	 126626
110974 	  62268
110974 	 128471
100744 	  99902
100744 	  65192
100744 	 122891
122171 	  92014
122171 	 100782
122171 	 101463
122171 	 101648
122171 	  98469
122171 	 101809
115883 	  92014
115883 	  66388
111227 	 109693
111227 	 127855
111227 	   4363
111227 	 129960
111227 	  85972
111227 	  36327
111227 	   2524
111227 	 103091
 52250 	 110641
 52250 	 100225
 52250 	 111407
 52250 	  67362
 52250 	 115173
 52250 	 124225
 52250 	 107890
121157 	  63310
121157 	  67672
116540 	 109693
116540 	  72459
116540 	 118363
116540 	  91637
116540 	  75566
  2268 	   7012
  2268 	 105815
126651 	  99159
126651 	 123976
 82242 	 102380
 82242 	 131018
113681 	   2986
113681 	 101160
113681 	  95442
113681 	 122840
113681 	  53106
113681 	  85142
113681 	  28201
113681 	    514
 62878 	 118052
 62878 	 127533
 62878 	 101280
 62878 	 103813
 62878 	 117951
 62878 	 122251
 62878 	 125161
 62878 	  16479
 62878 	 130217
 62878 	 125990
 62878 	 101673
 62878 	  93866
 62878 	 117884
 62878 	  86335
 62878 	  61797
 62878 	 129747
 62878 	 117950
 62878 	 110898
 62878 	 110974
100172 	 102380
100172 	 102481
100172 	  98991
108160 	  70752
108160 	 127649
 77586 	  97838
 77586 	  66388
 77586 	 122891
128300 	 106567
128300 	 102380
128300 	 130665
128300 	 127533
128300 	 110571
128300 	 107934
128300 	 131018
128300 	 101280
128300 	 110268
128300 	 103813
128300 	 101160
128300 	  85890
128300 	 129644
128300 	 115173
128300 	 128492
128300 	  16479
128300 	 130217
128300 	  97207
128300 	 111666
128300 	 125990
128300 	 110588
128300 	 122600
128300 	 117884
128300 	 127221
128300 	 124177
128300 	  95409
128300 	 124225
128300 	  99213
128300 	 126248
128300 	 118432
128300 	  86335
128300 	  61797
128300 	 123976
128300 	 129747
128300 	 117950
128300 	 129421
128300 	 113610
128300 	 103091
128300 	 110898
128300 	 110974
 50309 	 127533
 50309 	 101280
 50309 	 103813
 50309 	 101544
 50309 	 115173
 50309 	 130217
 50309 	 125990
 50309 	 101673
 50309 	 110588
 50309 	 127221
 50309 	 124177
 50309 	 124225
 50309 	 120346
 50309 	 129747
 50309 	 117950
 50309 	 110898
 50309 	 110974
 91740 	  63310
 91740 	  75641
 59944 	   3208
 80885 	  77153
 80885 	  69633
 80885 	  77148
 80885 	  65978
 66886 	 100617
 66886 	 117976
 66886 	 100225
 66886 	 130665
 66886 	 127533
 66886 	 110571
 66886 	  99902
 66886 	 101280
 66886 	 110268
 66886 	 102078
 66886 	 122840
 66886 	 131017
 66886 	 127451
 66886 	 130218
 66886 	  85972
 66886 	 130217
 66886 	  97207
 66886 	 116522
 66886 	 125990
 66886 	 129208
 66886 	 118768
 66886 	 101365
 66886 	 122945
 66886 	 107489
 66886 	 117884
 66886 	  99213
 66886 	  98469
 66886 	 115258
 66886 	 120346
 66886 	 101809
 66886 	 129747
 66886 	 110898
 66886 	 101850
 66886 	  91740
103733 	  79171
 74664 	 113401
 74664 	 100225
 74664 	 127533
 74664 	  99902
 74664 	 101280
 74664 	 103813
 74664 	 102078
 74664 	 119111
 74664 	 101892
 74664 	   2911
 74664 	 130217
 74664 	 116522
 74664 	 125990
 74664 	  98252
 74664 	  99159
 74664 	 102481
 74664 	 117884
106244 	 100617
106244 	 113401
106244 	 118052
106244 	 110641
106244 	 100225
106244 	  95573
106244 	 127242
106244 	  99902
106244 	 129131
106244 	 101280
106244 	 103813
106244 	 127649
106244 	 101510
106244 	 119111
106244 	 100782
106244 	 128762
106244 	 118768
106244 	 102481
106244 	 110588
106244 	 117884
106244 	 101648
106244 	 127221
106244 	 124177
106244 	 124225
106244 	 120346
106244 	 123976
106244 	 129747
106244 	 122891
106244 	 110898
106244 	 110974
106244 	 115883
106244 	 103733
100737 	 100617
100737 	 101486
100737 	 122891
108765 	 113401
108765 	 118052
108765 	 110641
108765 	  66388
108765 	 103813
108765 	  95603
108765 	 102078
108765 	 119111
108765 	 126216
108765 	 115173
108765 	 118768
108765 	 110588
108765 	 117884
108765 	 127221
108765 	 124225
108765 	  96223
108765 	 123976
108765 	 110898
108765 	 110974
119270 	 113401
119270 	  59539
119270 	 118052
119270 	 117976
119270 	 100225
119270 	  95573
119270 	 107934
119270 	  85890
119270 	 101892
119270 	 116522
119270 	 118768
119270 	  65192
119270 	 107458
119270 	 101673
119270 	  93866
119270 	  74885
119270 	  86335
126646 	 106567
126646 	 100617
126646 	  94927
126646 	 117891
126646 	 100225
126646 	 130665
126646 	 127533
126646 	 130780
126646 	 107934
126646 	 101280
126646 	 103813
126646 	 102078
126646 	 131017
126646 	 129644
126646 	 101544
126646 	 105815
126646 	 101892
126646 	 129434
126646 	 115173
126646 	 128492
126646 	 130217
126646 	 125839
126646 	 109370
126646 	 116522
126646 	 114673
126646 	 111666
126646 	 125990
126646 	 101365
126646 	 110588
126646 	 122600
126646 	 124477
126646 	  95409
126646 	 124225
126646 	  99213
126646 	  98469
126646 	 101486
126646 	 101809
126646 	  61797
126646 	 129747
126646 	 124881
126646 	 110898
126646 	 110974
126646 	 100172
126646 	  91740
126646 	 100737
126646 	 126646
108254 	 113401
108254 	  96511
108254 	 119680
108254 	 100225
108254 	  95573
108254 	 127533
108254 	 109693
108254 	  70752
108254 	 131018
108254 	 105970
108254 	 131017
108254 	 119111
108254 	 126216
108254 	 130217
108254 	  97207
108254 	 116522
108254 	  96012
108254 	 125990
108254 	 118768
108254 	 101365
108254 	  99159
108254 	 122945
108254 	 120998
108254 	 101850
103038 	 113401
103038 	 118052
103038 	 100225
103038 	 107934
103038 	 131018
103038 	 102078
103038 	 105970
103038 	 101892
103038 	 116522
103038 	 107458
126048 	 128397
126048 	 125052
126048 	 124999
126048 	   7012
126048 	  72459
126048 	 125161
 99548 	  95182
  7854 	  96738
  7854 	  94332
  7854 	 117951
  7854 	  99159
  7854 	 120998
  7854 	 129747
  7854 	 113610
126574 	  91848
126574 	  36327
126574 	  94005
126574 	  66563
 66058 	 113401
 66058 	 117976
 66058 	 100225
 66058 	  95573
 66058 	  96738
 66058 	  95603
 66058 	  31490
 66058 	 101892
 66058 	 118768
 66058 	 127221
 66058 	 124177
 66058 	  96223
 66058 	 101850
 66058 	 103733
127707 	 129960
127707 	 117213
 94837 	  80076
 94837 	  85402
 94837 	 101160
 94837 	 127649
 94837 	 122840
 94837 	  99213
 94837 	  98469
 94837 	 126974
 94837 	 123045
126274 	 113401
126274 	  96511
126274 	 119680
126274 	 100225
126274 	 106205
126274 	 119111
126274 	 101892
126274 	  96012
126274 	 107458
126274 	 120998
126274 	 120346
126274 	 108254
124069 	 107934
124069 	 131017
124069 	  58481
124069 	 101365
124069 	  93866
124069 	   7303
119890 	  79171
 41611 	 125052
 41611 	 124999
 41611 	   7012
 41611 	  31490
 41611 	 118768
 41611 	 110588
 41611 	 127221
 41611 	 124177
 41611 	 100142
 41611 	 124225
 41611 	 120346
 41611 	 101850
 41611 	 103733
 41611 	 103038
127382 	   5646
127382 	  31490
127382 	 102503
127382 	  99477
127382 	  99455
127382 	 102481
127382 	  77148
127382 	 118234
 60615 	 122891
103084 	  66388
103084 	 101463
130419 	  39079
130419 	  75566
130419 	 124477
130419 	 103733
 68575 	 106567
 68575 	 117976
 68575 	 100225
 68575 	 106302
 68575 	 127533
 68575 	 101280
 68575 	 103813
 68575 	 129644
 68575 	 101892
 68575 	 115173
 68575 	 130217
 68575 	 111666
 68575 	 125990
 68575 	 101365
 68575 	  99159
 68575 	 122945
 68575 	 110588
 68575 	 117884
 68575 	 124225
 68575 	  99213
 68575 	  98469
 68575 	  95350
 68575 	 101486
 68575 	 101809
 68575 	  61797
 68575 	 129747
 68575 	 110898
 68575 	 110974
 68575 	 106244
 68575 	 100737
 68575 	 119270
 68575 	 108254
 68575 	 126048
 68575 	 124069
117924 	  79171
 62617 	 100225
 62617 	  95573
 62617 	  96738
 62617 	 125052
 62617 	 124999
 62617 	  95603
 62617 	   7012
 62617 	 129859
 62617 	 127451
 62617 	 101544
 62617 	 117884
 62617 	 119717
 62617 	  95790
 62617 	 123976
 62617 	 117950
 62617 	 118234
 62617 	  92509
128707 	 102278
128707 	  31490
128707 	  94602
126992 	 106567
126992 	  94927
126992 	 117891
126992 	 130665
126992 	 110571
126992 	  99902
126992 	  96738
126992 	 103813
126992 	 117951
126992 	 129434
126992 	 115173
126992 	 128492
126992 	  97207
126992 	 118768
126992 	 120998
126992 	 110588
126992 	 122600
126992 	 115258
126992 	 120346
126992 	 101486
126992 	 101809
126992 	 117950
126992 	 103091
126992 	 110898
126992 	 110974
126992 	 101850
126992 	 100737
126992 	 126646
126992 	 103038
126992 	 127707
126992 	 127382
126992 	 128707
 96495 	  58416
 96495 	  98991
 96495 	  77586
 51984 	 107489
105872 	 117976
105872 	  90154
105872 	 125990
105872 	 101850
101248 	 101486
101248 	 122891
124765 	  96511
124765 	 100225
124765 	  95573
124765 	 106302
124765 	 127533
124765 	 101280
124765 	  95603
124765 	 130218
124765 	 129644
124765 	 124419
124765 	 130217
124765 	 125839
124765 	  96012
124765 	 111666
124765 	 125990
124765 	 124477
124765 	 127221
124765 	  95781
124765 	  95409
124765 	 124225
124765 	 119685
124765 	  96223
124765 	 126248
124765 	 123976
124765 	 129747
124765 	 124881
124765 	 113610
124765 	 106244
124765 	 126048
124765 	 124069
 95929 	  92014
 95929 	  70752
 95929 	 126721
 95929 	 126216
 95929 	 115883
 97187 	  67846
 76123 	 117976
 76123 	 130780
 76123 	 131017
 76123 	 127451
 76123 	 130218
 76123 	 109370
 76123 	  93866
 76123 	 120998
 76123 	 110588
 76123 	   7303
 76123 	  91740
 76123 	 127382
 76123 	 128707
 66016 	  65192
 66016 	  60615
102704 	 118768
131601 	  97838
131601 	 122891
111569 	  92014
111569 	  66388
111569 	  70752
111569 	 126721
111569 	 129960
111569 	 115883
101342 	  99902
 68241 	 113401
 68241 	 118052
 68241 	 117976
 68241 	 110641
 68241 	  95573
 68241 	 127533
 68241 	  95603
 68241 	 115173
 68241 	 122251
 68241 	 130217
 68241 	 116522
 68241 	 118768
 68241 	 101673
 68241 	 110588
 68241 	 119717
 68241 	 124225
 68241 	 128471
 68241 	  96223
 68241 	 120346
 68241 	  86335
 68241 	  61797
 68241 	 123976
 68241 	 108254
 68241 	 103038
 68241 	 117924
 68241 	  96495
 68241 	  95929
 86570 	 100617
 86570 	 110641
 86570 	  95573
 86570 	 127533
 86570 	  99902
 86570 	 129131
 86570 	 101280
 86570 	 103813
 86570 	 102078
 86570 	 101510
 86570 	 119111
 86570 	 118363
 86570 	 130217
 86570 	 116522
 86570 	 125990
 86570 	 102481
 86570 	 110588
 86570 	 117884
 86570 	 127221
 86570 	 124225
 86570 	  96223
 86570 	 123976
 86570 	 129747
 86570 	 126974
 86570 	 115883
 86570 	 101850
 86570 	 103733
 86570 	 108254
 86570 	 103038
 86570 	 126274
 86570 	 117924
 97422 	 113401
 97422 	 100225
 97422 	 127533
 97422 	 109693
 97422 	 107934
 97422 	 131018
 97422 	 102078
 97422 	 105970
 97422 	 101892
 97422 	 130217
 97422 	 125990
 97422 	  99159
 97422 	 107458
 97422 	 108254
 97422 	  68575
 97422 	  95929
 97422 	 102704
113690 	  94927
113690 	 118052
113690 	 117891
113690 	 117976
113690 	  97838
113690 	 126626
113690 	 103813
113690 	  31490
113690 	  99477
113690 	  72459
113690 	 129434
113690 	 128492
113690 	 110898
113690 	 110974
113690 	 123022
113690 	 101850
113690 	 126646
 94367 	 100617
 94367 	 117891
 94367 	 130665
 94367 	 127533
 94367 	 110571
 94367 	 109693
 94367 	  99902
 94367 	  88333
 94367 	   8980
 94367 	 101280
 94367 	 110268
 94367 	 103813
 94367 	 101160
 94367 	  91926
 94367 	 122840
 94367 	 129434
 94367 	 128492
 94367 	  97207
 94367 	 116522
 94367 	 125990
 94367 	 122945
 94367 	 120998
 94367 	 110588
 94367 	 122600
 94367 	 117884
 94367 	  99213
 94367 	 115258
 94367 	 101809
 94367 	 129747
 94367 	 110898
 94367 	 110974
 94367 	 100737
 94367 	 126646
 94367 	 103038
 94367 	 127707
 94367 	 127382
108883 	  94927
108883 	 117891
108883 	   5543
108883 	 126040
108883 	  66388
108883 	 129131
108883 	 126721
108883 	 102278
108883 	 130986
108883 	 129434
108883 	 115173
108883 	 124419
108883 	 128492
108883 	 128762
108883 	 118768
108883 	 120998
108883 	 110588
108883 	 127221
108883 	 124177
108883 	 124225
108883 	 124881
108883 	 126974
108883 	 100744
108883 	 101850
108883 	 103733
108883 	 126646
108883 	 128707
108883 	  96495
108883 	  66016
108883 	 108883
128822 	 127102
128822 	 130387
128822 	  80076
128822 	   5543
128822 	 128844
128822 	  66388
128822 	  70752
128822 	 130983
128822 	 102278
128822 	  72459
128822 	 129960
128822 	 102481
128822 	 101809
128822 	 122891
128822 	 115883
128822 	  77586
128822 	 100737
128822 	 126274
128822 	 126992
128975 	 113401
128975 	  95573
128975 	  76155
128975 	 101160
128975 	  95603
128975 	 102078
128975 	 119111
128975 	 101544
128975 	 101892
128975 	 116522
128975 	 118768
128975 	 107458
128975 	 120998
128975 	 127221
128975 	 124177
128975 	 119717
128975 	  96223
128975 	 123045
128975 	 101850
128975 	 103733
128975 	 108254
128975 	 117924
128975 	  96495
128975 	 108883
123702 	 100617
123702 	 113401
123702 	 127533
123702 	 101280
123702 	 103813
123702 	  95603
123702 	 117951
123702 	 119111
123702 	 101544
123702 	 130986
123702 	 115173
123702 	 130217
123702 	 101463
123702 	 125990
123702 	 110588
123702 	 119717
123702 	 124225
123702 	  96223
123702 	  95790
123702 	 129747
123702 	 117950
123702 	 110898
123702 	 110974
123702 	 115883
123702 	 126274
123702 	  96495
123702 	  97187
123702 	 101342
102759 	 100617
102759 	  99902
102759 	 129131
126225 	  96738
126225 	  95603
126225 	 117951
126225 	 101544
126225 	 117884
126225 	  95790
126225 	 117950
113068 	 118052
113068 	  96511
113068 	 106205
113068 	 127533
113068 	  99902
113068 	 101280
113068 	 103813
113068 	 119111
113068 	   2911
113068 	 130217
113068 	 116522
113068 	 125990
113068 	  98252
113068 	 118768
113068 	  99159
113068 	 102481
113068 	 120998
113068 	 117884
113068 	 129747
113068 	 110898
113068 	 113681
113068 	 101850
113068 	 102704
 76053 	  94908
 76053 	  94927
 76053 	 117891
 76053 	  99902
 76053 	  90147
 76053 	 102503
 76053 	  99477
 76053 	 129434
 76053 	 128492
 76053 	 124080
 76053 	  99159
 76053 	  99455
 76053 	 103677
 76053 	  90137
 76053 	 118234
 76053 	 126646
 76053 	 102704
 90406 	  97838
 90406 	 122891
117793 	 102380
117793 	 127242
117793 	 126040
117793 	 107934
117793 	 101510
117793 	 127855
117793 	   4363
117793 	 129960
117793 	  96012
117793 	 107458
117793 	 127382
117793 	 128707
125108 	 117976
125108 	 109693
125108 	  91848
125108 	 103813
125108 	 102078
125108 	 105970
125108 	 119111
125108 	 101544
125108 	 118363
125108 	  91637
125108 	 125161
125108 	 118768
125108 	 101673
125108 	  93866
125108 	 120998
125108 	 110588
125108 	   2251
125108 	  75566
125108 	 117884
125108 	 120346
125108 	  86335
125108 	  61797
125108 	 123976
125108 	 117950
125108 	 110898
125108 	  75661
125108 	 101850
125108 	 103038
125108 	 108883
125108 	 128822
117490 	 129131
117490 	  95350
117344 	 101510
117344 	  91637
117344 	  73957
117344 	  95350
117344 	 101809
117344 	 115883
117344 	 100737
 97464 	  65887
 97464 	  70788
 69636 	 113401
 69636 	 118052
 69636 	 100225
 69636 	 110268
 69636 	 101160
 69636 	 102078
 69636 	 105970
 69636 	 101892
 69636 	  97207
 69636 	 116522
 69636 	 118768
 69636 	 128974
 69636 	 101365
 69636 	 122945
 69636 	 107458
 69636 	 107489
 69636 	  99213
 69636 	 120346
 69636 	  95513
 69636 	 129421
 69636 	 121157
 69636 	  91740
 69636 	 119270
 69636 	 108254
 69636 	 127382
 69636 	  95929
 69636 	 124365
 69636 	  97422
 69636 	 128822
 69636 	 102759
 69636 	 117490
113639 	  65408
113639 	  85402
113639 	   5646
113639 	  85890
113639 	  95336
113639 	  10274
113639 	  70314
113639 	  58883
113639 	  31394
 52076 	  10217
 73555 	  92014
 94032 	 117976
 94032 	 110641
 94032 	 100225
 94032 	  95573
 94032 	  95603
 94032 	 122251
 94032 	 116522
 94032 	 118768
 94032 	  65192
 94032 	 101673
 94032 	 127221
 94032 	 124177
 94032 	  74885
 94032 	 119717
 94032 	  96223
 94032 	 120346
 94032 	  95790
 94032 	  86335
 94032 	  61797
 94032 	 117950
 94032 	  92509
 94032 	 103733
 94032 	 103038
 94032 	 117924
 94032 	  96495
 94032 	 108883
 94032 	  90406
 98993 	 126869
 98993 	 126040
 98993 	 106205
 98993 	  66388
 98993 	 107934
 98993 	  95442
 98993 	 127855
 98993 	 100782
 98993 	 130986
 98993 	 128762
 98993 	  92527
 98993 	 101648
 98993 	 122891
 98993 	  98991
 98993 	 123022
 98993 	 115883
 98993 	 103973
 98993 	 123045
 98993 	 126274
 98993 	 117344
 98993 	  97464
 50841 	 117976
 50841 	  66388
 50841 	 126721
 50841 	 129960
 50841 	  62268
 91849 	 119680
 91849 	  95573
 91849 	 127533
 91849 	 131018
 91849 	 101280
 91849 	 103813
 91849 	 101160
 91849 	  95603
 91849 	 126216
 91849 	 130217
 91849 	  96012
 91849 	 125990
 91849 	 118768
 91849 	  99159
 91849 	 122945
 91849 	 119617
 91849 	  93866
 91849 	 127221
 91849 	  95790
 91849 	 123976
 91849 	 129747
 91849 	 110898
 91849 	 110974
 91849 	 100172
 91849 	 101850
 91849 	 103733
 91849 	 126574
 91849 	 128707
 91849 	  96495
 91849 	 123702
 91849 	 102759
 91849 	 113068
 91849 	 117490
 91849 	  98993
117925 	 114259
107802 	  92865
107802 	  97207
107802 	 101365
107802 	 100172
103602 	 108127
119808 	 106302
119808 	  92250
119808 	 127855
119808 	 105815
119808 	 129960
119808 	  97207
119808 	 129208
119808 	  95781
119808 	 126974
119808 	 129421
119808 	 126651
119808 	 106244
119808 	 127382
119808 	 128707
119808 	 126225
125120 	 113401
125120 	  96511
125120 	 119680
125120 	 100225
125120 	  95573
125120 	 109693
125120 	  70752
125120 	 107934
125120 	 131018
125120 	 110268
125120 	 101160
125120 	  95603
125120 	 102078
125120 	 122840
125120 	 105970
125120 	 119111
125120 	 116522
125120 	  96012
125120 	 101365
125120 	 107458
125120 	 129421
125120 	 121157
125120 	 101850
125120 	  91740
125120 	 108254
125120 	 117924
125120 	  96495
125120 	 124365
125120 	 128822
101626 	 127102
101626 	 128822
101626 	 128975
129161 	 107934
 31821 	 130780
 31821 	 125052
 31821 	  97207
 31821 	 101365
 31821 	 127382
 31821 	 128707
 98813 	  91848
 98813 	 101160
 98813 	   5646
 98813 	 122840
 98813 	 123045
 98813 	 117490
 61674 	 107890
121983 	  97838
121983 	 131018
121983 	 126721
121983 	 128471
125231 	  95573
125231 	 127855
125231 	 103038
 92153 	 129208
 92153 	 103733
 95496 	 109693
 95496 	 101892
 95496 	  99213
 95496 	  98469
 95496 	 119270
 95496 	  97422
 92477 	  70788
 66612 	 100617
 66612 	 113401
 66612 	 117976
 66612 	 110641
 66612 	 100225
 66612 	  95573
 66612 	  80076
 66612 	  66388
 66612 	 127533
 66612 	 101280
 66612 	 103813
 66612 	 101510
 66612 	 127855
 66612 	 119111
 66612 	 118363
 66612 	 129960
 66612 	 115173
 66612 	 122251
 66612 	 130217
 66612 	 128762
 66612 	 125990
 66612 	  93866
 66612 	 110588
 66612 	 117884
 66612 	 127221
 66612 	 124177
 66612 	 124225
 66612 	  96223
 66612 	 123976
 66612 	 129747
 66612 	 122891
 66612 	 126974
 66612 	 110898
 66612 	 110974
 66612 	 103733
 66612 	 108254
 66612 	 103038
 66612 	 126274
 66612 	 117924
 66612 	  95929
 66612 	 108883
 66612 	 113639
 66612 	  92477
 97373 	 113401
 97373 	 118052
 97373 	 100225
 97373 	 109693
 97373 	  70752
 97373 	 130780
 97373 	 107934
 97373 	 110268
 97373 	 101160
 97373 	 102078
 97373 	 111407
 97373 	 122840
 97373 	 131017
 97373 	 119111
 97373 	 101892
 97373 	 122251
 97373 	 116522
 97373 	 118768
 97373 	 128974
 97373 	 101365
 97373 	 122945
 97373 	 107458
 97373 	  99213
 97373 	  98469
 97373 	 101809
 97373 	  95513
 97373 	 129421
 97373 	 121157
 97373 	 101850
 97373 	  91740
 97373 	 100737
 97373 	 119270
 97373 	 108254
 97373 	 117924
 97373 	  95929
 97373 	 124365
 97373 	  97422
 97373 	 128822
 97373 	 102759
 97373 	 117490
 97373 	  97373
124281 	 100617
124281 	  96511
124281 	  99902
124281 	 126721
124281 	 102503
124281 	  99477
124281 	 129960
124281 	   2911
124281 	  99455
 96106 	  92014
 96106 	 100225
 96106 	  52768
 96106 	 129131
 96106 	 114379
 96106 	 117884
 96106 	 115258
 96106 	 123976
 64212 	  95182
116362 	 118052
116362 	   8980
116362 	 127649
116362 	 127855
116362 	 129960
116362 	 126216
116362 	   2524
116362 	 128975
116362 	  91849
105591 	 100617
105591 	  97838
105591 	 122891
128928 	 130780
128928 	 100142
128928 	 100744
128928 	 127382
128928 	 128822
128928 	  98813
128079 	 100617
128079 	 117891
128079 	 106302
128079 	  99902
128079 	 101280
128079 	 102078
128079 	 131017
128079 	 128492
128079 	 125990
128079 	  99159
128079 	 122600
128079 	  99213
128079 	  98469
128079 	  95350
128079 	 101486
128079 	 110974
128079 	 100172
128079 	 106244
128079 	 119270
128079 	 103038
128079 	 124365
128079 	  97422
128079 	  94367
128079 	  98993
128079 	  97373
 88019 	 100225
 88019 	  95573
 88019 	 127533
 88019 	  96738
 88019 	 131018
 88019 	 101280
 88019 	 101160
 88019 	  95603
 88019 	  31490
 88019 	 130217
 88019 	  96012
 88019 	 125990
 88019 	 118768
 88019 	 122945
 88019 	 119617
 88019 	  93866
 88019 	 119717
 88019 	  95790
 88019 	 123976
 88019 	 129747
 88019 	 101850
 88019 	 126574
 88019 	 128707
 88019 	  96495
 88019 	 102759
 88019 	 117490
118243 	 122891
112063 	  96511
112063 	 117976
112063 	 119680
112063 	 100225
112063 	  95573
112063 	 106302
112063 	 130780
112063 	  91848
112063 	 107934
112063 	 110268
112063 	 102078
112063 	 122840
112063 	 131017
112063 	  85890
112063 	 101544
112063 	 124419
112063 	 122251
112063 	 125839
112063 	 116522
112063 	  73957
112063 	 118768
112063 	 128974
112063 	 101365
112063 	 101673
112063 	  93866
112063 	 120998
112063 	 122600
112063 	 124477
112063 	 127221
112063 	  95781
112063 	 124177
112063 	  95409
112063 	  99213
112063 	  98469
112063 	 119685
112063 	  69513
112063 	 126248
112063 	 120346
112063 	  86335
112063 	  61797
112063 	  95513
112063 	 123976
112063 	 117950
112063 	 124881
112063 	 103091
112063 	 100172
112063 	 101850
112063 	 103733
112063 	 106244
112063 	 108254
112063 	 103038
112063 	 117924
112063 	  95929
112063 	  66016
112063 	  97422
112063 	 113690
112063 	  95748
112063 	 113639
112063 	 117925
112063 	  97373
112063 	 118243
100687 	 117976
100687 	 102278
100687 	   7012
100687 	 117081
100687 	 101673
100687 	 124177
100687 	 100142
100687 	 120346
100687 	 108883
100687 	 128975
100687 	  98813
123347 	  80370
123347 	 127533
123347 	 101160
123347 	   5646
123347 	 122840
123347 	  67846
123347 	  53106
123347 	  43129
123347 	  28201
123347 	 123045
123347 	 117490
105144 	 107934
105144 	 124999
105144 	   7012
105144 	  31490
105144 	 118768
105144 	 127221
105144 	 124177
105144 	 120346
105144 	 101850
105144 	 103733
105144 	  96495
105144 	  66016
105144 	 125108
105144 	 113639
105144 	 125120
130531 	  10217
130531 	  65887
 69502 	 110641
 69502 	 111407
 69502 	 115173
 69502 	 110588
 69502 	 124225
 69502 	 110974
 69502 	 103038
 69502 	 101626
 69502 	 124281
 92655 	  99902
 92655 	  58632
 92655 	  58416
 92655 	  18023
 92655 	 101342
 92655 	  97464
  8991 	 101160
  8991 	  95442
  8991 	 122840
  8991 	  75641
  8991 	  91637
  8991 	  58416
  8991 	  65978
  8991 	 123045
  8991 	 117490
  8991 	  52076
  8991 	   8991
 66646 	 130218
  3476 	 123976
  3476 	 117950
113084 	 113401
113084 	 118052
113084 	  96511
113084 	 117976
113084 	 119680
113084 	 100225
113084 	  95573
113084 	 109693
113084 	  70752
113084 	   8980
113084 	 131018
113084 	 101160
113084 	  95603
113084 	  91926
113084 	 102078
113084 	 111407
113084 	 105970
113084 	 131017
113084 	 119111
113084 	 126216
113084 	 130217
113084 	  97207
113084 	 116522
113084 	  96012
113084 	  73957
113084 	 101365
113084 	  99159
113084 	 122945
113084 	 120998
113084 	 129421
113084 	 101850
113084 	  96495
113084 	 124365
113084 	 117490
113084 	  98993
113084 	 117925
113084 	  92153
113084 	 100687
113084 	  92655
 98306 	 117891
 98306 	 127533
 98306 	 101280
 98306 	 103813
 98306 	 101160
 98306 	 102078
 98306 	 101544
 98306 	 129434
 98306 	 122251
 98306 	  16479
 98306 	 130217
 98306 	 125990
 98306 	  99159
 98306 	 122945
 98306 	  93866
 98306 	 118432
 98306 	  61797
 98306 	 129747
 98306 	 126646
 98306 	 117924
 98306 	 101248
 98306 	  66016
 98306 	 124365
 98306 	 117490
 98306 	  98993
 98306 	 117925
 98306 	 130833
 87194 	  97838
 87194 	  66388
 87194 	 122891
